## htsjdk.samtools.metrics.StringHeader
# CollectInsertSizeMetrics HISTOGRAM_FILE=/home/dnaase/startup/data/public_cfdna/sun2019gr/TBR924/TBR924.hg19.insert_size_histogram.pdf INPUT=/home/dnaase/startup/data/public_cfdna/sun2019gr/TBR924/TBR924.hg19.mdups.bam OUTPUT=/home/dnaase/startup/data/public_cfdna/sun2019gr/TBR924/TBR924.hg19.insert_size_metrics.txt    DEVIATIONS=10.0 MINIMUM_PCT=0.05 METRIC_ACCUMULATION_LEVEL=[ALL_READS] INCLUDE_DUPLICATES=false ASSUME_SORTED=true STOP_AFTER=0 VERBOSITY=INFO QUIET=false VALIDATION_STRINGENCY=STRICT COMPRESSION_LEVEL=5 MAX_RECORDS_IN_RAM=500000 CREATE_INDEX=false CREATE_MD5_FILE=false GA4GH_CLIENT_SECRETS=client_secrets.json USE_JDK_DEFLATER=false USE_JDK_INFLATER=false
## htsjdk.samtools.metrics.StringHeader
# Started on: Tue Dec 31 18:40:17 EST 2019

## METRICS CLASS	picard.analysis.InsertSizeMetrics
MEDIAN_INSERT_SIZE	MODE_INSERT_SIZE	MEDIAN_ABSOLUTE_DEVIATION	MIN_INSERT_SIZE	MAX_INSERT_SIZE	MEAN_INSERT_SIZE	STANDARD_DEVIATION	READ_PAIRS	PAIR_ORIENTATION	WIDTH_OF_10_PERCENT	WIDTH_OF_20_PERCENT	WIDTH_OF_30_PERCENT	WIDTH_OF_40_PERCENT	WIDTH_OF_50_PERCENT	WIDTH_OF_60_PERCENT	WIDTH_OF_70_PERCENT	WIDTH_OF_80_PERCENT	WIDTH_OF_90_PERCENT	WIDTH_OF_95_PERCENT	WIDTH_OF_99_PERCENT	SAMPLE	LIBRARY	READ_GROUP
136	20	29	2	248297218	120.537349	55.800648	38192869	FR	11	23	35	47	59	73	97	169	229	233	243			

## HISTOGRAM	java.lang.Integer
insert_size	All_Reads.fr_count
2	1065
3	1180
4	1559
5	1771
6	2344
7	2465
8	3197
9	3977
10	4398
11	4821
12	5582
13	6129
14	7675
15	7587
16	8994
17	9361
18	12303
19	940485
20	1207092
21	1141997
22	852808
23	552925
24	352282
25	238371
26	185371
27	135753
28	105747
29	96662
30	79721
31	80063
32	74569
33	70405
34	65881
35	61477
36	55823
37	53823
38	50737
39	47590
40	45224
41	42022
42	41186
43	43064
44	42174
45	44572
46	43499
47	47584
48	45872
49	44494
50	41153
51	41236
52	39800
53	44735
54	42208
55	42548
56	43598
57	41905
58	42789
59	44887
60	45236
61	48566
62	49224
63	50572
64	52803
65	53037
66	50951
67	52995
68	54888
69	56567
70	58408
71	60909
72	59764
73	61083
74	67300
75	69313
76	67353
77	69407
78	71437
79	76010
80	78767
81	81504
82	78361
83	79042
84	78852
85	81369
86	83672
87	88609
88	93156
89	96695
90	101854
91	107733
92	107261
93	105055
94	108545
95	109161
96	111308
97	113530
98	119675
99	125672
100	133470
101	137986
102	141305
103	146654
104	149949
105	153898
106	159188
107	166814
108	171716
109	189134
110	194167
111	201066
112	199230
113	202827
114	208224
115	208156
116	218757
117	229278
118	241403
119	252420
120	259327
121	274550
122	275934
123	272323
124	270340
125	271145
126	272864
127	277014
128	283825
129	296789
130	314387
131	324178
132	344929
133	346821
134	348197
135	344134
136	346007
137	351423
138	363301
139	372923
140	381070
141	390749
142	386776
143	388478
144	389477
145	389893
146	394248
147	397112
148	404148
149	412766
150	413464
151	413573
152	415398
153	409786
154	403400
155	404642
156	409469
157	416521
158	427145
159	433011
160	435133
161	435760
162	432985
163	433755
164	442136
165	444059
166	433721
167	413967
168	388567
169	367226
170	340422
171	318122
172	299398
173	283316
174	271529
175	259896
176	244081
177	225821
178	206247
179	186883
180	170432
181	155580
182	139189
183	128010
184	120601
185	113940
186	106649
187	100083
188	93688
189	87542
190	80014
191	73399
192	68162
193	62440
194	58650
195	54894
196	52339
197	50913
198	45438
199	43324
200	40641
201	38160
202	34195
203	32063
204	30790
205	28153
206	24545
207	23370
208	21835
209	20798
210	19255
211	18115
212	17184
213	16068
214	15371
215	14175
216	13252
217	12600
218	12327
219	11952
220	11342
221	10643
222	10302
223	9847
224	9110
225	7670
226	7457
227	7192
228	6895
229	6672
230	6635
231	6281
232	5995
233	5909
234	6060
235	5684
236	5521
237	5390
238	5397
239	5436
240	4845
241	4923
242	4652
243	4733
244	4892
245	4483
246	4873
247	4411
248	4662
249	4816
250	4591
251	4486
252	4638
253	4752
254	4362
255	4147
256	4073
257	4131
258	4744
259	4425
260	4341
261	4253
262	4680
263	4709
264	5061
265	4777
266	4737
267	4451
268	4364
269	4513
270	4382
271	4615
272	4775
273	4775
274	4875
275	5088
276	5235
277	5290
278	5668
279	5314
280	5364
281	5774
282	6144
283	6210
284	6522
285	6472
286	7801
287	8549
288	10251
289	8346
290	8042
291	19716
292	8776
293	2331
294	4735
295	2996
296	770
297	720
298	739
299	861
300	817
301	823
302	881
303	836
304	884
305	888
306	947
307	968
308	976
309	962
310	978
311	989
312	1023
313	963
314	1038
315	1025
316	975
317	957
318	963
319	926
320	967
321	1035
322	916
323	973
324	920
325	931
326	916
327	905
328	817
329	895
330	839
331	835
332	852
333	825
334	815
335	832
336	810
337	672
338	742
339	731
340	728
341	695
342	687
343	627
344	622
345	638
346	599
347	616
348	607
349	585
350	588
351	553
352	512
353	572
354	512
355	510
356	520
357	458
358	468
359	441
360	428
361	458
362	365
363	393
364	393
365	388
366	341
367	351
368	324
369	328
370	290
371	299
372	284
373	274
374	281
375	255
376	215
377	239
378	223
379	226
380	183
381	191
382	187
383	172
384	172
385	153
386	133
387	148
388	161
389	127
390	109
391	104
392	117
393	108
394	91
395	99
396	82
397	85
398	73
399	74
400	87
401	80
402	73
403	66
404	62
405	49
406	48
407	46
408	45
409	59
410	47
411	33
412	55
413	39
414	34
415	32
416	31
417	35
418	39
419	28
420	36
421	24
422	21
423	32
424	27
425	34
426	21

