## htsjdk.samtools.metrics.StringHeader
# CollectInsertSizeMetrics HISTOGRAM_FILE=/home/dnaase/startup/data/public_cfdna/jiang2015pnas/C356/C356.hg19.insert_size_histogram.pdf INPUT=/home/dnaase/startup/data/public_cfdna/jiang2015pnas/C356/C356.hg19.mdups.bam OUTPUT=/home/dnaase/startup/data/public_cfdna/jiang2015pnas/C356/C356.hg19.insert_size_metrics.txt    DEVIATIONS=10.0 MINIMUM_PCT=0.05 METRIC_ACCUMULATION_LEVEL=[ALL_READS] INCLUDE_DUPLICATES=false ASSUME_SORTED=true STOP_AFTER=0 VERBOSITY=INFO QUIET=false VALIDATION_STRINGENCY=STRICT COMPRESSION_LEVEL=5 MAX_RECORDS_IN_RAM=500000 CREATE_INDEX=false CREATE_MD5_FILE=false GA4GH_CLIENT_SECRETS=client_secrets.json USE_JDK_DEFLATER=false USE_JDK_INFLATER=false
## htsjdk.samtools.metrics.StringHeader
# Started on: Tue Dec 31 12:18:01 EST 2019

## METRICS CLASS	picard.analysis.InsertSizeMetrics
MEDIAN_INSERT_SIZE	MODE_INSERT_SIZE	MEDIAN_ABSOLUTE_DEVIATION	MIN_INSERT_SIZE	MAX_INSERT_SIZE	MEAN_INSERT_SIZE	STANDARD_DEVIATION	READ_PAIRS	PAIR_ORIENTATION	WIDTH_OF_10_PERCENT	WIDTH_OF_20_PERCENT	WIDTH_OF_30_PERCENT	WIDTH_OF_40_PERCENT	WIDTH_OF_50_PERCENT	WIDTH_OF_60_PERCENT	WIDTH_OF_70_PERCENT	WIDTH_OF_80_PERCENT	WIDTH_OF_90_PERCENT	WIDTH_OF_95_PERCENT	WIDTH_OF_99_PERCENT	SAMPLE	LIBRARY	READ_GROUP
172	167	11	2	243142575	172.112826	19.849056	29140968	FR	5	9	13	17	23	31	41	55	93	299	467			

## HISTOGRAM	java.lang.Integer
insert_size	All_Reads.fr_count
2	32
3	26
4	29
5	27
6	26
7	19
8	27
9	30
10	36
11	25
12	30
13	25
14	33
15	26
16	29
17	25
18	33
19	26
20	28
21	33
22	24
23	25
24	33
25	30
26	38
27	22
28	30
29	38
30	21
31	23
32	25
33	42
34	31
35	30
36	29
37	27
38	39
39	24
40	29
41	26
42	27
43	30
44	33
45	34
46	24
47	31
48	40
49	34
50	33
51	33
52	44
53	45
54	35
55	46
56	30
57	40
58	40
59	36
60	33
61	37
62	42
63	51
64	46
65	45
66	34
67	49
68	56
69	52
70	58
71	59
72	62
73	65
74	713
75	742
76	854
77	937
78	1133
79	1365
80	1745
81	1724
82	1379
83	1118
84	1022
85	1074
86	1221
87	1276
88	1486
89	1964
90	2480
91	3359
92	3187
93	2592
94	2602
95	2531
96	2685
97	3131
98	3774
99	4392
100	4950
101	5236
102	5224
103	5354
104	4977
105	4890
106	5026
107	5582
108	6486
109	7336
110	8373
111	9358
112	9391
113	7941
114	7538
115	8009
116	8472
117	9267
118	10832
119	12700
120	15913
121	20780
122	25062
123	24169
124	18940
125	15504
126	15395
127	16882
128	19840
129	23609
130	30457
131	40240
132	54085
133	67322
134	69761
135	62194
136	57609
137	62551
138	77177
139	99419
140	126703
141	147335
142	155055
143	154629
144	156888
145	159276
146	161249
147	168446
148	185122
149	207705
150	232934
151	261520
152	286523
153	289061
154	279295
155	281088
156	302135
157	341552
158	390632
159	444250
160	492041
161	524449
162	556867
163	614145
164	695402
165	765961
166	797639
167	798697
168	787464
169	769172
170	743448
171	713742
172	687343
173	675672
174	668718
175	659695
176	645647
177	619127
178	585168
179	547576
180	511423
181	473936
182	441785
183	412662
184	389615
185	369309
186	351423
187	336752
188	321859
189	304610
190	284655
191	263904
192	243417
193	223391
194	206077
195	190719
196	177933
197	168333
198	160432
199	151497
200	143425
201	133552
202	123766
203	114408
204	105502
205	95293
206	87836
207	81607
208	76628
209	72483
210	68105
211	63128
212	58974
213	54784
214	49883
215	45483
216	41486
217	38063
218	35588
219	33239
220	31369
221	29081
222	27256
223	24398
224	22747
225	20639
226	19280
227	17683
228	16343
229	15365
230	13979
231	13062
232	12254
233	11516
234	10761
235	9895
236	8874
237	8419
238	7895
239	7438
240	7256
241	6910
242	6356
243	5988
244	5837
245	5470
246	5291
247	5016
248	4685
249	4445
250	4358
251	4132
252	4191
253	4122
254	4504
255	3630
256	3338
257	3290
258	3424
259	2995
260	2874
261	2883
262	2904
263	2962
264	2907
265	2932
266	2915
267	2848
268	2867
269	2852
270	2986
271	3029
272	3166
273	3267
274	3251
275	3308
276	3252
277	3402
278	3439
279	3663
280	4149
281	4574
282	4877

