## htsjdk.samtools.metrics.StringHeader
# CollectInsertSizeMetrics HISTOGRAM_FILE=/home/dnaase/startup/data/public_cfdna/jiang2015pnas/C325/C325.hg19.insert_size_histogram.pdf INPUT=/home/dnaase/startup/data/public_cfdna/jiang2015pnas/C325/C325.hg19.mdups.bam OUTPUT=/home/dnaase/startup/data/public_cfdna/jiang2015pnas/C325/C325.hg19.insert_size_metrics.txt    DEVIATIONS=10.0 MINIMUM_PCT=0.05 METRIC_ACCUMULATION_LEVEL=[ALL_READS] INCLUDE_DUPLICATES=false ASSUME_SORTED=true STOP_AFTER=0 VERBOSITY=INFO QUIET=false VALIDATION_STRINGENCY=STRICT COMPRESSION_LEVEL=5 MAX_RECORDS_IN_RAM=500000 CREATE_INDEX=false CREATE_MD5_FILE=false GA4GH_CLIENT_SECRETS=client_secrets.json USE_JDK_DEFLATER=false USE_JDK_INFLATER=false
## htsjdk.samtools.metrics.StringHeader
# Started on: Tue Dec 31 12:35:32 EST 2019

## METRICS CLASS	picard.analysis.InsertSizeMetrics
MEDIAN_INSERT_SIZE	MODE_INSERT_SIZE	MEDIAN_ABSOLUTE_DEVIATION	MIN_INSERT_SIZE	MAX_INSERT_SIZE	MEAN_INSERT_SIZE	STANDARD_DEVIATION	READ_PAIRS	PAIR_ORIENTATION	WIDTH_OF_10_PERCENT	WIDTH_OF_20_PERCENT	WIDTH_OF_30_PERCENT	WIDTH_OF_40_PERCENT	WIDTH_OF_50_PERCENT	WIDTH_OF_60_PERCENT	WIDTH_OF_70_PERCENT	WIDTH_OF_80_PERCENT	WIDTH_OF_90_PERCENT	WIDTH_OF_95_PERCENT	WIDTH_OF_99_PERCENT	SAMPLE	LIBRARY	READ_GROUP
172	167	11	2	248759201	171.721366	20.529718	47973556	FR	5	9	13	19	23	31	43	57	93	297	459			

## HISTOGRAM	java.lang.Integer
insert_size	All_Reads.fr_count
2	37
3	48
4	48
5	39
6	47
7	34
8	37
9	47
10	69
11	53
12	38
13	45
14	42
15	47
16	39
17	48
18	46
19	52
20	46
21	30
22	48
23	41
24	50
25	48
26	37
27	37
28	41
29	36
30	53
31	41
32	38
33	43
34	40
35	42
36	45
37	40
38	51
39	49
40	82
41	56
42	56
43	54
44	52
45	40
46	51
47	46
48	50
49	62
50	52
51	63
52	64
53	55
54	57
55	49
56	59
57	59
58	80
59	71
60	75
61	85
62	86
63	81
64	83
65	85
66	101
67	70
68	102
69	107
70	118
71	95
72	104
73	72
74	878
75	974
76	1033
77	1203
78	1488
79	1872
80	2180
81	2188
82	1896
83	1451
84	1438
85	1614
86	1720
87	2241
88	2470
89	3240
90	4643
91	5564
92	5592
93	5117
94	4789
95	4691
96	4713
97	4971
98	5827
99	7373
100	8591
101	9693
102	9467
103	9470
104	9062
105	9130
106	9336
107	10250
108	11581
109	13575
110	16354
111	19480
112	19923
113	17996
114	16237
115	16042
116	17038
117	18554
118	21065
119	25204
120	33577
121	45224
122	53858
123	52085
124	41574
125	33808
126	32898
127	35960
128	41519
129	48704
130	60634
131	78633
132	106035
133	132309
134	137863
135	122618
136	108626
137	113804
138	139390
139	178330
140	227169
141	267360
142	280120
143	280724
144	283656
145	290588
146	290661
147	298696
148	320842
149	353449
150	393193
151	442878
152	483373
153	489572
154	469845
155	470907
156	502588
157	564084
158	646774
159	733922
160	806321
161	860688
162	909573
163	999247
164	1138099
165	1268117
166	1332980
167	1344125
168	1326476
169	1287162
170	1232724
171	1170639
172	1120383
173	1095720
174	1086209
175	1074736
176	1050558
177	1002191
178	943236
179	873749
180	807924
181	743345
182	686409
183	637920
184	598721
185	568375
186	543720
187	518721
188	495814
189	468210
190	436922
191	403256
192	370629
193	340798
194	314790
195	293247
196	277538
197	263972
198	254741
199	243227
200	232097
201	218539
202	203897
203	189204
204	176045
205	162855
206	150660
207	142006
208	134329
209	127835
210	121004
211	114406
212	106506
213	98737
214	91392
215	83364
216	77317
217	71548
218	66559
219	63275
220	59630
221	55759
222	52257
223	48228
224	44530
225	40198
226	37318
227	34554
228	31828
229	30134
230	28346
231	26431
232	24572
233	22758
234	21357
235	19579
236	18317
237	16825
238	15814
239	14807
240	13887
241	13663
242	12900
243	12156
244	11338
245	10667
246	9871
247	9287
248	9098
249	8557
250	8231
251	7932
252	7669
253	8280
254	7171
255	6660
256	6252
257	6884
258	5732
259	5353
260	5352
261	5765
262	5214
263	5099
264	4981
265	5042
266	4915
267	4824
268	4843
269	4725
270	5004
271	5259
272	5386
273	5491
274	5722
275	5690
276	5456
277	5728
278	5861
279	6044
280	6553
281	7177
282	7651

