## htsjdk.samtools.metrics.StringHeader
# CollectInsertSizeMetrics HISTOGRAM_FILE=/home/dnaase/startup/data/public_cfdna/sun2019gr/TBR917.rep2/TBR917.hg19.insert_size_histogram.pdf INPUT=/home/dnaase/startup/data/public_cfdna/sun2019gr/TBR917.rep2/TBR917.hg19.mdups.bam OUTPUT=/home/dnaase/startup/data/public_cfdna/sun2019gr/TBR917.rep2/TBR917.hg19.insert_size_metrics.txt    DEVIATIONS=10.0 MINIMUM_PCT=0.05 METRIC_ACCUMULATION_LEVEL=[ALL_READS] INCLUDE_DUPLICATES=false ASSUME_SORTED=true STOP_AFTER=0 VERBOSITY=INFO QUIET=false VALIDATION_STRINGENCY=STRICT COMPRESSION_LEVEL=5 MAX_RECORDS_IN_RAM=500000 CREATE_INDEX=false CREATE_MD5_FILE=false GA4GH_CLIENT_SECRETS=client_secrets.json USE_JDK_DEFLATER=false USE_JDK_INFLATER=false
## htsjdk.samtools.metrics.StringHeader
# Started on: Tue Dec 31 19:03:14 EST 2019

## METRICS CLASS	picard.analysis.InsertSizeMetrics
MEDIAN_INSERT_SIZE	MODE_INSERT_SIZE	MEDIAN_ABSOLUTE_DEVIATION	MIN_INSERT_SIZE	MAX_INSERT_SIZE	MEAN_INSERT_SIZE	STANDARD_DEVIATION	READ_PAIRS	PAIR_ORIENTATION	WIDTH_OF_10_PERCENT	WIDTH_OF_20_PERCENT	WIDTH_OF_30_PERCENT	WIDTH_OF_40_PERCENT	WIDTH_OF_50_PERCENT	WIDTH_OF_60_PERCENT	WIDTH_OF_70_PERCENT	WIDTH_OF_80_PERCENT	WIDTH_OF_90_PERCENT	WIDTH_OF_95_PERCENT	WIDTH_OF_99_PERCENT	SAMPLE	LIBRARY	READ_GROUP
133	20	30	2	243750059	117.616172	55.734753	28388990	FR	13	23	35	47	61	77	103	179	225	227	231			

## HISTOGRAM	java.lang.Integer
insert_size	All_Reads.fr_count
2	1053
3	1191
4	1314
5	1634
6	2139
7	2109
8	2994
9	3556
10	3993
11	4981
12	5614
13	6284
14	7251
15	7543
16	8603
17	9079
18	10978
19	773870
20	969364
21	877531
22	663787
23	425464
24	274956
25	191647
26	150457
27	109969
28	85813
29	76902
30	63166
31	60880
32	58841
33	56043
34	54773
35	50815
36	45967
37	45296
38	42921
39	39148
40	37771
41	35196
42	34085
43	34974
44	33391
45	34472
46	34303
47	37149
48	36320
49	35677
50	32982
51	33256
52	31851
53	35736
54	34116
55	33257
56	34367
57	33301
58	33705
59	35046
60	35186
61	37899
62	38427
63	40243
64	41916
65	42868
66	40649
67	41562
68	43055
69	44490
70	45764
71	48133
72	46930
73	48106
74	51636
75	53735
76	52196
77	53518
78	54190
79	58254
80	59652
81	62023
82	59204
83	60509
84	60663
85	62155
86	63886
87	68065
88	70900
89	74233
90	77675
91	82604
92	81584
93	80398
94	83840
95	83975
96	85188
97	86789
98	92214
99	97467
100	103545
101	106258
102	108487
103	114652
104	114666
105	119570
106	122015
107	128467
108	131634
109	145471
110	150429
111	156729
112	154082
113	156765
114	160314
115	159338
116	166983
117	174090
118	183899
119	191425
120	196613
121	209060
122	208392
123	206466
124	202949
125	202325
126	203238
127	207084
128	213026
129	223773
130	237309
131	245394
132	262740
133	264560
134	266006
135	260648
136	259808
137	264559
138	274628
139	282747
140	289970
141	296469
142	292646
143	292574
144	290372
145	289951
146	290754
147	291090
148	296058
149	300764
150	301942
151	303424
152	304644
153	298558
154	294847
155	293318
156	295715
157	300433
158	307284
159	311640
160	312053
161	309539
162	305648
163	306750
164	308901
165	308297
166	297959
167	282429
168	263877
169	246790
170	227273
171	209752
172	194948
173	183930
174	174346
175	165715
176	155603
177	144515
178	134764
179	123863
180	110738
181	101348
182	94093
183	87449
184	82335
185	78243
186	73779
187	69616
188	66151
189	62862
190	58322
191	53902
192	50685
193	47285
194	44707
195	41502
196	40195
197	38580
198	35129
199	32661
200	31608
201	29650
202	26654
203	24966
204	21643
205	19917
206	18485
207	17559
208	16396
209	15804
210	14804
211	13451
212	12965
213	12274
214	11574
215	11019
216	10007
217	9735
218	9507
219	9347
220	8670
221	8279
222	7568
223	6351
224	6094
225	5855
226	5509
227	5242
228	4972
229	4805
230	5005
231	4612
232	4371
233	4359
234	4390
235	4189
236	3902
237	3757
238	3601
239	3294
240	3085
241	3365
242	3130
243	3137
244	3293
245	2917
246	3231
247	2806
248	3054
249	3200
250	2851
251	2652
252	2255
253	2407
254	2420
255	2495
256	2482
257	2445
258	3039
259	2776
260	2516
261	2422
262	2907
263	2767
264	2739
265	2506
266	2465
267	2506
268	2381
269	2661
270	2526
271	2576
272	2659
273	2756
274	2629
275	2796
276	2563
277	2630
278	2778
279	2653
280	3049
281	3159
282	3557
283	3453
284	3714
285	4056
286	4065
287	8149
288	2989
289	3041
290	9376
291	661
292	330
293	533
294	300
295	309
296	323
297	320
298	329
299	333
300	351
301	354
302	364
303	349
304	358
305	398
306	438
307	379
308	408
309	447
310	403
311	400
312	447
313	460
314	443
315	419
316	445
317	420
318	410
319	380
320	448
321	409
322	383
323	443
324	466
325	468
326	409
327	401
328	379
329	392
330	392
331	394
332	387
333	411
334	365
335	397
336	413
337	365
338	400
339	358
340	386
341	376
342	375
343	358
344	355
345	319
346	327
347	320
348	315
349	352
350	349
351	319
352	284
353	291
354	291
355	296
356	254
357	258
358	309
359	259
360	279
361	274
362	249
363	222
364	259
365	242
366	223
367	213
368	213
369	200
370	211
371	192
372	168
373	193
374	166
375	184
376	167
377	155
378	134
379	140
380	151
381	157
382	125
383	117
384	131
385	114
386	102
387	82
388	88
389	95
390	98
391	98
392	83
393	68
394	77
395	84
396	73
397	72
398	57
399	70
400	58
401	56
402	54
403	46
404	55
405	46
406	40
407	32
408	46
409	44
410	47
411	41
412	38
413	34
414	30
415	25
416	27
417	36
418	21
419	20
420	15
421	18
422	18
423	17
424	20
425	20
426	26
427	16
428	20
429	12
430	15
431	19
432	16
433	12

