## htsjdk.samtools.metrics.StringHeader
# CollectInsertSizeMetrics HISTOGRAM_FILE=/home/dnaase/startup/data/public_cfdna/sun2019gr/TBR922.rep2/TBR922.hg19.insert_size_histogram.pdf INPUT=/home/dnaase/startup/data/public_cfdna/sun2019gr/TBR922.rep2/TBR922.hg19.mdups.bam OUTPUT=/home/dnaase/startup/data/public_cfdna/sun2019gr/TBR922.rep2/TBR922.hg19.insert_size_metrics.txt    DEVIATIONS=10.0 MINIMUM_PCT=0.05 METRIC_ACCUMULATION_LEVEL=[ALL_READS] INCLUDE_DUPLICATES=false ASSUME_SORTED=true STOP_AFTER=0 VERBOSITY=INFO QUIET=false VALIDATION_STRINGENCY=STRICT COMPRESSION_LEVEL=5 MAX_RECORDS_IN_RAM=500000 CREATE_INDEX=false CREATE_MD5_FILE=false GA4GH_CLIENT_SECRETS=client_secrets.json USE_JDK_DEFLATER=false USE_JDK_INFLATER=false
## htsjdk.samtools.metrics.StringHeader
# Started on: Tue Dec 31 18:23:15 EST 2019

## METRICS CLASS	picard.analysis.InsertSizeMetrics
MEDIAN_INSERT_SIZE	MODE_INSERT_SIZE	MEDIAN_ABSOLUTE_DEVIATION	MIN_INSERT_SIZE	MAX_INSERT_SIZE	MEAN_INSERT_SIZE	STANDARD_DEVIATION	READ_PAIRS	PAIR_ORIENTATION	WIDTH_OF_10_PERCENT	WIDTH_OF_20_PERCENT	WIDTH_OF_30_PERCENT	WIDTH_OF_40_PERCENT	WIDTH_OF_50_PERCENT	WIDTH_OF_60_PERCENT	WIDTH_OF_70_PERCENT	WIDTH_OF_80_PERCENT	WIDTH_OF_90_PERCENT	WIDTH_OF_95_PERCENT	WIDTH_OF_99_PERCENT	SAMPLE	LIBRARY	READ_GROUP
147	165	18	2	249003410	143.043456	30.761981	37341383	FR	9	15	23	29	37	45	55	71	101	135	203			

## HISTOGRAM	java.lang.Integer
insert_size	All_Reads.fr_count
2	1
3	6
4	5
5	10
6	17
7	10
8	25
9	26
10	17
11	11
12	8
13	71
14	15
15	12
16	10
17	10
18	8
19	16
20	22
21	21
22	35
23	35
24	141
25	245
26	415
27	476
28	570
29	717
30	3703
31	3296
32	2622
33	2223
34	1953
35	3418
36	2860
37	2507
38	2266
39	12609
40	12369
41	11084
42	26983
43	29132
44	26634
45	28868
46	27977
47	30758
48	28845
49	26899
50	24771
51	25005
52	24597
53	29963
54	29658
55	28858
56	29796
57	29678
58	29169
59	30503
60	30642
61	33757
62	35285
63	34900
64	35984
65	36672
66	35179
67	36609
68	38193
69	39204
70	43725
71	47337
72	46682
73	47856
74	51856
75	53362
76	52043
77	54090
78	55198
79	57823
80	61002
81	63008
82	62654
83	65112
84	65803
85	68395
86	69874
87	74305
88	78757
89	81270
90	85453
91	92488
92	95759
93	96867
94	103488
95	104712
96	106735
97	109118
98	116994
99	121861
100	130110
101	134949
102	139312
103	147630
104	148776
105	158405
106	166388
107	176030
108	181128
109	203505
110	207755
111	215540
112	215180
113	223926
114	231104
115	235346
116	248561
117	260582
118	275253
119	285813
120	295921
121	311935
122	317841
123	323853
124	326129
125	329564
126	331748
127	338447
128	349497
129	367612
130	388201
131	399549
132	426599
133	432599
134	436156
135	436813
136	441897
137	451600
138	471621
139	486951
140	500738
141	510637
142	505598
143	507588
144	508521
145	511496
146	518278
147	524907
148	537626
149	550778
150	556636
151	558676
152	561934
153	556761
154	553684
155	555955
156	568621
157	581480
158	599000
159	613452
160	616092
161	614663
162	614470
163	620654
164	635592
165	637848
166	613250
167	570603
168	524954
169	482259
170	436137
171	397849
172	366372
173	340231
174	320732
175	300255
176	277685
177	252955
178	227270
179	198986
180	178791
181	161652
182	146493
183	134575
184	124596
185	116367
186	109157
187	100675
188	94797
189	88526
190	80329
191	73565
192	68110
193	63097
194	59638
195	55932
196	49201
197	46841
198	42971
199	39878
200	38365
201	35615
202	31698
203	30284
204	28721
205	26279
206	24480
207	23083
208	21772
209	19912
210	17674
211	16235
212	15296
213	14752
214	13950
215	13240
216	12047
217	11268
218	11405
219	11426
220	10170
221	8558
222	8554
223	7620
224	7639
225	7385
226	6626
227	6328
228	6330
229	6166
230	6316
231	4909
232	4753
233	4646
234	4707
235	4716
236	4475
237	4176
238	4915
239	4335
240	3787
241	4065
242	3816
243	4150
244	4229
245	3991
246	4016
247	3889
248	4008
249	3841
250	3818
251	3919
252	4201
253	4824
254	4953
255	5125
256	4606
257	5075
258	12804
259	3836
260	2073
261	1989
262	6822
263	443
264	265
265	291
266	283
267	320
268	322
269	317
270	317
271	332
272	381
273	405
274	411
275	431
276	438
277	472
278	461
279	485
280	463
281	489
282	514
283	490
284	557
285	560
286	565
287	623
288	640
289	637
290	683
291	686
292	665
293	700
294	725
295	734
296	768
297	765
298	862
299	840
300	837
301	829
302	833
303	877
304	862
305	912
306	853
307	890
308	916
309	944
310	857
311	906
312	886
313	850
314	878
315	876
316	823
317	863
318	846
319	839
320	847
321	822
322	766
323	720
324	721
325	761
326	724
327	660

