## htsjdk.samtools.metrics.StringHeader
# CollectInsertSizeMetrics HISTOGRAM_FILE=/home/dnaase/startup/data/public_cfdna/jiang2015pnas/C350/C350.hg19.insert_size_histogram.pdf INPUT=/home/dnaase/startup/data/public_cfdna/jiang2015pnas/C350/C350.hg19.mdups.bam OUTPUT=/home/dnaase/startup/data/public_cfdna/jiang2015pnas/C350/C350.hg19.insert_size_metrics.txt    DEVIATIONS=10.0 MINIMUM_PCT=0.05 METRIC_ACCUMULATION_LEVEL=[ALL_READS] INCLUDE_DUPLICATES=false ASSUME_SORTED=true STOP_AFTER=0 VERBOSITY=INFO QUIET=false VALIDATION_STRINGENCY=STRICT COMPRESSION_LEVEL=5 MAX_RECORDS_IN_RAM=500000 CREATE_INDEX=false CREATE_MD5_FILE=false GA4GH_CLIENT_SECRETS=client_secrets.json USE_JDK_DEFLATER=false USE_JDK_INFLATER=false
## htsjdk.samtools.metrics.StringHeader
# Started on: Tue Dec 31 12:30:04 EST 2019

## METRICS CLASS	picard.analysis.InsertSizeMetrics
MEDIAN_INSERT_SIZE	MODE_INSERT_SIZE	MEDIAN_ABSOLUTE_DEVIATION	MIN_INSERT_SIZE	MAX_INSERT_SIZE	MEAN_INSERT_SIZE	STANDARD_DEVIATION	READ_PAIRS	PAIR_ORIENTATION	WIDTH_OF_10_PERCENT	WIDTH_OF_20_PERCENT	WIDTH_OF_30_PERCENT	WIDTH_OF_40_PERCENT	WIDTH_OF_50_PERCENT	WIDTH_OF_60_PERCENT	WIDTH_OF_70_PERCENT	WIDTH_OF_80_PERCENT	WIDTH_OF_90_PERCENT	WIDTH_OF_95_PERCENT	WIDTH_OF_99_PERCENT	SAMPLE	LIBRARY	READ_GROUP
170	167	10	2	243086873	169.683621	18.461585	40442127	FR	5	9	11	17	21	29	37	51	77	251	429			

## HISTOGRAM	java.lang.Integer
insert_size	All_Reads.fr_count
2	43
3	41
4	36
5	30
6	34
7	32
8	34
9	42
10	41
11	35
12	37
13	35
14	42
15	45
16	34
17	28
18	36
19	29
20	36
21	32
22	32
23	29
24	29
25	38
26	35
27	38
28	37
29	43
30	36
31	26
32	30
33	50
34	35
35	40
36	33
37	37
38	33
39	47
40	37
41	36
42	40
43	34
44	28
45	45
46	33
47	32
48	39
49	35
50	42
51	49
52	44
53	49
54	56
55	62
56	48
57	41
58	51
59	57
60	57
61	71
62	59
63	67
64	78
65	56
66	84
67	73
68	82
69	71
70	88
71	62
72	70
73	68
74	687
75	773
76	850
77	908
78	1144
79	1510
80	1832
81	1815
82	1505
83	1240
84	1153
85	1295
86	1320
87	1507
88	1818
89	2303
90	3226
91	3837
92	3624
93	3103
94	2479
95	2364
96	2610
97	2986
98	4162
99	5451
100	6105
101	7660
102	7624
103	7580
104	7040
105	7246
106	7364
107	8366
108	9443
109	10961
110	13873
111	16052
112	16298
113	14541
114	12985
115	12779
116	14417
117	15823
118	18302
119	21770
120	28057
121	37587
122	44886
123	43655
124	35289
125	28552
126	27694
127	31259
128	35741
129	42548
130	52549
131	70263
132	93667
133	116581
134	121935
135	108301
136	97826
137	104233
138	126259
139	161646
140	207278
141	240200
142	253228
143	252272
144	255343
145	261488
146	265122
147	275763
148	299305
149	331450
150	367043
151	409487
152	444841
153	448363
154	430197
155	429029
156	457552
157	515030
158	589639
159	671603
160	737537
161	784593
162	832267
163	913000
164	1040737
165	1160371
166	1216739
167	1226436
168	1209046
169	1174712
170	1126207
171	1069894
172	1023195
173	999616
174	987707
175	975680
176	948505
177	898042
178	833191
179	763330
180	695408
181	633753
182	579897
183	534397
184	494311
185	464366
186	436676
187	411186
188	386198
189	354865
190	326247
191	294503
192	268264
193	243539
194	221202
195	203741
196	188479
197	177140
198	166997
199	158007
200	147206
201	136240
202	125451
203	115341
204	105713
205	96824
206	88975
207	83205
208	78171
209	72898
210	68597
211	63591
212	59078
213	54115
214	50234
215	45357
216	42035
217	38268
218	35855
219	33046
220	31293
221	29156
222	27148
223	24851
224	22495
225	20462
226	18693
227	17242
228	16105
229	15214
230	14074
231	13143
232	12122
233	11250
234	10680
235	9843
236	8789
237	8267
238	7856
239	7677
240	7671
241	6540
242	5906
243	5674
244	5935
245	4947
246	4490
247	4141
248	3963
249	3908
250	3708
251	3763
252	3629
253	3633
254	3454
255	3431
256	3432
257	3210
258	3159
259	3067
260	3189
261	3138
262	3171
263	3249
264	3298
265	3298
266	3234
267	3229
268	3186
269	3313
270	3521

