## htsjdk.samtools.metrics.StringHeader
# CollectInsertSizeMetrics HISTOGRAM_FILE=/home/dnaase/startup/data/public_cfdna/jiang2015pnas/C352/C352.hg19.insert_size_histogram.pdf INPUT=/home/dnaase/startup/data/public_cfdna/jiang2015pnas/C352/C352.hg19.mdups.bam OUTPUT=/home/dnaase/startup/data/public_cfdna/jiang2015pnas/C352/C352.hg19.insert_size_metrics.txt    DEVIATIONS=10.0 MINIMUM_PCT=0.05 METRIC_ACCUMULATION_LEVEL=[ALL_READS] INCLUDE_DUPLICATES=false ASSUME_SORTED=true STOP_AFTER=0 VERBOSITY=INFO QUIET=false VALIDATION_STRINGENCY=STRICT COMPRESSION_LEVEL=5 MAX_RECORDS_IN_RAM=500000 CREATE_INDEX=false CREATE_MD5_FILE=false GA4GH_CLIENT_SECRETS=client_secrets.json USE_JDK_DEFLATER=false USE_JDK_INFLATER=false
## htsjdk.samtools.metrics.StringHeader
# Started on: Tue Dec 31 12:33:19 EST 2019

## METRICS CLASS	picard.analysis.InsertSizeMetrics
MEDIAN_INSERT_SIZE	MODE_INSERT_SIZE	MEDIAN_ABSOLUTE_DEVIATION	MIN_INSERT_SIZE	MAX_INSERT_SIZE	MEAN_INSERT_SIZE	STANDARD_DEVIATION	READ_PAIRS	PAIR_ORIENTATION	WIDTH_OF_10_PERCENT	WIDTH_OF_20_PERCENT	WIDTH_OF_30_PERCENT	WIDTH_OF_40_PERCENT	WIDTH_OF_50_PERCENT	WIDTH_OF_60_PERCENT	WIDTH_OF_70_PERCENT	WIDTH_OF_80_PERCENT	WIDTH_OF_90_PERCENT	WIDTH_OF_95_PERCENT	WIDTH_OF_99_PERCENT	SAMPLE	LIBRARY	READ_GROUP
170	166	10	2	243237994	169.493602	18.407644	42355668	FR	5	9	11	15	21	27	37	49	75	165	427			

## HISTOGRAM	java.lang.Integer
insert_size	All_Reads.fr_count
2	46
3	35
4	41
5	28
6	35
7	30
8	37
9	33
10	28
11	32
12	37
13	35
14	26
15	37
16	40
17	29
18	28
19	32
20	35
21	31
22	32
23	30
24	37
25	32
26	39
27	27
28	43
29	42
30	30
31	32
32	40
33	39
34	31
35	45
36	36
37	38
38	41
39	40
40	36
41	25
42	29
43	48
44	43
45	37
46	55
47	26
48	44
49	41
50	38
51	65
52	41
53	60
54	65
55	52
56	49
57	63
58	60
59	42
60	56
61	67
62	78
63	80
64	71
65	55
66	81
67	83
68	107
69	75
70	89
71	95
72	92
73	72
74	955
75	1013
76	1110
77	1290
78	1542
79	1887
80	2293
81	2157
82	1898
83	1554
84	1582
85	1615
86	1826
87	1944
88	2276
89	2768
90	3464
91	4036
92	3822
93	3349
94	2731
95	2830
96	2964
97	3464
98	3868
99	4751
100	5664
101	7692
102	7591
103	7238
104	7802
105	7721
106	8051
107	9246
108	10332
109	11625
110	13920
111	15855
112	16540
113	14786
114	13727
115	14108
116	14904
117	16776
118	19183
119	22582
120	28605
121	37121
122	43416
123	41751
124	34568
125	29208
126	29208
127	32454
128	36867
129	44082
130	53883
131	71077
132	93977
133	116231
134	121039
135	109084
136	99664
137	106923
138	131771
139	168954
140	216438
141	252959
142	264137
143	262356
144	264279
145	270487
146	274948
147	287047
148	313244
149	349161
150	391195
151	439489
152	478296
153	481570
154	460591
155	462419
156	497250
157	559604
158	641680
159	731834
160	806776
161	863270
162	921944
163	1021933
164	1170863
165	1303956
166	1355416
167	1346445
168	1305796
169	1255716
170	1196937
171	1133167
172	1083536
173	1056618
174	1033240
175	1008520
176	967284
177	903758
178	831794
179	759548
180	692943
181	631254
182	578524
183	530986
184	491730
185	459690
186	428343
187	402730
188	374767
189	348693
190	319985
191	292504
192	267383
193	244299
194	224552
195	206590
196	192379
197	180879
198	172190
199	162369
200	152933
201	143710
202	133776
203	123548
204	114166
205	104717
206	97009
207	90887
208	84970
209	79155
210	75147
211	70321
212	65309
213	60831
214	55963
215	50876
216	46101
217	42119
218	39906
219	36870
220	34602
221	32715
222	30223
223	27871
224	25285
225	23000
226	21149
227	19444
228	17960
229	16629
230	15581
231	14593
232	13588
233	12791
234	11565
235	10903
236	10564
237	8896
238	8209
239	7943
240	8490
241	6696
242	5908
243	5438
244	5294
245	4968
246	4774
247	4445
248	4233
249	4147
250	3852
251	3820
252	3761
253	3776
254	3584
255	3558
256	3477
257	3281
258	3202
259	3236
260	3160
261	3236
262	3135
263	3199
264	3242
265	3266
266	3124
267	3119
268	3273
269	3333
270	3361

