## htsjdk.samtools.metrics.StringHeader
# CollectInsertSizeMetrics HISTOGRAM_FILE=/home/dnaase/startup/data/public_cfdna/jiang2015pnas/C346/C346.hg19.insert_size_histogram.pdf INPUT=/home/dnaase/startup/data/public_cfdna/jiang2015pnas/C346/C346.hg19.mdups.bam OUTPUT=/home/dnaase/startup/data/public_cfdna/jiang2015pnas/C346/C346.hg19.insert_size_metrics.txt    DEVIATIONS=10.0 MINIMUM_PCT=0.05 METRIC_ACCUMULATION_LEVEL=[ALL_READS] INCLUDE_DUPLICATES=false ASSUME_SORTED=true STOP_AFTER=0 VERBOSITY=INFO QUIET=false VALIDATION_STRINGENCY=STRICT COMPRESSION_LEVEL=5 MAX_RECORDS_IN_RAM=500000 CREATE_INDEX=false CREATE_MD5_FILE=false GA4GH_CLIENT_SECRETS=client_secrets.json USE_JDK_DEFLATER=false USE_JDK_INFLATER=false
## htsjdk.samtools.metrics.StringHeader
# Started on: Tue Dec 31 12:15:27 EST 2019

## METRICS CLASS	picard.analysis.InsertSizeMetrics
MEDIAN_INSERT_SIZE	MODE_INSERT_SIZE	MEDIAN_ABSOLUTE_DEVIATION	MIN_INSERT_SIZE	MAX_INSERT_SIZE	MEAN_INSERT_SIZE	STANDARD_DEVIATION	READ_PAIRS	PAIR_ORIENTATION	WIDTH_OF_10_PERCENT	WIDTH_OF_20_PERCENT	WIDTH_OF_30_PERCENT	WIDTH_OF_40_PERCENT	WIDTH_OF_50_PERCENT	WIDTH_OF_60_PERCENT	WIDTH_OF_70_PERCENT	WIDTH_OF_80_PERCENT	WIDTH_OF_90_PERCENT	WIDTH_OF_95_PERCENT	WIDTH_OF_99_PERCENT	SAMPLE	LIBRARY	READ_GROUP
168	166	10	2	243086902	167.732562	18.536219	34629630	FR	5	7	11	15	21	27	37	49	71	115	401			

## HISTOGRAM	java.lang.Integer
insert_size	All_Reads.fr_count
2	28
3	19
4	23
5	27
6	25
7	38
8	24
9	22
10	28
11	19
12	36
13	26
14	26
15	27
16	24
17	22
18	22
19	29
20	20
21	20
22	23
23	19
24	26
25	25
26	26
27	31
28	33
29	31
30	20
31	23
32	20
33	18
34	23
35	33
36	20
37	44
38	32
39	37
40	33
41	24
42	35
43	33
44	41
45	39
46	38
47	26
48	39
49	39
50	48
51	42
52	33
53	44
54	45
55	45
56	45
57	39
58	43
59	31
60	40
61	48
62	48
63	46
64	52
65	57
66	74
67	51
68	68
69	71
70	60
71	65
72	74
73	60
74	610
75	679
76	776
77	882
78	1078
79	1450
80	1674
81	1764
82	1419
83	1101
84	1102
85	1229
86	1330
87	1551
88	1908
89	2485
90	3366
91	3905
92	3945
93	3298
94	2552
95	2573
96	2685
97	3128
98	3634
99	6288
100	7265
101	8088
102	8159
103	8201
104	7936
105	7497
106	7734
107	8694
108	10053
109	12692
110	15407
111	18158
112	18351
113	15975
114	14430
115	15192
116	16419
117	18351
118	20814
119	25324
120	33123
121	44384
122	52372
123	49549
124	39302
125	31962
126	31757
127	35613
128	40546
129	48667
130	61012
131	78469
132	104178
133	128034
134	131707
135	115855
136	103892
137	109406
138	134185
139	171380
140	216940
141	255784
142	268977
143	267316
144	266289
145	265944
146	263703
147	268480
148	288597
149	317779
150	356995
151	400466
152	435653
153	439195
154	419466
155	414937
156	436286
157	482516
158	550833
159	627717
160	692857
161	742588
162	791713
163	864473
164	966740
165	1054682
166	1083467
167	1079523
168	1061189
169	1028219
170	985961
171	938079
172	890227
173	855869
174	823155
175	791167
176	749618
177	697316
178	640052
179	585559
180	533878
181	485935
182	442746
183	405749
184	372021
185	343321
186	318519
187	293575
188	273849
189	252288
190	233638
191	214041
192	195761
193	179269
194	162964
195	149559
196	138217
197	129664
198	121681
199	113703
200	107715
201	100941
202	93743
203	87232
204	79780
205	73085
206	67972
207	63456
208	58631
209	55498
210	52233
211	49193
212	46306
213	42665
214	38904
215	35251
216	32468
217	29637
218	27730
219	26050
220	24228
221	22859
222	21139
223	19497
224	17960
225	16348
226	14882
227	13522
228	12756
229	11871
230	10983
231	10381
232	9551
233	9048
234	8290
235	7604
236	7127
237	6522
238	7291
239	5290
240	4569
241	4409
242	4141
243	3915
244	3857
245	3471
246	3248
247	3104
248	3034
249	2770
250	2686
251	2679
252	2661
253	2610
254	2533
255	2490
256	2353
257	2284
258	2223
259	2248
260	2125
261	2203
262	2237
263	2328
264	2397
265	2332
266	2211
267	2173
268	2140

