## htsjdk.samtools.metrics.StringHeader
# CollectInsertSizeMetrics HISTOGRAM_FILE=/home/dnaase/startup/data/public_cfdna/jiang2015pnas/C314/C314.hg19.insert_size_histogram.pdf INPUT=/home/dnaase/startup/data/public_cfdna/jiang2015pnas/C314/C314.hg19.mdups.bam OUTPUT=/home/dnaase/startup/data/public_cfdna/jiang2015pnas/C314/C314.hg19.insert_size_metrics.txt    DEVIATIONS=10.0 MINIMUM_PCT=0.05 METRIC_ACCUMULATION_LEVEL=[ALL_READS] INCLUDE_DUPLICATES=false ASSUME_SORTED=true STOP_AFTER=0 VERBOSITY=INFO QUIET=false VALIDATION_STRINGENCY=STRICT COMPRESSION_LEVEL=5 MAX_RECORDS_IN_RAM=500000 CREATE_INDEX=false CREATE_MD5_FILE=false GA4GH_CLIENT_SECRETS=client_secrets.json USE_JDK_DEFLATER=false USE_JDK_INFLATER=false
## htsjdk.samtools.metrics.StringHeader
# Started on: Tue Dec 31 12:25:37 EST 2019

## METRICS CLASS	picard.analysis.InsertSizeMetrics
MEDIAN_INSERT_SIZE	MODE_INSERT_SIZE	MEDIAN_ABSOLUTE_DEVIATION	MIN_INSERT_SIZE	MAX_INSERT_SIZE	MEAN_INSERT_SIZE	STANDARD_DEVIATION	READ_PAIRS	PAIR_ORIENTATION	WIDTH_OF_10_PERCENT	WIDTH_OF_20_PERCENT	WIDTH_OF_30_PERCENT	WIDTH_OF_40_PERCENT	WIDTH_OF_50_PERCENT	WIDTH_OF_60_PERCENT	WIDTH_OF_70_PERCENT	WIDTH_OF_80_PERCENT	WIDTH_OF_90_PERCENT	WIDTH_OF_95_PERCENT	WIDTH_OF_99_PERCENT	SAMPLE	LIBRARY	READ_GROUP
172	167	11	2	243087073	172.442905	19.854111	46156376	FR	5	9	13	17	23	31	41	57	97	305	459			

## HISTOGRAM	java.lang.Integer
insert_size	All_Reads.fr_count
2	55
3	49
4	51
5	49
6	51
7	29
8	48
9	40
10	52
11	51
12	42
13	34
14	54
15	51
16	43
17	46
18	45
19	44
20	39
21	50
22	38
23	47
24	42
25	42
26	48
27	47
28	44
29	51
30	56
31	36
32	49
33	52
34	47
35	51
36	58
37	44
38	57
39	70
40	54
41	51
42	65
43	48
44	56
45	59
46	48
47	44
48	54
49	51
50	47
51	70
52	45
53	58
54	82
55	62
56	52
57	64
58	72
59	77
60	62
61	73
62	67
63	87
64	73
65	90
66	111
67	83
68	86
69	85
70	87
71	95
72	91
73	87
74	894
75	1055
76	1037
77	1175
78	1358
79	1644
80	2107
81	2031
82	1615
83	1327
84	1347
85	1389
86	1483
87	1615
88	1839
89	2386
90	3062
91	3901
92	4129
93	3395
94	3510
95	3361
96	3452
97	4103
98	4632
99	6003
100	6574
101	7114
102	7015
103	7288
104	6961
105	6851
106	6812
107	7584
108	8524
109	10193
110	12045
111	13605
112	13764
113	12093
114	11042
115	11535
116	12467
117	13536
118	15270
119	18082
120	23234
121	31396
122	38243
123	37946
124	29928
125	24203
126	23468
127	25627
128	29746
129	34924
130	44186
131	59097
132	79445
133	101061
134	106719
135	94201
136	84872
137	91274
138	112941
139	145829
140	187762
141	221363
142	233265
143	233762
144	237505
145	244489
146	248757
147	258550
148	281766
149	313889
150	349912
151	392710
152	429550
153	438983
154	426630
155	432153
156	465535
157	528615
158	607693
159	693281
160	760187
161	814406
162	867361
163	961919
164	1107649
165	1248357
166	1313937
167	1327343
168	1312114
169	1275200
170	1223547
171	1159907
172	1116104
173	1094888
174	1089552
175	1081486
176	1057768
177	1009091
178	945050
179	874488
180	804719
181	739966
182	682515
183	632580
184	595481
185	565827
186	538953
187	513920
188	489064
189	459646
190	427361
191	393766
192	360260
193	329148
194	303996
195	283219
196	266821
197	254108
198	243626
199	233019
200	221757
201	208232
202	193087
203	179265
204	165251
205	152549
206	141907
207	133058
208	126257
209	119927
210	113519
211	106280
212	99788
213	92200
214	83811
215	77084
216	70928
217	66516
218	62063
219	58160
220	55215
221	51730
222	47811
223	43919
224	40449
225	37109
226	33949
227	31441
228	29292
229	27394
230	25259
231	23951
232	22283
233	20718
234	19264
235	17743
236	16226
237	14983
238	14053
239	13505
240	13004
241	12462
242	11546
243	11162
244	10316
245	9970
246	9285
247	8870
248	8414
249	8199
250	8023
251	7674
252	7285
253	7272
254	8031
255	6467
256	5839
257	5664
258	6212
259	5330
260	5132
261	5180
262	5216
263	5217
264	5173
265	5224
266	5097
267	4854
268	4888
269	4891
270	5061
271	5305
272	5559
273	5813
274	5726
275	5793
276	5853
277	5922
278	6003
279	6436
280	7033
281	7619
282	8222

