## htsjdk.samtools.metrics.StringHeader
# CollectInsertSizeMetrics HISTOGRAM_FILE=/home/dnaase/startup/data/public_cfdna/sun2019gr/TBR914.rep1/TBR914.hg19.insert_size_histogram.pdf INPUT=/home/dnaase/startup/data/public_cfdna/sun2019gr/TBR914.rep1/TBR914.hg19.mdups.bam OUTPUT=/home/dnaase/startup/data/public_cfdna/sun2019gr/TBR914.rep1/TBR914.hg19.insert_size_metrics.txt    DEVIATIONS=10.0 MINIMUM_PCT=0.05 METRIC_ACCUMULATION_LEVEL=[ALL_READS] INCLUDE_DUPLICATES=false ASSUME_SORTED=true STOP_AFTER=0 VERBOSITY=INFO QUIET=false VALIDATION_STRINGENCY=STRICT COMPRESSION_LEVEL=5 MAX_RECORDS_IN_RAM=500000 CREATE_INDEX=false CREATE_MD5_FILE=false GA4GH_CLIENT_SECRETS=client_secrets.json USE_JDK_DEFLATER=false USE_JDK_INFLATER=false
## htsjdk.samtools.metrics.StringHeader
# Started on: Tue Dec 31 16:44:54 EST 2019

## METRICS CLASS	picard.analysis.InsertSizeMetrics
MEDIAN_INSERT_SIZE	MODE_INSERT_SIZE	MEDIAN_ABSOLUTE_DEVIATION	MIN_INSERT_SIZE	MAX_INSERT_SIZE	MEAN_INSERT_SIZE	STANDARD_DEVIATION	READ_PAIRS	PAIR_ORIENTATION	WIDTH_OF_10_PERCENT	WIDTH_OF_20_PERCENT	WIDTH_OF_30_PERCENT	WIDTH_OF_40_PERCENT	WIDTH_OF_50_PERCENT	WIDTH_OF_60_PERCENT	WIDTH_OF_70_PERCENT	WIDTH_OF_80_PERCENT	WIDTH_OF_90_PERCENT	WIDTH_OF_95_PERCENT	WIDTH_OF_99_PERCENT	SAMPLE	LIBRARY	READ_GROUP
147	165	19	2	244619604	143.265594	32.892203	19468556	FR	9	15	23	31	39	47	59	75	107	145	215			

## HISTOGRAM	java.lang.Integer
insert_size	All_Reads.fr_count
2	4
3	5
4	3
5	5
6	14
7	5
8	15
9	10
10	6
11	5
12	5
13	22
14	13
15	6
16	7
17	5
18	8
19	15
20	7
21	13
22	12
23	14
24	82
25	155
26	280
27	324
28	417
29	525
30	1908
31	2003
32	1386
33	1132
34	1106
35	2752
36	13153
37	13130
38	11658
39	17127
40	17003
41	17220
42	17413
43	17897
44	16506
45	16414
46	14705
47	16416
48	15364
49	16189
50	15437
51	15642
52	14911
53	16567
54	15499
55	15350
56	16154
57	15970
58	17929
59	18971
60	18696
61	19083
62	18644
63	18529
64	19390
65	19709
66	18700
67	21335
68	22824
69	23424
70	24066
71	25569
72	24621
73	25668
74	27605
75	28924
76	27460
77	29492
78	31013
79	32462
80	32266
81	33302
82	32450
83	34020
84	34374
85	35599
86	36554
87	39232
88	41283
89	42786
90	46407
91	49761
92	50334
93	50458
94	53877
95	54416
96	56067
97	57132
98	60729
99	63433
100	68019
101	70382
102	72044
103	76926
104	80457
105	82471
106	86274
107	91149
108	93864
109	106314
110	108560
111	113137
112	112189
113	115525
114	119602
115	120704
116	128310
117	134815
118	141891
119	147798
120	152281
121	163229
122	168858
123	167596
124	166913
125	168127
126	169101
127	171552
128	177616
129	186083
130	198300
131	204798
132	219082
133	220929
134	223041
135	222966
136	223910
137	228316
138	238847
139	246746
140	254518
141	261617
142	259537
143	257975
144	258951
145	258615
146	261508
147	262830
148	268226
149	273417
150	278208
151	280344
152	282541
153	278311
154	274755
155	274841
156	279782
157	286319
158	293847
159	300592
160	300816
161	299958
162	298035
163	298747
164	304146
165	304863
166	298292
167	282428
168	264579
169	248429
170	227473
171	210028
172	195252
173	183492
174	173915
175	165063
176	154832
177	142108
178	131112
179	118959
180	104579
181	94885
182	87251
183	80592
184	74708
185	70955
186	65472
187	61655
188	58391
189	54773
190	50352
191	46440
192	42638
193	39688
194	37451
195	35290
196	33204
197	33636
198	28304
199	26006
200	24987
201	22926
202	21044
203	19721
204	18727
205	17293
206	16407
207	15257
208	14538
209	13863
210	13163
211	12221
212	10944
213	9916
214	9325
215	8829
216	8202
217	7667
218	7480
219	7387
220	6892
221	6522
222	6375
223	5937
224	5299
225	4695
226	4322
227	4245
228	4033
229	4001
230	4088
231	3710
232	3620
233	3496
234	3257
235	2860
236	2813
237	2728
238	2868
239	2879
240	2652
241	2853
242	2734
243	2719
244	2575
245	2326
246	2313
247	2310
248	2431
249	2544
250	2414
251	2527
252	2427
253	2332
254	2382
255	2401
256	2628
257	2803
258	3334
259	3255
260	3013
261	3469
262	7288
263	2713
264	2408
265	2737
266	7170
267	339
268	195
269	202
270	219
271	222
272	242
273	220
274	238
275	282
276	248
277	292
278	268
279	282
280	283
281	335
282	313
283	311
284	371
285	378
286	339
287	358
288	390
289	410
290	436
291	415
292	492
293	440
294	479
295	459
296	512
297	530
298	572
299	554
300	589
301	546
302	566
303	555
304	605
305	627
306	596
307	618
308	621
309	589
310	673
311	603
312	683
313	673
314	683
315	680
316	660
317	640
318	637
319	650
320	623
321	644
322	617
323	629
324	617
325	550
326	597
327	553
328	550
329	581
330	560
331	550
332	566
333	548
334	529
335	537
336	517
337	513

