## htsjdk.samtools.metrics.StringHeader
# CollectInsertSizeMetrics HISTOGRAM_FILE=/home/dnaase/startup/data/public_cfdna/jiang2015pnas/C326/C326.hg19.insert_size_histogram.pdf INPUT=/home/dnaase/startup/data/public_cfdna/jiang2015pnas/C326/C326.hg19.mdups.bam OUTPUT=/home/dnaase/startup/data/public_cfdna/jiang2015pnas/C326/C326.hg19.insert_size_metrics.txt    DEVIATIONS=10.0 MINIMUM_PCT=0.05 METRIC_ACCUMULATION_LEVEL=[ALL_READS] INCLUDE_DUPLICATES=false ASSUME_SORTED=true STOP_AFTER=0 VERBOSITY=INFO QUIET=false VALIDATION_STRINGENCY=STRICT COMPRESSION_LEVEL=5 MAX_RECORDS_IN_RAM=500000 CREATE_INDEX=false CREATE_MD5_FILE=false GA4GH_CLIENT_SECRETS=client_secrets.json USE_JDK_DEFLATER=false USE_JDK_INFLATER=false
## htsjdk.samtools.metrics.StringHeader
# Started on: Tue Dec 31 12:28:41 EST 2019

## METRICS CLASS	picard.analysis.InsertSizeMetrics
MEDIAN_INSERT_SIZE	MODE_INSERT_SIZE	MEDIAN_ABSOLUTE_DEVIATION	MIN_INSERT_SIZE	MAX_INSERT_SIZE	MEAN_INSERT_SIZE	STANDARD_DEVIATION	READ_PAIRS	PAIR_ORIENTATION	WIDTH_OF_10_PERCENT	WIDTH_OF_20_PERCENT	WIDTH_OF_30_PERCENT	WIDTH_OF_40_PERCENT	WIDTH_OF_50_PERCENT	WIDTH_OF_60_PERCENT	WIDTH_OF_70_PERCENT	WIDTH_OF_80_PERCENT	WIDTH_OF_90_PERCENT	WIDTH_OF_95_PERCENT	WIDTH_OF_99_PERCENT	SAMPLE	LIBRARY	READ_GROUP
173	167	11	2	243087159	172.59004	20.468469	47079910	FR	5	9	13	19	23	31	41	57	93	295	449			

## HISTOGRAM	java.lang.Integer
insert_size	All_Reads.fr_count
2	59
3	41
4	40
5	47
6	44
7	60
8	43
9	47
10	46
11	50
12	60
13	64
14	60
15	47
16	48
17	48
18	45
19	48
20	44
21	40
22	57
23	47
24	61
25	61
26	59
27	45
28	63
29	65
30	41
31	48
32	50
33	49
34	48
35	48
36	64
37	57
38	64
39	56
40	59
41	61
42	61
43	42
44	57
45	66
46	48
47	48
48	59
49	53
50	74
51	57
52	56
53	75
54	65
55	71
56	78
57	85
58	78
59	91
60	75
61	67
62	77
63	90
64	84
65	103
66	114
67	101
68	101
69	90
70	128
71	106
72	130
73	112
74	2090
75	2325
76	2495
77	2554
78	2831
79	3392
80	3461
81	3527
82	3357
83	2814
84	2720
85	2850
86	3046
87	3316
88	3476
89	4187
90	4940
91	6239
92	6245
93	5271
94	5554
95	5503
96	5733
97	6168
98	6715
99	8076
100	8906
101	9659
102	9784
103	9789
104	9329
105	9083
106	9152
107	10273
108	11351
109	12862
110	15151
111	16826
112	17412
113	15595
114	14803
115	14858
116	15586
117	16844
118	19207
119	21840
120	27895
121	36911
122	44076
123	43499
124	35482
125	29076
126	28126
127	30665
128	34092
129	39931
130	50161
131	64530
132	86698
133	108484
134	113969
135	101296
136	91584
137	96593
138	117882
139	151197
140	194113
141	226888
142	241812
143	243077
144	246812
145	253280
146	255039
147	264771
148	287821
149	318415
150	357162
151	400014
152	438110
153	447980
154	436015
155	437213
156	469540
157	529980
158	607598
159	692896
160	763213
161	814257
162	864165
163	953387
164	1085187
165	1214425
166	1279288
167	1299744
168	1295756
169	1269618
170	1222790
171	1166598
172	1119761
173	1100465
174	1095439
175	1094794
176	1077777
177	1036491
178	977494
179	909381
180	841764
181	775595
182	720360
183	670281
184	630448
185	601493
186	576395
187	551481
188	524065
189	494489
190	459503
191	422405
192	388127
193	354612
194	327869
195	306078
196	286021
197	272890
198	260489
199	247896
200	235323
201	221376
202	205571
203	189286
204	176741
205	163420
206	150820
207	141773
208	134938
209	127717
210	121041
211	113855
212	106486
213	98559
214	90735
215	83993
216	76588
217	71673
218	67128
219	63360
220	59481
221	56431
222	52108
223	48420
224	44635
225	40741
226	36920
227	34451
228	32487
229	30231
230	28623
231	26204
232	24283
233	23189
234	21291
235	19736
236	18278
237	17279
238	16047
239	14904
240	14386
241	13881
242	13258
243	12409
244	11723
245	10824
246	10385
247	9678
248	9325
249	8807
250	8764
251	8263
252	8095
253	7911
254	8957
255	7091
256	6364
257	6274
258	6582
259	5703
260	5326
261	5411
262	5188
263	5448
264	5278
265	5304
266	5136
267	5131
268	4933
269	5041
270	5090
271	5167
272	5468
273	5615
274	5438
275	5448
276	5448
277	5480
278	5629
279	6026
280	6336
281	6891
282	7189
283	7635

