## htsjdk.samtools.metrics.StringHeader
# CollectInsertSizeMetrics HISTOGRAM_FILE=/home/dnaase/startup/data/public_cfdna/sun2019gr/TBR911.rep1/TBR911.hg19.insert_size_histogram.pdf INPUT=/home/dnaase/startup/data/public_cfdna/sun2019gr/TBR911.rep1/TBR911.hg19.mdups.bam OUTPUT=/home/dnaase/startup/data/public_cfdna/sun2019gr/TBR911.rep1/TBR911.hg19.insert_size_metrics.txt    DEVIATIONS=10.0 MINIMUM_PCT=0.05 METRIC_ACCUMULATION_LEVEL=[ALL_READS] INCLUDE_DUPLICATES=false ASSUME_SORTED=true STOP_AFTER=0 VERBOSITY=INFO QUIET=false VALIDATION_STRINGENCY=STRICT COMPRESSION_LEVEL=5 MAX_RECORDS_IN_RAM=500000 CREATE_INDEX=false CREATE_MD5_FILE=false GA4GH_CLIENT_SECRETS=client_secrets.json USE_JDK_DEFLATER=false USE_JDK_INFLATER=false
## htsjdk.samtools.metrics.StringHeader
# Started on: Tue Dec 31 19:07:02 EST 2019

## METRICS CLASS	picard.analysis.InsertSizeMetrics
MEDIAN_INSERT_SIZE	MODE_INSERT_SIZE	MEDIAN_ABSOLUTE_DEVIATION	MIN_INSERT_SIZE	MAX_INSERT_SIZE	MEAN_INSERT_SIZE	STANDARD_DEVIATION	READ_PAIRS	PAIR_ORIENTATION	WIDTH_OF_10_PERCENT	WIDTH_OF_20_PERCENT	WIDTH_OF_30_PERCENT	WIDTH_OF_40_PERCENT	WIDTH_OF_50_PERCENT	WIDTH_OF_60_PERCENT	WIDTH_OF_70_PERCENT	WIDTH_OF_80_PERCENT	WIDTH_OF_90_PERCENT	WIDTH_OF_95_PERCENT	WIDTH_OF_99_PERCENT	SAMPLE	LIBRARY	READ_GROUP
145	165	21	2	242474905	139.562005	38.148934	23603951	FR	9	17	25	33	43	51	65	85	127	185	237			

## HISTOGRAM	java.lang.Integer
insert_size	All_Reads.fr_count
2	6
3	6
4	3
5	10
6	14
7	3
8	6
9	7
10	13
11	6
12	7
13	16
14	15
15	17
16	13
17	10
18	17
19	8
20	24
21	19
22	23
23	27568
24	17552
25	15114
26	12131
27	87037
28	71510
29	60135
30	49412
31	51271
32	43015
33	38866
34	34814
35	32643
36	30679
37	32448
38	30508
39	27947
40	27454
41	25092
42	23917
43	24503
44	23818
45	23307
46	23355
47	26357
48	24485
49	23692
50	21753
51	21996
52	21036
53	23200
54	22454
55	21872
56	23833
57	24147
58	24683
59	26556
60	25939
61	26588
62	26125
63	26039
64	26992
65	28101
66	26769
67	27931
68	30330
69	32253
70	33454
71	35784
72	34737
73	36369
74	38568
75	40299
76	38012
77	39787
78	40036
79	42157
80	41614
81	44534
82	44644
83	46488
84	46424
85	47954
86	49451
87	52499
88	55897
89	57201
90	59525
91	63721
92	63588
93	63599
94	67643
95	69243
96	71379
97	74112
98	79097
99	82554
100	87771
101	91108
102	93513
103	99221
104	97795
105	101272
106	105094
107	111914
108	114592
109	128349
110	130635
111	136742
112	135986
113	138960
114	143459
115	144234
116	154317
117	164818
118	176688
119	183757
120	188722
121	199010
122	199218
123	197844
124	196491
125	197654
126	198924
127	201233
128	207392
129	217607
130	230639
131	237844
132	255950
133	256524
134	257685
135	257302
136	258102
137	262477
138	274396
139	282554
140	290882
141	296740
142	293491
143	293717
144	294238
145	293249
146	298205
147	300061
148	305561
149	312957
150	316059
151	317165
152	318892
153	314453
154	309747
155	311054
156	316273
157	324176
158	331566
159	336802
160	337091
161	335297
162	332772
163	335641
164	340501
165	343644
166	333786
167	316252
168	295792
169	276898
170	255750
171	238000
172	222844
173	211266
174	202215
175	193239
176	182257
177	168970
178	155870
179	142506
180	130509
181	116414
182	106311
183	99464
184	93481
185	88764
186	83880
187	79543
188	74421
189	70544
190	64862
191	60285
192	55672
193	51893
194	49209
195	46068
196	43973
197	42899
198	38534
199	36550
200	35459
201	30684
202	27920
203	26218
204	24736
205	22689
206	21480
207	20182
208	19318
209	18295
210	16969
211	15603
212	14623
213	13920
214	13355
215	12546
216	11285
217	9908
218	9653
219	9477
220	8730
221	8228
222	8019
223	7285
224	7014
225	6646
226	6158
227	6057
228	5652
229	5704
230	4786
231	4472
232	4395
233	4098
234	4144
235	3985
236	3759
237	3597
238	3861
239	3653
240	3387
241	3509
242	3142
243	2993
244	3190
245	2937
246	3134
247	2799
248	2934
249	2956
250	3054
251	2844
252	2559
253	2560
254	2580
255	2603
256	2670
257	2656
258	3231
259	3046
260	2870
261	2937
262	2908
263	3222
264	3446
265	3293
266	3678
267	3935
268	5403
269	3741
270	3323
271	10304
272	1850
273	510
274	1021
275	234
276	234
277	217
278	251
279	257
280	242
281	291
282	290
283	285
284	293
285	314
286	298
287	348
288	343
289	380
290	365
291	391
292	429
293	428
294	409
295	391
296	439
297	416
298	452
299	416
300	431
301	487
302	472
303	507
304	515
305	501
306	546
307	518
308	571
309	525
310	531
311	567
312	583
313	540
314	557
315	560
316	556
317	523
318	527
319	524
320	510
321	528
322	502
323	494
324	524
325	506
326	503
327	533
328	442
329	518
330	481
331	496
332	469
333	469
334	466
335	442
336	452
337	442
338	363
339	451
340	367
341	390
342	432
343	397
344	339
345	391
346	339
347	362
348	374
349	358
350	314
351	348
352	321
353	289
354	295
355	305

