## htsjdk.samtools.metrics.StringHeader
# CollectInsertSizeMetrics HISTOGRAM_FILE=/home/dnaase/startup/data/public_cfdna/jiang2015pnas/C312/C312.hg19.insert_size_histogram.pdf INPUT=/home/dnaase/startup/data/public_cfdna/jiang2015pnas/C312/C312.hg19.mdups.bam OUTPUT=/home/dnaase/startup/data/public_cfdna/jiang2015pnas/C312/C312.hg19.insert_size_metrics.txt    DEVIATIONS=10.0 MINIMUM_PCT=0.05 METRIC_ACCUMULATION_LEVEL=[ALL_READS] INCLUDE_DUPLICATES=false ASSUME_SORTED=true STOP_AFTER=0 VERBOSITY=INFO QUIET=false VALIDATION_STRINGENCY=STRICT COMPRESSION_LEVEL=5 MAX_RECORDS_IN_RAM=500000 CREATE_INDEX=false CREATE_MD5_FILE=false GA4GH_CLIENT_SECRETS=client_secrets.json USE_JDK_DEFLATER=false USE_JDK_INFLATER=false
## htsjdk.samtools.metrics.StringHeader
# Started on: Tue Dec 31 12:07:21 EST 2019

## METRICS CLASS	picard.analysis.InsertSizeMetrics
MEDIAN_INSERT_SIZE	MODE_INSERT_SIZE	MEDIAN_ABSOLUTE_DEVIATION	MIN_INSERT_SIZE	MAX_INSERT_SIZE	MEAN_INSERT_SIZE	STANDARD_DEVIATION	READ_PAIRS	PAIR_ORIENTATION	WIDTH_OF_10_PERCENT	WIDTH_OF_20_PERCENT	WIDTH_OF_30_PERCENT	WIDTH_OF_40_PERCENT	WIDTH_OF_50_PERCENT	WIDTH_OF_60_PERCENT	WIDTH_OF_70_PERCENT	WIDTH_OF_80_PERCENT	WIDTH_OF_90_PERCENT	WIDTH_OF_95_PERCENT	WIDTH_OF_99_PERCENT	SAMPLE	LIBRARY	READ_GROUP
170	166	10	2	242555717	169.663701	17.824011	37136976	FR	5	7	11	15	21	27	35	47	73	171	405			

## HISTOGRAM	java.lang.Integer
insert_size	All_Reads.fr_count
2	39
3	43
4	32
5	35
6	35
7	27
8	32
9	32
10	24
11	30
12	40
13	31
14	34
15	35
16	36
17	19
18	21
19	37
20	23
21	35
22	31
23	19
24	23
25	42
26	31
27	26
28	41
29	37
30	32
31	29
32	32
33	30
34	26
35	40
36	44
37	40
38	42
39	28
40	31
41	36
42	31
43	33
44	42
45	44
46	35
47	36
48	37
49	35
50	47
51	50
52	45
53	66
54	51
55	40
56	59
57	49
58	52
59	62
60	58
61	62
62	63
63	61
64	75
65	99
66	88
67	63
68	74
69	78
70	84
71	91
72	93
73	101
74	1790
75	1953
76	1945
77	2190
78	2286
79	2788
80	2577
81	2692
82	2329
83	1793
84	1824
85	1840
86	1915
87	2094
88	2328
89	2879
90	3592
91	4022
92	3931
93	3134
94	2734
95	2529
96	2689
97	3024
98	3440
99	4301
100	4916
101	5216
102	5092
103	4849
104	5354
105	6126
106	6281
107	6702
108	7535
109	8846
110	10592
111	11817
112	11880
113	10794
114	10284
115	10262
116	11086
117	12144
118	13777
119	16359
120	21083
121	28095
122	33080
123	32591
124	25601
125	21724
126	21529
127	23846
128	27348
129	32226
130	39971
131	53161
132	72155
133	91441
134	96138
135	86822
136	78833
137	84622
138	104363
139	134099
140	170708
141	199313
142	212930
143	215280
144	219730
145	226288
146	230800
147	240654
148	262810
149	290385
150	324050
151	361953
152	394777
153	403615
154	395412
155	402318
156	433459
157	491975
158	563917
159	635625
160	695619
161	739864
162	792551
163	887260
164	1032311
165	1167964
166	1227577
167	1223171
168	1192168
169	1141954
170	1084118
171	1022870
172	976342
173	951258
174	943902
175	928945
176	898779
177	841701
178	774283
179	703796
180	633440
181	569845
182	517814
183	474421
184	439209
185	412024
186	388295
187	364159
188	336486
189	309171
190	280386
191	253295
192	226925
193	204952
194	187853
195	174209
196	161914
197	152830
198	144718
199	135484
200	127943
201	119077
202	109312
203	99765
204	92702
205	85046
206	78605
207	72702
208	68308
209	64230
210	60458
211	55976
212	52021
213	47897
214	42904
215	39433
216	35796
217	33290
218	31044
219	28974
220	26768
221	24825
222	22890
223	21071
224	19179
225	17740
226	15729
227	14443
228	13464
229	12641
230	11949
231	10937
232	9959
233	9424
234	8727
235	8318
236	8134
237	7415
238	5858
239	5164
240	4894
241	4733
242	4500
243	4435
244	4133
245	4063
246	3849
247	3569
248	3449
249	3244
250	3185
251	3193
252	3027
253	3138
254	3008
255	2809
256	2960
257	2838
258	2798
259	2687
260	2668
261	2543
262	2641
263	2789
264	2689
265	2670
266	2703
267	2643
268	2621
269	2793
270	2775

