## htsjdk.samtools.metrics.StringHeader
# CollectInsertSizeMetrics HISTOGRAM_FILE=/home/dnaase/startup/data/public_cfdna/jiang2015pnas/C360/C360.hg19.insert_size_histogram.pdf INPUT=/home/dnaase/startup/data/public_cfdna/jiang2015pnas/C360/C360.hg19.mdups.bam OUTPUT=/home/dnaase/startup/data/public_cfdna/jiang2015pnas/C360/C360.hg19.insert_size_metrics.txt    DEVIATIONS=10.0 MINIMUM_PCT=0.05 METRIC_ACCUMULATION_LEVEL=[ALL_READS] INCLUDE_DUPLICATES=false ASSUME_SORTED=true STOP_AFTER=0 VERBOSITY=INFO QUIET=false VALIDATION_STRINGENCY=STRICT COMPRESSION_LEVEL=5 MAX_RECORDS_IN_RAM=500000 CREATE_INDEX=false CREATE_MD5_FILE=false GA4GH_CLIENT_SECRETS=client_secrets.json USE_JDK_DEFLATER=false USE_JDK_INFLATER=false
## htsjdk.samtools.metrics.StringHeader
# Started on: Tue Dec 31 12:20:42 EST 2019

## METRICS CLASS	picard.analysis.InsertSizeMetrics
MEDIAN_INSERT_SIZE	MODE_INSERT_SIZE	MEDIAN_ABSOLUTE_DEVIATION	MIN_INSERT_SIZE	MAX_INSERT_SIZE	MEAN_INSERT_SIZE	STANDARD_DEVIATION	READ_PAIRS	PAIR_ORIENTATION	WIDTH_OF_10_PERCENT	WIDTH_OF_20_PERCENT	WIDTH_OF_30_PERCENT	WIDTH_OF_40_PERCENT	WIDTH_OF_50_PERCENT	WIDTH_OF_60_PERCENT	WIDTH_OF_70_PERCENT	WIDTH_OF_80_PERCENT	WIDTH_OF_90_PERCENT	WIDTH_OF_95_PERCENT	WIDTH_OF_99_PERCENT	SAMPLE	LIBRARY	READ_GROUP
173	167	12	2	243087193	172.81677	21.301425	29778428	FR	5	9	13	19	25	31	43	59	101	305	479			

## HISTOGRAM	java.lang.Integer
insert_size	All_Reads.fr_count
2	45
3	35
4	33
5	38
6	42
7	30
8	35
9	32
10	31
11	39
12	32
13	35
14	30
15	35
16	27
17	22
18	37
19	36
20	35
21	29
22	41
23	29
24	43
25	36
26	36
27	30
28	33
29	43
30	39
31	40
32	30
33	32
34	20
35	43
36	31
37	30
38	31
39	40
40	27
41	28
42	35
43	25
44	24
45	29
46	24
47	29
48	40
49	28
50	30
51	47
52	28
53	36
54	41
55	31
56	40
57	42
58	56
59	44
60	43
61	44
62	51
63	47
64	53
65	58
66	61
67	48
68	49
69	55
70	76
71	73
72	72
73	57
74	754
75	770
76	862
77	939
78	1107
79	1320
80	1701
81	1681
82	1417
83	1057
84	1081
85	1103
86	1215
87	1306
88	1688
89	2031
90	2638
91	3844
92	3858
93	3190
94	2826
95	2874
96	2797
97	3095
98	3686
99	4596
100	5142
101	5779
102	5752
103	5555
104	5456
105	5215
106	5291
107	6141
108	6820
109	7858
110	9498
111	10636
112	10729
113	9826
114	9122
115	9078
116	9707
117	10442
118	11934
119	14167
120	17840
121	24096
122	28546
123	27622
124	21844
125	18058
126	17552
127	19685
128	22502
129	26812
130	33034
131	42738
132	57314
133	70865
134	74600
135	66721
136	60035
137	63253
138	78103
139	101231
140	128304
141	150286
142	159141
143	157779
144	159324
145	163027
146	164125
147	170196
148	184094
149	204581
150	228089
151	256029
152	281911
153	286072
154	274405
155	274012
156	293965
157	330959
158	382623
159	437988
160	484728
161	518646
162	550460
163	604092
164	683871
165	763303
166	806305
167	816207
168	810761
169	792431
170	761188
171	726220
172	695310
173	684209
174	676119
175	669812
176	658390
177	629906
178	596171
179	556227
180	515792
181	478458
182	444076
183	413184
184	389843
185	370553
186	354910
187	340211
188	325013
189	307870
190	288075
191	267892
192	245091
193	225411
194	207232
195	194388
196	182816
197	173755
198	166980
199	159990
200	152459
201	142717
202	132904
203	123762
204	113805
205	105852
206	96861
207	91327
208	86450
209	82328
210	78162
211	73053
212	68283
213	63124
214	57602
215	53720
216	48916
217	44738
218	42135
219	39150
220	36993
221	34549
222	32195
223	30100
224	27569
225	24533
226	22707
227	20686
228	19264
229	18150
230	16912
231	15900
232	14621
233	13500
234	12573
235	11434
236	10592
237	9871
238	9141
239	8501
240	7983
241	7796
242	7384
243	7058
244	6658
245	6171
246	5707
247	5510
248	5291
249	5045
250	4826
251	4800
252	4728
253	4543
254	4751
255	4370
256	3994
257	4109
258	4679
259	3647
260	3296
261	3297
262	3512
263	3358
264	3310
265	3273
266	3205
267	3175
268	3207
269	3231
270	3441
271	3578
272	3604
273	3731
274	3793
275	3854
276	3894
277	4016
278	4107
279	4258
280	4568
281	4983
282	5421
283	5745
284	5844
285	5846
286	6248
287	6485
288	6802
289	7331
290	7809
291	8082
292	8807
293	9267

