## htsjdk.samtools.metrics.StringHeader
# CollectInsertSizeMetrics HISTOGRAM_FILE=/home/dnaase/startup/data/public_cfdna/sun2019gr/TBR901/TBR901.hg19.insert_size_histogram.pdf INPUT=/home/dnaase/startup/data/public_cfdna/sun2019gr/TBR901/TBR901.hg19.mdups.bam OUTPUT=/home/dnaase/startup/data/public_cfdna/sun2019gr/TBR901/TBR901.hg19.insert_size_metrics.txt    DEVIATIONS=10.0 MINIMUM_PCT=0.05 METRIC_ACCUMULATION_LEVEL=[ALL_READS] INCLUDE_DUPLICATES=false ASSUME_SORTED=true STOP_AFTER=0 VERBOSITY=INFO QUIET=false VALIDATION_STRINGENCY=STRICT COMPRESSION_LEVEL=5 MAX_RECORDS_IN_RAM=500000 CREATE_INDEX=false CREATE_MD5_FILE=false GA4GH_CLIENT_SECRETS=client_secrets.json USE_JDK_DEFLATER=false USE_JDK_INFLATER=false
## htsjdk.samtools.metrics.StringHeader
# Started on: Tue Dec 31 18:21:00 EST 2019

## METRICS CLASS	picard.analysis.InsertSizeMetrics
MEDIAN_INSERT_SIZE	MODE_INSERT_SIZE	MEDIAN_ABSOLUTE_DEVIATION	MIN_INSERT_SIZE	MAX_INSERT_SIZE	MEAN_INSERT_SIZE	STANDARD_DEVIATION	READ_PAIRS	PAIR_ORIENTATION	WIDTH_OF_10_PERCENT	WIDTH_OF_20_PERCENT	WIDTH_OF_30_PERCENT	WIDTH_OF_40_PERCENT	WIDTH_OF_50_PERCENT	WIDTH_OF_60_PERCENT	WIDTH_OF_70_PERCENT	WIDTH_OF_80_PERCENT	WIDTH_OF_90_PERCENT	WIDTH_OF_95_PERCENT	WIDTH_OF_99_PERCENT	SAMPLE	LIBRARY	READ_GROUP
115	20	46	2	239829625	101.060696	60.972291	14359202	FR	19	37	55	73	93	117	167	187	191	193	277			

## HISTOGRAM	java.lang.Integer
insert_size	All_Reads.fr_count
2	875
3	1031
4	1216
5	1466
6	1813
7	2244
8	2675
9	3341
10	3635
11	4164
12	4817
13	5287
14	5976
15	6054
16	6763
17	6981
18	8595
19	700753
20	795601
21	679819
22	488721
23	330279
24	226390
25	162697
26	132232
27	96322
28	75069
29	66423
30	55301
31	51269
32	44555
33	41243
34	37656
35	35291
36	31420
37	29885
38	28485
39	25806
40	27399
41	26350
42	26467
43	27221
44	26194
45	25104
46	23274
47	24811
48	23160
49	22402
50	20208
51	20304
52	19618
53	21659
54	20818
55	20112
56	21017
57	20151
58	20227
59	21558
60	21718
61	22966
62	23410
63	24237
64	25715
65	25869
66	25056
67	25315
68	26136
69	26890
70	28037
71	29319
72	28648
73	29678
74	32427
75	34070
76	32529
77	34095
78	33886
79	35855
80	36504
81	36959
82	35003
83	34945
84	34639
85	35331
86	36631
87	39576
88	41834
89	44518
90	47686
91	51191
92	48645
93	47215
94	48145
95	48130
96	48510
97	49118
98	52165
99	54336
100	58313
101	59716
102	60473
103	61717
104	60122
105	61377
106	62250
107	65467
108	66423
109	73198
110	75911
111	79322
112	76819
113	76765
114	78582
115	76190
116	79784
117	82681
118	87189
119	91596
120	92372
121	98101
122	97627
123	95387
124	92952
125	91354
126	91495
127	92458
128	95375
129	98220
130	104818
131	107951
132	115833
133	115287
134	114835
135	111182
136	110599
137	110777
138	113797
139	115207
140	118927
141	120643
142	118671
143	117957
144	116371
145	115750
146	114303
147	113929
148	113984
149	115977
150	115104
151	116033
152	115427
153	113744
154	110631
155	110130
156	109798
157	111239
158	112661
159	112351
160	112475
161	112368
162	110270
163	110128
164	110665
165	110435
166	107775
167	100769
168	95394
169	90525
170	83229
171	77689
172	72437
173	67967
174	64470
175	59623
176	55781
177	50973
178	47656
179	43589
180	39417
181	36231
182	33457
183	30883
184	29186
185	27458
186	25558
187	24074
188	22940
189	22185
190	19907
191	18820
192	17897
193	16423
194	15541
195	14671
196	14455
197	14196
198	12387
199	11670
200	11397
201	10336
202	8605
203	8193
204	7908
205	7184
206	6927
207	6437
208	6042
209	5812
210	5680
211	5104
212	5051
213	4694
214	4537
215	4336
216	3922
217	3750
218	3920
219	3993
220	3618
221	3447
222	3320
223	2755
224	2627
225	2449
226	2259
227	2424
228	2228
229	2233
230	2314
231	2152
232	2195
233	2032
234	2082
235	2039
236	1919
237	1929
238	2081
239	1829
240	1626
241	1813
242	1668
243	1691
244	1751
245	1672
246	1772
247	1555
248	1680
249	1686
250	1716
251	1637
252	1638
253	1665
254	1666
255	1580
256	1507
257	1449
258	1650
259	1612
260	1516
261	1486
262	1625
263	1653
264	1790
265	1807
266	1632
267	1582
268	1564
269	1527
270	1505
271	1537
272	1490
273	1594
274	1511
275	1607
276	1602
277	1551
278	1611
279	1700
280	1603
281	1602
282	1546
283	1484
284	1414
285	1499
286	1534
287	1718
288	1666
289	1863
290	1570
291	1680
292	1652
293	1610
294	1438
295	1507
296	1492
297	1603
298	1570
299	1585
300	1534
301	1591
302	1720
303	1757
304	1619
305	1597
306	1531
307	1622
308	1619
309	1536
310	1706
311	1752
312	1880
313	2026
314	1951
315	3246
316	1443
317	1904
318	2564
319	586
320	659
321	1195
322	213
323	182
324	142
325	188
326	185
327	175
328	152
329	185
330	160
331	157
332	147
333	158
334	155
335	141
336	146
337	172
338	145
339	134
340	146
341	118
342	121
343	125
344	117
345	109
346	121
347	122
348	109
349	110
350	119
351	108
352	108
353	88
354	118
355	92
356	103
357	80
358	77
359	76
360	71
361	84
362	86
363	77
364	69
365	75
366	64
367	65
368	61
369	67
370	58
371	58
372	62
373	59
374	43
375	43
376	56
377	43
378	41
379	45
380	35
381	41
382	39
383	42
384	45
385	27
386	19
387	32
388	30
389	26
390	23
391	37
392	29
393	21
394	27
395	21
396	20
397	20
398	24
399	13
400	15
401	14
402	19
403	14
404	19
405	12
406	15
407	10
408	9
409	12
410	9
411	8
412	15
413	9
414	9
415	7
416	10
417	9
418	4
419	10
420	5
421	7
422	4
423	8
424	11
425	5
426	4
427	6
428	3
429	6
430	10
431	5
432	5
433	7
434	5
435	5
436	6
437	6
438	4
439	6
440	8
441	4
442	2
443	2
444	4
445	5
446	5
447	3
448	10
449	4
450	9
451	5
452	8
453	3
454	3
455	7
456	9
457	8
458	3
459	8
460	4
461	3
462	8
463	2
464	7
465	1
466	3
467	4
468	4
469	5
470	4
471	6
472	5
473	6
474	7
475	2
476	8
477	11
478	8
479	9
480	6
481	3
482	5
483	5
484	2
485	7
486	3
487	6
488	4
489	13
490	3
491	6
492	4
493	6
494	4
495	5
496	7
497	4
498	5
499	6
500	5
501	4
502	2
503	5
504	4
505	6
506	6
507	1
508	3
509	4
510	1
511	2
512	3
513	8
514	5
515	1
517	3
518	8
519	9
520	1
521	8
522	4
523	4
524	3
525	4
526	4
527	2
528	5
529	4
530	4
531	4
532	1
533	4
534	3
535	10
536	3
537	1
538	1
539	2
540	1
541	3
542	1
543	3
544	4
545	1
546	2
547	2
548	3
549	1
550	6
551	3
553	1
554	2
555	1
556	3
557	3
558	3
559	1
560	1
562	2
563	1
564	2
565	1
568	3
569	1
570	1
572	1
573	1
574	1
575	1

