## htsjdk.samtools.metrics.StringHeader
# CollectInsertSizeMetrics HISTOGRAM_FILE=/home/dnaase/startup/data/public_cfdna/sun2019gr/TBR919.rep1/TBR919.hg19.insert_size_histogram.pdf INPUT=/home/dnaase/startup/data/public_cfdna/sun2019gr/TBR919.rep1/TBR919.hg19.mdups.bam OUTPUT=/home/dnaase/startup/data/public_cfdna/sun2019gr/TBR919.rep1/TBR919.hg19.insert_size_metrics.txt    DEVIATIONS=10.0 MINIMUM_PCT=0.05 METRIC_ACCUMULATION_LEVEL=[ALL_READS] INCLUDE_DUPLICATES=false ASSUME_SORTED=true STOP_AFTER=0 VERBOSITY=INFO QUIET=false VALIDATION_STRINGENCY=STRICT COMPRESSION_LEVEL=5 MAX_RECORDS_IN_RAM=500000 CREATE_INDEX=false CREATE_MD5_FILE=false GA4GH_CLIENT_SECRETS=client_secrets.json USE_JDK_DEFLATER=false USE_JDK_INFLATER=false
## htsjdk.samtools.metrics.StringHeader
# Started on: Tue Dec 31 17:29:07 EST 2019

## METRICS CLASS	picard.analysis.InsertSizeMetrics
MEDIAN_INSERT_SIZE	MODE_INSERT_SIZE	MEDIAN_ABSOLUTE_DEVIATION	MIN_INSERT_SIZE	MAX_INSERT_SIZE	MEAN_INSERT_SIZE	STANDARD_DEVIATION	READ_PAIRS	PAIR_ORIENTATION	WIDTH_OF_10_PERCENT	WIDTH_OF_20_PERCENT	WIDTH_OF_30_PERCENT	WIDTH_OF_40_PERCENT	WIDTH_OF_50_PERCENT	WIDTH_OF_60_PERCENT	WIDTH_OF_70_PERCENT	WIDTH_OF_80_PERCENT	WIDTH_OF_90_PERCENT	WIDTH_OF_95_PERCENT	WIDTH_OF_99_PERCENT	SAMPLE	LIBRARY	READ_GROUP
146	165	20	2	246816131	140.373068	37.541041	19711620	FR	9	17	25	33	41	51	63	83	125	181	237			

## HISTOGRAM	java.lang.Integer
insert_size	All_Reads.fr_count
2	4
3	4
4	3
5	2
6	7
7	5
8	5
9	15
10	7
11	3
12	6
13	21
14	13
15	6
16	11
17	10
18	8
19	13
20	14
21	14
22	12
23	24
24	8427
25	7208
26	6200
27	45724
28	63062
29	52557
30	43194
31	38985
32	32452
33	30424
34	26615
35	26303
36	24833
37	26412
38	24878
39	22547
40	21951
41	19955
42	19231
43	19676
44	18999
45	20069
46	19360
47	22482
48	20883
49	20056
50	18473
51	18759
52	17644
53	20051
54	18744
55	18779
56	20613
57	21718
58	21270
59	22490
60	22398
61	22291
62	22151
63	22121
64	22923
65	23471
66	22547
67	24687
68	25991
69	28450
70	28526
71	29720
72	29194
73	30408
74	33198
75	34392
76	32417
77	34539
78	34411
79	36414
80	37236
81	38869
82	38249
83	38543
84	38918
85	40338
86	40923
87	43685
88	45736
89	47219
90	49858
91	52889
92	52670
93	52116
94	54251
95	54468
96	57217
97	59405
98	63100
99	66509
100	70778
101	73342
102	75248
103	79789
104	79281
105	80844
106	84089
107	88271
108	91638
109	101906
110	105026
111	110841
112	108655
113	111410
114	115307
115	115651
116	123204
117	133815
118	141020
119	148327
120	150565
121	159931
122	160125
123	158756
124	158856
125	161447
126	161300
127	163809
128	169721
129	177942
130	188079
131	193454
132	208178
133	210450
134	211999
135	209635
136	212038
137	217040
138	225491
139	233492
140	240044
141	246038
142	243972
143	243239
144	246339
145	245120
146	248928
147	251394
148	256591
149	263518
150	266961
151	269807
152	271731
153	268977
154	264259
155	265873
156	271234
157	277125
158	286445
159	292253
160	293230
161	294327
162	293375
163	294827
164	301650
165	304711
166	297130
167	282446
168	264112
169	248413
170	228396
171	211561
172	198178
173	187288
174	178917
175	169349
176	159489
177	146399
178	134150
179	121956
180	110515
181	99497
182	89862
183	82757
184	77428
185	73070
186	68350
187	63909
188	59617
189	56639
190	51671
191	46972
192	44233
193	40337
194	37799
195	35671
196	33931
197	33114
198	29381
199	27759
200	26862
201	24961
202	21105
203	19789
204	18840
205	17104
206	16169
207	15191
208	14343
209	13517
210	12628
211	11618
212	10855
213	10692
214	10100
215	9146
216	8564
217	7316
218	7039
219	7047
220	6456
221	6128
222	5957
223	5415
224	5326
225	4925
226	4519
227	4529
228	4351
229	4343
230	3677
231	3284
232	3217
233	3145
234	3129
235	3016
236	2864
237	2804
238	2919
239	2791
240	2682
241	2869
242	2462
243	2314
244	2471
245	2256
246	2400
247	2228
248	2368
249	2477
250	2409
251	2271
252	2097
253	2023
254	2204
255	2178
256	2211
257	2314
258	2620
259	2535
260	2466
261	2443
262	2607
263	2660
264	2836
265	2620
266	2973
267	3668
268	3923
269	3718
270	3618
271	6870
272	7689
273	513
274	354
275	813
276	206
277	207
278	240
279	220
280	252
281	260
282	239
283	277
284	332
285	298
286	316
287	326
288	317
289	372
290	398
291	404
292	370
293	392
294	429
295	437
296	427
297	443
298	464
299	470
300	492
301	490
302	502
303	534
304	540
305	601
306	569
307	551
308	575
309	549
310	621
311	607
312	582
313	642
314	576
315	613
316	624
317	598
318	619
319	608
320	572
321	547
322	572
323	548
324	581
325	517
326	494
327	521
328	499
329	521
330	535
331	512
332	539
333	461
334	439
335	494
336	470
337	498
338	424
339	475
340	397
341	426
342	432
343	384
344	411
345	398
346	392

