## htsjdk.samtools.metrics.StringHeader
# CollectInsertSizeMetrics HISTOGRAM_FILE=/home/dnaase/startup/data/public_cfdna/jiang2015pnas/C332/C332.hg19.insert_size_histogram.pdf INPUT=/home/dnaase/startup/data/public_cfdna/jiang2015pnas/C332/C332.hg19.mdups.bam OUTPUT=/home/dnaase/startup/data/public_cfdna/jiang2015pnas/C332/C332.hg19.insert_size_metrics.txt    DEVIATIONS=10.0 MINIMUM_PCT=0.05 METRIC_ACCUMULATION_LEVEL=[ALL_READS] INCLUDE_DUPLICATES=false ASSUME_SORTED=true STOP_AFTER=0 VERBOSITY=INFO QUIET=false VALIDATION_STRINGENCY=STRICT COMPRESSION_LEVEL=5 MAX_RECORDS_IN_RAM=500000 CREATE_INDEX=false CREATE_MD5_FILE=false GA4GH_CLIENT_SECRETS=client_secrets.json USE_JDK_DEFLATER=false USE_JDK_INFLATER=false
## htsjdk.samtools.metrics.StringHeader
# Started on: Tue Dec 31 12:40:29 EST 2019

## METRICS CLASS	picard.analysis.InsertSizeMetrics
MEDIAN_INSERT_SIZE	MODE_INSERT_SIZE	MEDIAN_ABSOLUTE_DEVIATION	MIN_INSERT_SIZE	MAX_INSERT_SIZE	MEAN_INSERT_SIZE	STANDARD_DEVIATION	READ_PAIRS	PAIR_ORIENTATION	WIDTH_OF_10_PERCENT	WIDTH_OF_20_PERCENT	WIDTH_OF_30_PERCENT	WIDTH_OF_40_PERCENT	WIDTH_OF_50_PERCENT	WIDTH_OF_60_PERCENT	WIDTH_OF_70_PERCENT	WIDTH_OF_80_PERCENT	WIDTH_OF_90_PERCENT	WIDTH_OF_95_PERCENT	WIDTH_OF_99_PERCENT	SAMPLE	LIBRARY	READ_GROUP
169	167	10	2	243086888	168.352032	19.003424	47461975	FR	5	7	11	17	21	29	37	51	75	129	399			

## HISTOGRAM	java.lang.Integer
insert_size	All_Reads.fr_count
2	40
3	51
4	54
5	39
6	36
7	33
8	36
9	35
10	44
11	34
12	39
13	37
14	33
15	41
16	37
17	34
18	39
19	39
20	31
21	27
22	32
23	29
24	28
25	36
26	39
27	35
28	43
29	45
30	29
31	33
32	28
33	37
34	41
35	41
36	32
37	53
38	47
39	49
40	26
41	40
42	46
43	36
44	43
45	45
46	32
47	52
48	43
49	52
50	48
51	60
52	50
53	68
54	74
55	67
56	71
57	77
58	80
59	76
60	80
61	80
62	72
63	87
64	110
65	116
66	114
67	110
68	137
69	119
70	140
71	146
72	138
73	171
74	2908
75	3043
76	3390
77	3556
78	3982
79	4720
80	5346
81	5444
82	4642
83	3730
84	3675
85	3616
86	4067
87	4302
88	4819
89	6020
90	7658
91	8929
92	8852
93	7143
94	6094
95	5685
96	5903
97	6478
98	7603
99	9328
100	12600
101	13786
102	13816
103	14380
104	13805
105	13187
106	13465
107	14728
108	16195
109	19298
110	23305
111	26202
112	26696
113	23974
114	22111
115	22666
116	24255
117	26326
118	29892
119	34345
120	43134
121	56658
122	67178
123	65253
124	52556
125	42996
126	42470
127	46525
128	52559
129	60838
130	74431
131	96379
132	127620
133	158555
134	164990
135	148380
136	135259
137	142357
138	171440
139	217513
140	269071
141	313278
142	332725
143	335531
144	342353
145	348537
146	351165
147	360400
148	385308
149	419911
150	463815
151	510269
152	549721
153	559152
154	545972
155	547095
156	581357
157	644951
158	728103
159	817423
160	892820
161	949726
162	1014766
163	1118111
164	1272794
165	1416282
166	1475699
167	1476418
168	1442358
169	1396935
170	1332579
171	1257002
172	1195881
173	1158884
174	1134749
175	1109555
176	1066066
177	1000262
178	922255
179	840231
180	760515
181	688319
182	626676
183	575774
184	533888
185	500374
186	471210
187	443867
188	412252
189	381656
190	349992
191	317862
192	288416
193	263205
194	240864
195	222719
196	207972
197	197358
198	187550
199	176627
200	164490
201	153103
202	141164
203	129680
204	119079
205	109605
206	102445
207	96150
208	90663
209	84336
210	80162
211	74290
212	68311
213	63131
214	57388
215	52938
216	48152
217	44500
218	41264
219	38968
220	36177
221	34115
222	31125
223	28364
224	26007
225	23423
226	21709
227	20263
228	18608
229	17002
230	15743
231	14554
232	13610
233	12700
234	11674
235	10679
236	9818
237	8931
238	8778
239	9315
240	6897
241	5986
242	5564
243	5273
244	5008
245	4807
246	4320
247	4087
248	3794
249	3847
250	3749
251	3565
252	3408
253	3502
254	3283
255	3189
256	2989
257	2923
258	2935
259	2769
260	2815
261	2828
262	2928
263	2929
264	3000
265	2809
266	2875
267	2777
268	2765
269	2935

