## htsjdk.samtools.metrics.StringHeader
# CollectInsertSizeMetrics HISTOGRAM_FILE=/home/dnaase/startup/data/public_cfdna/sun2019gr/TBR919.rep2/TBR919.hg19.insert_size_histogram.pdf INPUT=/home/dnaase/startup/data/public_cfdna/sun2019gr/TBR919.rep2/TBR919.hg19.mdups.bam OUTPUT=/home/dnaase/startup/data/public_cfdna/sun2019gr/TBR919.rep2/TBR919.hg19.insert_size_metrics.txt    DEVIATIONS=10.0 MINIMUM_PCT=0.05 METRIC_ACCUMULATION_LEVEL=[ALL_READS] INCLUDE_DUPLICATES=false ASSUME_SORTED=true STOP_AFTER=0 VERBOSITY=INFO QUIET=false VALIDATION_STRINGENCY=STRICT COMPRESSION_LEVEL=5 MAX_RECORDS_IN_RAM=500000 CREATE_INDEX=false CREATE_MD5_FILE=false GA4GH_CLIENT_SECRETS=client_secrets.json USE_JDK_DEFLATER=false USE_JDK_INFLATER=false
## htsjdk.samtools.metrics.StringHeader
# Started on: Tue Dec 31 16:18:09 EST 2019

## METRICS CLASS	picard.analysis.InsertSizeMetrics
MEDIAN_INSERT_SIZE	MODE_INSERT_SIZE	MEDIAN_ABSOLUTE_DEVIATION	MIN_INSERT_SIZE	MAX_INSERT_SIZE	MEAN_INSERT_SIZE	STANDARD_DEVIATION	READ_PAIRS	PAIR_ORIENTATION	WIDTH_OF_10_PERCENT	WIDTH_OF_20_PERCENT	WIDTH_OF_30_PERCENT	WIDTH_OF_40_PERCENT	WIDTH_OF_50_PERCENT	WIDTH_OF_60_PERCENT	WIDTH_OF_70_PERCENT	WIDTH_OF_80_PERCENT	WIDTH_OF_90_PERCENT	WIDTH_OF_95_PERCENT	WIDTH_OF_99_PERCENT	SAMPLE	LIBRARY	READ_GROUP
147	165	20	2	239421723	140.877202	37.175032	14488956	FR	9	17	25	33	41	49	63	81	125	179	237			

## HISTOGRAM	java.lang.Integer
insert_size	All_Reads.fr_count
2	4
3	4
4	4
5	5
6	5
7	2
8	7
9	8
10	7
11	6
12	2
13	16
14	11
15	6
16	9
17	10
18	7
19	9
20	8
21	10
22	7
23	18
24	4103
25	3865
26	3276
27	2565
28	46037
29	39344
30	32441
31	28579
32	23714
33	21981
34	19325
35	18509
36	16506
37	18195
38	18453
39	16710
40	15879
41	14563
42	13968
43	14522
44	14024
45	13653
46	13205
47	16229
48	15339
49	14882
50	13497
51	13645
52	13078
53	14704
54	13796
55	13654
56	14263
57	15383
58	15750
59	16546
60	16635
61	16799
62	16448
63	16542
64	17147
65	17388
66	16651
67	17093
68	18191
69	21277
70	21103
71	21812
72	21279
73	22487
74	24477
75	25634
76	23846
77	25253
78	25386
79	26780
80	26885
81	27595
82	28229
83	28413
84	28596
85	29694
86	29867
87	31856
88	33555
89	34345
90	36668
91	38951
92	38748
93	37989
94	39603
95	40056
96	40974
97	42981
98	46044
99	48738
100	51725
101	53905
102	55460
103	58815
104	57837
105	59091
106	61816
107	64770
108	67265
109	74745
110	77405
111	81356
112	79323
113	81336
114	84741
115	84863
116	89198
117	97269
118	103557
119	109173
120	110311
121	117687
122	117211
123	117222
124	116467
125	118440
126	118369
127	120486
128	124205
129	130618
130	137799
131	142586
132	152378
133	154923
134	156369
135	154415
136	156208
137	160192
138	165756
139	171380
140	175435
141	181356
142	179661
143	180076
144	181142
145	181120
146	183081
147	185507
148	189410
149	193933
150	196647
151	198566
152	200739
153	198848
154	194891
155	196195
156	199972
157	204836
158	211920
159	215982
160	217287
161	217444
162	217201
163	218460
164	222969
165	225354
166	219559
167	208843
168	194590
169	183099
170	168620
171	157039
172	147034
173	138882
174	132307
175	125306
176	118481
177	108734
178	99588
179	90303
180	81838
181	74646
182	66991
183	61242
184	57591
185	54516
186	50804
187	47675
188	44213
189	41925
190	38095
191	35148
192	32534
193	30026
194	27766
195	26506
196	25238
197	24892
198	21873
199	20668
200	19778
201	19076
202	15663
203	14654
204	13979
205	12664
206	12146
207	11413
208	10712
209	10104
210	9438
211	8711
212	8131
213	7779
214	7611
215	6964
216	6445
217	5441
218	5303
219	5212
220	4797
221	4655
222	4457
223	4107
224	3999
225	3642
226	3436
227	3333
228	3263
229	3181
230	2712
231	2466
232	2473
233	2297
234	2339
235	2188
236	2179
237	2185
238	2153
239	2107
240	2014
241	2101
242	1811
243	1701
244	1863
245	1663
246	1776
247	1695
248	1764
249	1891
250	1848
251	1705
252	1496
253	1564
254	1657
255	1521
256	1609
257	1752
258	1938
259	1822
260	1848
261	1795
262	1931
263	2034
264	2093
265	2014
266	2025
267	2737
268	2634
269	2851
270	2884
271	2666
272	9735
273	492
274	212
275	485
276	151
277	155
278	183
279	181
280	180
281	201
282	211
283	213
284	245
285	233
286	244
287	252
288	249
289	273
290	294
291	283
292	289
293	296
294	347
295	330
296	350
297	332
298	358
299	369
300	402
301	398
302	408
303	383
304	440
305	424
306	424
307	449
308	449
309	445
310	478
311	426
312	457
313	490
314	464
315	468
316	458
317	491
318	434
319	486
320	496
321	438
322	440
323	420
324	400
325	414
326	388
327	408
328	400
329	410
330	419
331	410
332	426
333	370
334	374
335	362
336	373
337	359
338	325
339	372
340	336
341	343
342	300
343	285
344	345
345	302
346	321
347	282

