## htsjdk.samtools.metrics.StringHeader
# CollectInsertSizeMetrics HISTOGRAM_FILE=/home/dnaase/startup/data/public_cfdna/sun2019gr/TBR912/TBR912.hg19.insert_size_histogram.pdf INPUT=/home/dnaase/startup/data/public_cfdna/sun2019gr/TBR912/TBR912.hg19.mdups.bam OUTPUT=/home/dnaase/startup/data/public_cfdna/sun2019gr/TBR912/TBR912.hg19.insert_size_metrics.txt    DEVIATIONS=10.0 MINIMUM_PCT=0.05 METRIC_ACCUMULATION_LEVEL=[ALL_READS] INCLUDE_DUPLICATES=false ASSUME_SORTED=true STOP_AFTER=0 VERBOSITY=INFO QUIET=false VALIDATION_STRINGENCY=STRICT COMPRESSION_LEVEL=5 MAX_RECORDS_IN_RAM=500000 CREATE_INDEX=false CREATE_MD5_FILE=false GA4GH_CLIENT_SECRETS=client_secrets.json USE_JDK_DEFLATER=false USE_JDK_INFLATER=false
## htsjdk.samtools.metrics.StringHeader
# Started on: Tue Dec 31 18:47:32 EST 2019

## METRICS CLASS	picard.analysis.InsertSizeMetrics
MEDIAN_INSERT_SIZE	MODE_INSERT_SIZE	MEDIAN_ABSOLUTE_DEVIATION	MIN_INSERT_SIZE	MAX_INSERT_SIZE	MEAN_INSERT_SIZE	STANDARD_DEVIATION	READ_PAIRS	PAIR_ORIENTATION	WIDTH_OF_10_PERCENT	WIDTH_OF_20_PERCENT	WIDTH_OF_30_PERCENT	WIDTH_OF_40_PERCENT	WIDTH_OF_50_PERCENT	WIDTH_OF_60_PERCENT	WIDTH_OF_70_PERCENT	WIDTH_OF_80_PERCENT	WIDTH_OF_90_PERCENT	WIDTH_OF_95_PERCENT	WIDTH_OF_99_PERCENT	SAMPLE	LIBRARY	READ_GROUP
126	20	37	2	246535835	109.859255	59.17222	22120352	FR	15	29	43	59	75	93	131	203	211	215	251			

## HISTOGRAM	java.lang.Integer
insert_size	All_Reads.fr_count
2	1235
3	1588
4	2073
5	2408
6	2906
7	3093
8	3518
9	3880
10	4433
11	5037
12	5475
13	6257
14	7298
15	7563
16	9421
17	10667
18	12710
19	841890
20	985688
21	865826
22	626241
23	407827
24	270725
25	189443
26	150880
27	108734
28	85446
29	76175
30	63940
31	66344
32	61694
33	58210
34	53517
35	49471
36	45055
37	43427
38	41350
39	37264
40	36150
41	32946
42	31639
43	32222
44	30817
45	30291
46	27968
47	30487
48	31514
49	32001
50	28953
51	29729
52	28523
53	31817
54	29982
55	28919
56	30728
57	29090
58	28923
59	30902
60	31132
61	31055
62	30822
63	31445
64	33273
65	33336
66	32246
67	33054
68	35746
69	38992
70	40250
71	42303
72	41203
73	42923
74	45814
75	47794
76	45893
77	47572
78	47986
79	51458
80	52261
81	52477
82	50071
83	49687
84	49709
85	51210
86	52490
87	56426
88	58808
89	61027
90	65081
91	70027
92	68460
93	65272
94	69797
95	70774
96	71876
97	72695
98	77351
99	80947
100	87059
101	89724
102	89833
103	92990
104	90320
105	92644
106	94794
107	100245
108	102537
109	113669
110	116727
111	121701
112	119462
113	119995
114	121525
115	120677
116	126444
117	132208
118	139640
119	145099
120	148257
121	157937
122	157317
123	153859
124	150077
125	149270
126	149510
127	150692
128	155083
129	163143
130	171638
131	177715
132	189987
133	190609
134	190323
135	186136
136	184610
137	188357
138	193307
139	198641
140	203199
141	206563
142	203573
143	202906
144	201680
145	200098
146	200883
147	201169
148	203675
149	207160
150	207138
151	206957
152	206823
153	203857
154	199199
155	200386
156	202173
157	205247
158	208528
159	211543
160	211913
161	209648
162	207277
163	208229
164	211361
165	212764
166	205932
167	195543
168	183651
169	172487
170	159388
171	147510
172	137806
173	130117
174	122628
175	117332
176	109158
177	100903
178	90200
179	81249
180	73992
181	67436
182	61308
183	57266
184	53671
185	50336
186	46718
187	44129
188	41400
189	39885
190	36459
191	33487
192	31077
193	28745
194	26994
195	25234
196	24400
197	23787
198	20746
199	19747
200	19289
201	17810
202	15992
203	15105
204	13004
205	11654
206	11203
207	10468
208	9802
209	9522
210	9136
211	8348
212	7807
213	7361
214	7066
215	6870
216	6307
217	5933
218	5993
219	6197
220	5653
221	5169
222	5212
223	4845
224	4159
225	3862
226	3639
227	3460
228	3307
229	3317
230	3403
231	3192
232	3216
233	3152
234	3027
235	2998
236	2990
237	2927
238	3003
239	2934
240	2734
241	2656
242	2423
243	2493
244	2693
245	2446
246	2726
247	2242
248	2496
249	2591
250	2628
251	2501
252	2534
253	2537
254	2614
255	2654
256	2161
257	2148
258	2534
259	2398
260	2392
261	2384
262	2506
263	2508
264	2645
265	2721
266	2559
267	2532
268	2563
269	2678
270	2280
271	2247
272	2395
273	2423
274	2366
275	2485
276	2605
277	2521
278	2718
279	2694
280	2743
281	2714
282	2552
283	2547
284	2596
285	2662
286	2621
287	2918
288	2976
289	3233
290	2894
291	2861
292	2983
293	3032
294	2847
295	2958
296	3341
297	3463
298	3510
299	3468
300	4231
301	3780
302	3948
303	7179
304	3038
305	2913
306	6773
307	1481
308	1292
309	3542
310	513
311	349
312	380
313	347
314	359
315	396
316	397
317	377
318	336
319	386
320	380
321	317
322	344
323	359
324	359
325	321
326	326
327	313
328	325
329	314
330	303
331	290
332	296
333	287
334	303
335	279
336	275
337	272
338	253
339	235
340	253
341	237
342	260
343	237
344	242
345	231
346	230
347	213
348	206
349	225
350	170
351	206
352	201
353	197
354	191
355	172
356	145
357	171
358	163
359	143
360	153
361	134
362	153
363	140
364	119
365	121
366	120
367	126
368	124
369	120
370	101
371	124
372	104
373	102
374	93
375	101
376	84
377	63
378	84
379	65
380	69
381	74
382	61
383	54
384	51
385	59
386	46
387	51
388	45
389	37
390	39
391	46
392	34
393	35
394	32
395	39
396	40
397	28
398	24
399	34
400	18
401	24
402	26
403	26
404	14
405	17
406	20
407	16
408	17
409	15
410	20
411	20
412	16
413	10
414	20
415	18
416	14
417	10
418	15
419	12
420	5
421	13
422	10
423	14
424	12
425	8
426	9
427	7
428	11
429	13
430	14
431	9
432	10
433	11
434	9
435	4
436	12
437	11
438	6
439	11
440	12
441	13
442	8
443	5
444	6
445	9
446	11
447	11
448	8
449	19
450	8
451	11
452	9
453	11
454	10
455	14
456	10
457	19
458	8
459	13
460	9
461	12
462	12
463	13
464	8
465	11
466	12
467	9
468	9
469	9
470	7
471	10
472	9
473	10
474	8
475	1
476	7
477	9
478	14
479	7
480	9
481	12
482	5
483	12
484	4
485	8
486	11
487	9
488	9
489	6
490	9
491	7
492	10
493	9
494	11
495	5
496	2

