## htsjdk.samtools.metrics.StringHeader
# CollectInsertSizeMetrics HISTOGRAM_FILE=/home/dnaase/startup/data/public_cfdna/jiang2015pnas/C359/C359.hg19.insert_size_histogram.pdf INPUT=/home/dnaase/startup/data/public_cfdna/jiang2015pnas/C359/C359.hg19.mdups.bam OUTPUT=/home/dnaase/startup/data/public_cfdna/jiang2015pnas/C359/C359.hg19.insert_size_metrics.txt    DEVIATIONS=10.0 MINIMUM_PCT=0.05 METRIC_ACCUMULATION_LEVEL=[ALL_READS] INCLUDE_DUPLICATES=false ASSUME_SORTED=true STOP_AFTER=0 VERBOSITY=INFO QUIET=false VALIDATION_STRINGENCY=STRICT COMPRESSION_LEVEL=5 MAX_RECORDS_IN_RAM=500000 CREATE_INDEX=false CREATE_MD5_FILE=false GA4GH_CLIENT_SECRETS=client_secrets.json USE_JDK_DEFLATER=false USE_JDK_INFLATER=false
## htsjdk.samtools.metrics.StringHeader
# Started on: Tue Dec 31 12:24:39 EST 2019

## METRICS CLASS	picard.analysis.InsertSizeMetrics
MEDIAN_INSERT_SIZE	MODE_INSERT_SIZE	MEDIAN_ABSOLUTE_DEVIATION	MIN_INSERT_SIZE	MAX_INSERT_SIZE	MEAN_INSERT_SIZE	STANDARD_DEVIATION	READ_PAIRS	PAIR_ORIENTATION	WIDTH_OF_10_PERCENT	WIDTH_OF_20_PERCENT	WIDTH_OF_30_PERCENT	WIDTH_OF_40_PERCENT	WIDTH_OF_50_PERCENT	WIDTH_OF_60_PERCENT	WIDTH_OF_70_PERCENT	WIDTH_OF_80_PERCENT	WIDTH_OF_90_PERCENT	WIDTH_OF_95_PERCENT	WIDTH_OF_99_PERCENT	SAMPLE	LIBRARY	READ_GROUP
174	168	12	2	248760221	173.862792	21.607916	31132960	FR	5	9	15	19	25	33	43	61	121	317	581			

## HISTOGRAM	java.lang.Integer
insert_size	All_Reads.fr_count
2	50
3	41
4	42
5	49
6	34
7	34
8	29
9	33
10	35
11	33
12	39
13	35
14	48
15	32
16	48
17	42
18	29
19	36
20	42
21	34
22	39
23	32
24	34
25	40
26	52
27	34
28	49
29	47
30	35
31	29
32	27
33	30
34	38
35	38
36	33
37	44
38	45
39	35
40	39
41	39
42	36
43	40
44	45
45	43
46	54
47	50
48	31
49	41
50	40
51	41
52	33
53	37
54	48
55	47
56	48
57	47
58	51
59	51
60	63
61	63
62	38
63	74
64	57
65	46
66	62
67	63
68	63
69	61
70	75
71	57
72	68
73	47
74	482
75	514
76	585
77	646
78	813
79	1066
80	1311
81	1288
82	1013
83	747
84	757
85	768
86	880
87	925
88	1139
89	1857
90	2476
91	2877
92	3304
93	2774
94	2419
95	2274
96	2479
97	2764
98	3121
99	3918
100	4467
101	4872
102	4809
103	4722
104	4542
105	4314
106	4427
107	4890
108	5850
109	6805
110	8216
111	9482
112	9429
113	8178
114	7649
115	7830
116	8379
117	9099
118	10504
119	12618
120	16098
121	21237
122	25457
123	25075
124	20161
125	16252
126	16052
127	17681
128	19915
129	23906
130	30540
131	39286
132	51911
133	64747
134	67932
135	60498
136	55293
137	58485
138	70861
139	91889
140	117807
141	138991
142	146414
143	147544
144	149853
145	154324
146	158324
147	164651
148	179106
149	199641
150	224306
151	251736
152	274986
153	280892
154	273179
155	273206
156	291730
157	329043
158	377690
159	433271
160	481333
161	515505
162	548302
163	602975
164	684239
165	760904
166	801447
167	817861
168	819667
169	811091
170	789483
171	759711
172	737107
173	725985
174	722231
175	718188
176	705006
177	677256
178	640785
179	599143
180	557835
181	515870
182	483337
183	451460
184	425581
185	404530
186	387058
187	368451
188	349864
189	331504
190	307673
191	286358
192	263953
193	244299
194	223614
195	207945
196	195525
197	184578
198	175241
199	167940
200	159370
201	149587
202	139268
203	129864
204	119449
205	111151
206	103410
207	96128
208	90393
209	85964
210	81358
211	77100
212	72004
213	67094
214	61749
215	57252
216	53008
217	48036
218	45029
219	42570
220	40068
221	37454
222	35347
223	32879
224	30634
225	27576
226	25198
227	23535
228	21637
229	20442
230	19232
231	17916
232	16696
233	15295
234	14201
235	13367
236	12236
237	11608
238	10680
239	10279
240	9658
241	9081
242	8686
243	8296
244	8106
245	7452
246	6852
247	6344
248	6239
249	5941
250	5840
251	5681
252	5473
253	5528
254	5370
255	5111
256	4930
257	4887
258	4756
259	5155
260	4461
261	4132
262	4247
263	4617
264	4127
265	4074
266	3780
267	3906
268	3885
269	3856
270	4001
271	4157
272	4560
273	4656
274	4734
275	4683
276	4883
277	4907
278	5090
279	5333
280	5772
281	6222
282	6815
283	7109
284	7311
285	7650
286	7982
287	8544
288	8900
289	9522
290	9972
291	10556
292	11513
293	11903
294	12942

