## htsjdk.samtools.metrics.StringHeader
# CollectInsertSizeMetrics HISTOGRAM_FILE=/home/dnaase/startup/data/public_cfdna/jiang2015pnas/C327/C327.hg19.insert_size_histogram.pdf INPUT=/home/dnaase/startup/data/public_cfdna/jiang2015pnas/C327/C327.hg19.mdups.bam OUTPUT=/home/dnaase/startup/data/public_cfdna/jiang2015pnas/C327/C327.hg19.insert_size_metrics.txt    DEVIATIONS=10.0 MINIMUM_PCT=0.05 METRIC_ACCUMULATION_LEVEL=[ALL_READS] INCLUDE_DUPLICATES=false ASSUME_SORTED=true STOP_AFTER=0 VERBOSITY=INFO QUIET=false VALIDATION_STRINGENCY=STRICT COMPRESSION_LEVEL=5 MAX_RECORDS_IN_RAM=500000 CREATE_INDEX=false CREATE_MD5_FILE=false GA4GH_CLIENT_SECRETS=client_secrets.json USE_JDK_DEFLATER=false USE_JDK_INFLATER=false
## htsjdk.samtools.metrics.StringHeader
# Started on: Tue Dec 31 12:38:48 EST 2019

## METRICS CLASS	picard.analysis.InsertSizeMetrics
MEDIAN_INSERT_SIZE	MODE_INSERT_SIZE	MEDIAN_ABSOLUTE_DEVIATION	MIN_INSERT_SIZE	MAX_INSERT_SIZE	MEAN_INSERT_SIZE	STANDARD_DEVIATION	READ_PAIRS	PAIR_ORIENTATION	WIDTH_OF_10_PERCENT	WIDTH_OF_20_PERCENT	WIDTH_OF_30_PERCENT	WIDTH_OF_40_PERCENT	WIDTH_OF_50_PERCENT	WIDTH_OF_60_PERCENT	WIDTH_OF_70_PERCENT	WIDTH_OF_80_PERCENT	WIDTH_OF_90_PERCENT	WIDTH_OF_95_PERCENT	WIDTH_OF_99_PERCENT	SAMPLE	LIBRARY	READ_GROUP
171	167	11	2	248760340	170.849573	20.101924	50769599	FR	5	9	13	17	23	31	41	55	89	283	431			

## HISTOGRAM	java.lang.Integer
insert_size	All_Reads.fr_count
2	55
3	50
4	47
5	46
6	37
7	43
8	38
9	42
10	45
11	48
12	48
13	38
14	50
15	41
16	39
17	38
18	35
19	48
20	31
21	28
22	43
23	44
24	40
25	49
26	40
27	49
28	56
29	39
30	48
31	55
32	34
33	48
34	47
35	65
36	37
37	45
38	46
39	51
40	47
41	58
42	47
43	55
44	55
45	53
46	49
47	56
48	51
49	63
50	61
51	56
52	49
53	56
54	73
55	64
56	70
57	71
58	77
59	73
60	66
61	98
62	71
63	79
64	91
65	82
66	107
67	77
68	102
69	122
70	140
71	105
72	117
73	124
74	1349
75	1471
76	1544
77	1681
78	1972
79	2560
80	2911
81	2988
82	2606
83	2051
84	1991
85	2115
86	2234
87	2443
88	2739
89	3548
90	4837
91	5866
92	5820
93	5053
94	4158
95	4289
96	5736
97	5988
98	6850
99	8560
100	9460
101	10757
102	11200
103	10824
104	10304
105	10040
106	10044
107	11454
108	13299
109	15095
110	18794
111	21731
112	22298
113	19691
114	18227
115	18502
116	19645
117	21289
118	24387
119	29187
120	37842
121	51144
122	60499
123	59287
124	47360
125	38992
126	37245
127	40925
128	46103
129	55765
130	67853
131	86835
132	116024
133	143441
134	150115
135	134914
136	121010
137	128204
138	153506
139	196540
140	248549
141	290941
142	308290
143	311102
144	313819
145	320985
146	324735
147	334072
148	357659
149	391420
150	433233
151	481032
152	522220
153	528998
154	514861
155	517946
156	551124
157	615052
158	698188
159	786615
160	864600
161	921126
162	980408
163	1079413
164	1225099
165	1365879
166	1433680
167	1445682
168	1429138
169	1394181
170	1337876
171	1278478
172	1229780
173	1205564
174	1197195
175	1183135
176	1148692
177	1089552
178	1017269
179	937190
180	863857
181	790165
182	728693
183	675539
184	631698
185	597738
186	564869
187	536496
188	506652
189	474272
190	438347
191	397455
192	363576
193	334038
194	308439
195	286192
196	269572
197	256032
198	243280
199	231186
200	218930
201	204939
202	190201
203	175566
204	161014
205	149035
206	139646
207	129921
208	123729
209	116306
210	110088
211	102491
212	95982
213	87615
214	80256
215	74224
216	68473
217	63883
218	59644
219	55586
220	52083
221	48061
222	44547
223	41226
224	38154
225	35023
226	32015
227	29745
228	27109
229	25242
230	23612
231	22263
232	20692
233	19105
234	18077
235	16258
236	15206
237	13925
238	13550
239	12926
240	12094
241	11682
242	11116
243	10504
244	9972
245	9713
246	8821
247	8547
248	8556
249	9032
250	7036
251	6446
252	6704
253	6806
254	6160
255	5910
256	5727
257	5619
258	5364
259	5381
260	5474
261	5480
262	5617
263	5808
264	5660
265	5907
266	5627
267	5696
268	5469
269	5682
270	5955
271	6316
272	6779
273	7009
274	7087
275	7041
276	7009
277	7236
278	7338
279	7767
280	8572
281	9368

