## htsjdk.samtools.metrics.StringHeader
# CollectInsertSizeMetrics HISTOGRAM_FILE=/home/dnaase/startup/data/public_cfdna/jiang2015pnas/C329/C329.hg19.insert_size_histogram.pdf INPUT=/home/dnaase/startup/data/public_cfdna/jiang2015pnas/C329/C329.hg19.mdups.bam OUTPUT=/home/dnaase/startup/data/public_cfdna/jiang2015pnas/C329/C329.hg19.insert_size_metrics.txt    DEVIATIONS=10.0 MINIMUM_PCT=0.05 METRIC_ACCUMULATION_LEVEL=[ALL_READS] INCLUDE_DUPLICATES=false ASSUME_SORTED=true STOP_AFTER=0 VERBOSITY=INFO QUIET=false VALIDATION_STRINGENCY=STRICT COMPRESSION_LEVEL=5 MAX_RECORDS_IN_RAM=500000 CREATE_INDEX=false CREATE_MD5_FILE=false GA4GH_CLIENT_SECRETS=client_secrets.json USE_JDK_DEFLATER=false USE_JDK_INFLATER=false
## htsjdk.samtools.metrics.StringHeader
# Started on: Tue Dec 31 12:23:16 EST 2019

## METRICS CLASS	picard.analysis.InsertSizeMetrics
MEDIAN_INSERT_SIZE	MODE_INSERT_SIZE	MEDIAN_ABSOLUTE_DEVIATION	MIN_INSERT_SIZE	MAX_INSERT_SIZE	MEAN_INSERT_SIZE	STANDARD_DEVIATION	READ_PAIRS	PAIR_ORIENTATION	WIDTH_OF_10_PERCENT	WIDTH_OF_20_PERCENT	WIDTH_OF_30_PERCENT	WIDTH_OF_40_PERCENT	WIDTH_OF_50_PERCENT	WIDTH_OF_60_PERCENT	WIDTH_OF_70_PERCENT	WIDTH_OF_80_PERCENT	WIDTH_OF_90_PERCENT	WIDTH_OF_95_PERCENT	WIDTH_OF_99_PERCENT	SAMPLE	LIBRARY	READ_GROUP
172	167	11	2	243086844	172.164299	19.772454	42605777	FR	5	9	13	17	23	29	39	55	87	287	429			

## HISTOGRAM	java.lang.Integer
insert_size	All_Reads.fr_count
2	44
3	46
4	34
5	35
6	40
7	33
8	33
9	49
10	39
11	40
12	45
13	37
14	39
15	49
16	30
17	44
18	30
19	44
20	27
21	36
22	42
23	33
24	41
25	34
26	36
27	43
28	34
29	40
30	34
31	29
32	40
33	26
34	26
35	40
36	24
37	48
38	38
39	46
40	48
41	33
42	43
43	37
44	46
45	42
46	37
47	43
48	47
49	39
50	56
51	51
52	58
53	67
54	66
55	67
56	46
57	61
58	59
59	72
60	59
61	64
62	72
63	70
64	72
65	76
66	95
67	83
68	92
69	101
70	85
71	96
72	108
73	91
74	1150
75	1285
76	1412
77	1477
78	1710
79	2402
80	2560
81	2537
82	2178
83	1697
84	1623
85	1762
86	1785
87	2029
88	2320
89	2917
90	3960
91	4651
92	4796
93	3845
94	3627
95	3452
96	3443
97	4558
98	5627
99	6638
100	7464
101	8279
102	8087
103	7954
104	7982
105	7604
106	7586
107	8359
108	9255
109	10910
110	13863
111	16273
112	16261
113	14313
114	12944
115	12641
116	13935
117	15261
118	17560
119	20684
120	26895
121	36301
122	43290
123	42344
124	33799
125	26932
126	25382
127	27475
128	30938
129	36555
130	46085
131	60680
132	81862
133	102364
134	107298
135	94350
136	84644
137	89000
138	109275
139	141550
140	179727
141	211235
142	223693
143	222386
144	224785
145	228406
146	231624
147	240173
148	262006
149	289710
150	323703
151	359366
152	390143
153	398958
154	386149
155	391439
156	420825
157	477368
158	550021
159	626250
160	688591
161	735256
162	779196
163	865343
164	998041
165	1131277
166	1195528
167	1216129
168	1203466
169	1170013
170	1119097
171	1064312
172	1022837
173	1013785
174	1018330
175	1021953
176	1010039
177	970134
178	910856
179	842011
180	776216
181	710145
182	655975
183	612359
184	576660
185	551589
186	530454
187	509077
188	483377
189	452061
190	417102
191	381943
192	346675
193	315126
194	290359
195	270696
196	253841
197	241739
198	231286
199	219972
200	207008
201	192010
202	176682
203	163682
204	149198
205	137023
206	127219
207	118660
208	112232
209	106507
210	100118
211	93134
212	86259
213	79197
214	71977
215	65737
216	60554
217	55544
218	52229
219	48862
220	45535
221	42636
222	39179
223	35702
224	32926
225	29862
226	27825
227	25365
228	23685
229	21747
230	20056
231	18713
232	17528
233	16274
234	15104
235	13895
236	12602
237	11736
238	10966
239	10582
240	10147
241	9392
242	9152
243	8595
244	8160
245	7715
246	7278
247	6805
248	6606
249	6328
250	7262
251	5784
252	5285
253	5207
254	5698
255	4788
256	4320
257	4220
258	4124
259	4131
260	4114
261	4095
262	4357
263	4257
264	4282
265	4266
266	4179
267	4020
268	3915
269	4002
270	4284
271	4600
272	4811
273	5017
274	5082
275	4936
276	5007
277	5082
278	5251
279	5527
280	6056
281	6614
282	7285

