## htsjdk.samtools.metrics.StringHeader
# CollectInsertSizeMetrics HISTOGRAM_FILE=/home/dnaase/startup/data/public_cfdna/jiang2015pnas/C358/C358.hg19.insert_size_histogram.pdf INPUT=/home/dnaase/startup/data/public_cfdna/jiang2015pnas/C358/C358.hg19.mdups.bam OUTPUT=/home/dnaase/startup/data/public_cfdna/jiang2015pnas/C358/C358.hg19.insert_size_metrics.txt    DEVIATIONS=10.0 MINIMUM_PCT=0.05 METRIC_ACCUMULATION_LEVEL=[ALL_READS] INCLUDE_DUPLICATES=false ASSUME_SORTED=true STOP_AFTER=0 VERBOSITY=INFO QUIET=false VALIDATION_STRINGENCY=STRICT COMPRESSION_LEVEL=5 MAX_RECORDS_IN_RAM=500000 CREATE_INDEX=false CREATE_MD5_FILE=false GA4GH_CLIENT_SECRETS=client_secrets.json USE_JDK_DEFLATER=false USE_JDK_INFLATER=false
## htsjdk.samtools.metrics.StringHeader
# Started on: Tue Dec 31 12:17:52 EST 2019

## METRICS CLASS	picard.analysis.InsertSizeMetrics
MEDIAN_INSERT_SIZE	MODE_INSERT_SIZE	MEDIAN_ABSOLUTE_DEVIATION	MIN_INSERT_SIZE	MAX_INSERT_SIZE	MEAN_INSERT_SIZE	STANDARD_DEVIATION	READ_PAIRS	PAIR_ORIENTATION	WIDTH_OF_10_PERCENT	WIDTH_OF_20_PERCENT	WIDTH_OF_30_PERCENT	WIDTH_OF_40_PERCENT	WIDTH_OF_50_PERCENT	WIDTH_OF_60_PERCENT	WIDTH_OF_70_PERCENT	WIDTH_OF_80_PERCENT	WIDTH_OF_90_PERCENT	WIDTH_OF_95_PERCENT	WIDTH_OF_99_PERCENT	SAMPLE	LIBRARY	READ_GROUP
171	167	12	2	243087090	170.622593	21.598231	28437254	FR	5	9	13	19	25	33	43	57	91	275	461			

## HISTOGRAM	java.lang.Integer
insert_size	All_Reads.fr_count
2	45
3	31
4	20
5	30
6	27
7	32
8	21
9	32
10	27
11	29
12	26
13	27
14	28
15	33
16	30
17	24
18	27
19	25
20	30
21	21
22	28
23	29
24	23
25	33
26	32
27	16
28	28
29	32
30	23
31	31
32	26
33	24
34	30
35	32
36	30
37	23
38	35
39	22
40	24
41	38
42	31
43	16
44	23
45	26
46	38
47	28
48	42
49	33
50	35
51	35
52	35
53	30
54	34
55	34
56	41
57	50
58	50
59	37
60	37
61	48
62	33
63	47
64	58
65	65
66	62
67	38
68	65
69	62
70	69
71	63
72	73
73	66
74	883
75	1008
76	1095
77	1251
78	1634
79	2218
80	2839
81	2839
82	2189
83	1827
84	1742
85	1706
86	2015
87	2221
88	2601
89	3825
90	5215
91	6000
92	7016
93	5803
94	4770
95	4564
96	4614
97	5336
98	6424
99	7986
100	9424
101	10361
102	10198
103	9658
104	9251
105	8945
106	9032
107	10070
108	11348
109	13604
110	17042
111	19838
112	19870
113	16972
114	14998
115	14757
116	15746
117	17384
118	20247
119	24028
120	30323
121	39291
122	46034
123	43702
124	34042
125	27080
126	25859
127	28229
128	32178
129	37869
130	46040
131	59253
132	76737
133	95071
134	97302
135	85630
136	75426
137	79704
138	95327
139	121015
140	152667
141	178294
142	186431
143	185352
144	185896
145	186871
146	187252
147	191318
148	205602
149	226001
150	250755
151	278301
152	300175
153	301871
154	287425
155	285394
156	300852
157	335848
158	382193
159	431559
160	475078
161	504828
162	533425
163	584184
164	656179
165	724345
166	756302
167	762643
168	756950
169	743776
170	720862
171	691217
172	667205
173	657349
174	651759
175	645747
176	629930
177	600239
178	561663
179	520236
180	480748
181	442841
182	410856
183	382573
184	357551
185	339511
186	322719
187	306399
188	290546
189	273045
190	254124
191	235361
192	214758
193	197752
194	182408
195	169620
196	158003
197	150518
198	142749
199	136579
200	129492
201	121459
202	112878
203	105115
204	97389
205	88501
206	82103
207	76960
208	72341
209	68592
210	65725
211	61194
212	57678
213	53032
214	48831
215	44586
216	40956
217	37591
218	35438
219	33256
220	31290
221	29518
222	27243
223	25404
224	23246
225	21771
226	19684
227	18327
228	16839
229	15820
230	15087
231	13745
232	12983
233	11899
234	10977
235	10342
236	9533
237	8986
238	8206
239	7850
240	7362
241	7198
242	6906
243	6540
244	6010
245	5695
246	5193
247	5081
248	4756
249	4540
250	4262
251	4241
252	4899
253	3802
254	3480
255	3285
256	3387
257	3105
258	2966
259	2824
260	2730
261	2751
262	2780
263	2777
264	2846
265	2646
266	2756
267	2696
268	2645
269	2573
270	2632
271	2743
272	2952
273	2901
274	3020
275	2954
276	3075
277	3040
278	3138
279	3245
280	3532
281	3836
282	4029
283	4088
284	4307
285	4450
286	4446
287	4803
288	5072
289	5258
290	5613
291	5888

