## htsjdk.samtools.metrics.StringHeader
# CollectInsertSizeMetrics HISTOGRAM_FILE=/home/dnaase/startup/data/public_cfdna/jiang2015pnas/C345/C345.hg19.insert_size_histogram.pdf INPUT=/home/dnaase/startup/data/public_cfdna/jiang2015pnas/C345/C345.hg19.mdups.bam OUTPUT=/home/dnaase/startup/data/public_cfdna/jiang2015pnas/C345/C345.hg19.insert_size_metrics.txt    DEVIATIONS=10.0 MINIMUM_PCT=0.05 METRIC_ACCUMULATION_LEVEL=[ALL_READS] INCLUDE_DUPLICATES=false ASSUME_SORTED=true STOP_AFTER=0 VERBOSITY=INFO QUIET=false VALIDATION_STRINGENCY=STRICT COMPRESSION_LEVEL=5 MAX_RECORDS_IN_RAM=500000 CREATE_INDEX=false CREATE_MD5_FILE=false GA4GH_CLIENT_SECRETS=client_secrets.json USE_JDK_DEFLATER=false USE_JDK_INFLATER=false
## htsjdk.samtools.metrics.StringHeader
# Started on: Tue Dec 31 12:22:05 EST 2019

## METRICS CLASS	picard.analysis.InsertSizeMetrics
MEDIAN_INSERT_SIZE	MODE_INSERT_SIZE	MEDIAN_ABSOLUTE_DEVIATION	MIN_INSERT_SIZE	MAX_INSERT_SIZE	MEAN_INSERT_SIZE	STANDARD_DEVIATION	READ_PAIRS	PAIR_ORIENTATION	WIDTH_OF_10_PERCENT	WIDTH_OF_20_PERCENT	WIDTH_OF_30_PERCENT	WIDTH_OF_40_PERCENT	WIDTH_OF_50_PERCENT	WIDTH_OF_60_PERCENT	WIDTH_OF_70_PERCENT	WIDTH_OF_80_PERCENT	WIDTH_OF_90_PERCENT	WIDTH_OF_95_PERCENT	WIDTH_OF_99_PERCENT	SAMPLE	LIBRARY	READ_GROUP
173	168	12	2	243086861	173.008291	20.732916	37914676	FR	5	9	13	19	25	31	41	57	93	301	491			

## HISTOGRAM	java.lang.Integer
insert_size	All_Reads.fr_count
2	42
3	28
4	35
5	36
6	33
7	31
8	30
9	30
10	35
11	37
12	36
13	50
14	30
15	55
16	29
17	37
18	31
19	41
20	28
21	36
22	32
23	36
24	32
25	40
26	41
27	36
28	45
29	39
30	23
31	36
32	42
33	31
34	40
35	50
36	51
37	44
38	38
39	44
40	35
41	41
42	36
43	37
44	35
45	37
46	42
47	31
48	39
49	37
50	42
51	45
52	44
53	49
54	63
55	50
56	46
57	63
58	54
59	50
60	62
61	60
62	58
63	55
64	73
65	63
66	80
67	70
68	80
69	66
70	79
71	55
72	80
73	86
74	487
75	569
76	664
77	680
78	847
79	1105
80	1315
81	1347
82	1165
83	912
84	980
85	1040
86	1155
87	1273
88	1543
89	1934
90	2485
91	3800
92	3746
93	3182
94	2868
95	3188
96	3263
97	3460
98	3888
99	5010
100	5565
101	6102
102	6043
103	6000
104	5772
105	5647
106	5770
107	6887
108	7678
109	8978
110	10697
111	11995
112	12317
113	10908
114	10259
115	10476
116	11054
117	12115
118	13996
119	16613
120	21228
121	28819
122	33939
123	32752
124	26444
125	21376
126	21123
127	23304
128	26715
129	31948
130	40662
131	52467
132	70371
133	87483
134	90771
135	80305
136	71120
137	76252
138	93962
139	122632
140	160018
141	191015
142	200471
143	199812
144	200494
145	204067
146	205450
147	213569
148	233191
149	260937
150	295015
151	335087
152	366912
153	371301
154	353999
155	349684
156	370885
157	417077
158	482550
159	557071
160	619246
161	666035
162	704243
163	766585
164	860567
165	948088
166	993260
167	1010104
168	1010708
169	997942
170	976902
171	940576
172	910625
173	892082
174	881622
175	870940
176	849715
177	817206
178	770407
179	723750
180	677683
181	630219
182	588024
183	547664
184	513349
185	485676
186	462033
187	441423
188	420431
189	400357
190	375409
191	350697
192	324195
193	299199
194	273797
195	253931
196	237937
197	225179
198	216161
199	206209
200	197297
201	186953
202	174043
203	161256
204	148844
205	137148
206	127285
207	118528
208	112068
209	106440
210	101604
211	95285
212	89920
213	82925
214	76347
215	70009
216	64499
217	58555
218	54515
219	51358
220	48351
221	46117
222	42937
223	40281
224	36888
225	33185
226	30302
227	27679
228	26036
229	24287
230	22495
231	21303
232	19841
233	18172
234	16976
235	15654
236	14307
237	13242
238	12393
239	11046
240	10516
241	10098
242	9629
243	9178
244	8431
245	7862
246	7365
247	6798
248	6408
249	6096
250	5867
251	5574
252	5439
253	5333
254	5237
255	4902
256	4606
257	4523
258	5002
259	3919
260	3598
261	3519
262	3458
263	3392
264	3403
265	3320
266	3261
267	3101
268	3160
269	3243
270	3292
271	3373
272	3381
273	3712
274	3628
275	3623
276	3664
277	3659
278	3771
279	3962
280	4283
281	4712
282	5114
283	5468
284	5483
285	5589
286	5877
287	6341
288	6563
289	7091
290	7604
291	7980
292	8482
293	9083

