## htsjdk.samtools.metrics.StringHeader
# CollectInsertSizeMetrics HISTOGRAM_FILE=/home/dnaase/startup/data/public_cfdna/jiang2015pnas/C309/C309.hg19.insert_size_histogram.pdf INPUT=/home/dnaase/startup/data/public_cfdna/jiang2015pnas/C309/C309.hg19.mdups.bam OUTPUT=/home/dnaase/startup/data/public_cfdna/jiang2015pnas/C309/C309.hg19.insert_size_metrics.txt    DEVIATIONS=10.0 MINIMUM_PCT=0.05 METRIC_ACCUMULATION_LEVEL=[ALL_READS] INCLUDE_DUPLICATES=false ASSUME_SORTED=true STOP_AFTER=0 VERBOSITY=INFO QUIET=false VALIDATION_STRINGENCY=STRICT COMPRESSION_LEVEL=5 MAX_RECORDS_IN_RAM=500000 CREATE_INDEX=false CREATE_MD5_FILE=false GA4GH_CLIENT_SECRETS=client_secrets.json USE_JDK_DEFLATER=false USE_JDK_INFLATER=false
## htsjdk.samtools.metrics.StringHeader
# Started on: Tue Dec 31 12:14:24 EST 2019

## METRICS CLASS	picard.analysis.InsertSizeMetrics
MEDIAN_INSERT_SIZE	MODE_INSERT_SIZE	MEDIAN_ABSOLUTE_DEVIATION	MIN_INSERT_SIZE	MAX_INSERT_SIZE	MEAN_INSERT_SIZE	STANDARD_DEVIATION	READ_PAIRS	PAIR_ORIENTATION	WIDTH_OF_10_PERCENT	WIDTH_OF_20_PERCENT	WIDTH_OF_30_PERCENT	WIDTH_OF_40_PERCENT	WIDTH_OF_50_PERCENT	WIDTH_OF_60_PERCENT	WIDTH_OF_70_PERCENT	WIDTH_OF_80_PERCENT	WIDTH_OF_90_PERCENT	WIDTH_OF_95_PERCENT	WIDTH_OF_99_PERCENT	SAMPLE	LIBRARY	READ_GROUP
169	166	10	2	243087053	168.405204	18.681151	39240586	FR	5	7	11	15	21	27	37	51	77	229	409			

## HISTOGRAM	java.lang.Integer
insert_size	All_Reads.fr_count
2	50
3	45
4	38
5	33
6	39
7	32
8	40
9	40
10	35
11	46
12	31
13	36
14	41
15	32
16	41
17	47
18	45
19	34
20	28
21	33
22	29
23	41
24	23
25	40
26	33
27	32
28	30
29	33
30	36
31	34
32	34
33	42
34	33
35	39
36	39
37	41
38	46
39	40
40	31
41	42
42	43
43	49
44	38
45	37
46	42
47	45
48	39
49	35
50	45
51	44
52	36
53	64
54	63
55	50
56	49
57	53
58	49
59	54
60	67
61	65
62	72
63	64
64	75
65	78
66	88
67	74
68	79
69	88
70	95
71	83
72	104
73	99
74	1323
75	1490
76	1507
77	1815
78	1929
79	2367
80	2473
81	2500
82	2236
83	1879
84	1878
85	1796
86	2077
87	2232
88	2461
89	3260
90	4059
91	4842
92	4764
93	4023
94	3445
95	3291
96	3481
97	4021
98	4666
99	5480
100	7855
101	8512
102	8569
103	8934
104	8839
105	9174
106	9279
107	10473
108	11574
109	13279
110	16134
111	18525
112	18988
113	17105
114	16330
115	16412
116	17953
117	19977
118	22428
119	26106
120	32376
121	41082
122	47647
123	46597
124	39149
125	33915
126	33921
127	37713
128	42127
129	48894
130	59523
131	74740
132	95518
133	115921
134	120846
135	111842
136	106174
137	115896
138	140606
139	176291
140	214773
141	245228
142	257193
143	260818
144	267355
145	274026
146	282526
147	297542
148	322204
149	351460
150	384992
151	416663
152	444484
153	449433
154	442904
155	453509
156	488313
157	547961
158	621751
159	693790
160	754973
161	807925
162	872523
163	975066
164	1126030
165	1251151
166	1296553
167	1275751
168	1236014
169	1181176
170	1118176
171	1049954
172	991606
173	956282
174	930823
175	900734
176	855327
177	791953
178	722422
179	653383
180	590359
181	532250
182	484682
183	442486
184	408769
185	381237
186	359409
187	334473
188	312906
189	289260
190	266928
191	241515
192	220619
193	201936
194	185392
195	172040
196	160795
197	152704
198	144488
199	134908
200	127510
201	118554
202	110072
203	101686
204	94402
205	86708
206	80366
207	76626
208	70942
209	67230
210	63558
211	59216
212	54846
213	50787
214	46533
215	42248
216	39032
217	36305
218	33947
219	31634
220	29618
221	27718
222	25236
223	23394
224	21584
225	19829
226	17977
227	16910
228	15342
229	14462
230	13909
231	12965
232	12154
233	11074
234	10593
235	10404
236	8824
237	8152
238	7644
239	8611
240	6751
241	5709
242	5716
243	5469
244	5240
245	4965
246	4782
247	4647
248	4380
249	4349
250	4198
251	4154
252	4143
253	4112
254	3970
255	3836
256	3856
257	3782
258	3640
259	3601
260	3556
261	3683
262	3751
263	3892
264	3959
265	3927
266	3869
267	3757
268	3754
269	4100

