## htsjdk.samtools.metrics.StringHeader
# CollectInsertSizeMetrics HISTOGRAM_FILE=/home/dnaase/startup/data/public_cfdna/jiang2015pnas/C330/C330.hg19.insert_size_histogram.pdf INPUT=/home/dnaase/startup/data/public_cfdna/jiang2015pnas/C330/C330.hg19.mdups.bam OUTPUT=/home/dnaase/startup/data/public_cfdna/jiang2015pnas/C330/C330.hg19.insert_size_metrics.txt    DEVIATIONS=10.0 MINIMUM_PCT=0.05 METRIC_ACCUMULATION_LEVEL=[ALL_READS] INCLUDE_DUPLICATES=false ASSUME_SORTED=true STOP_AFTER=0 VERBOSITY=INFO QUIET=false VALIDATION_STRINGENCY=STRICT COMPRESSION_LEVEL=5 MAX_RECORDS_IN_RAM=500000 CREATE_INDEX=false CREATE_MD5_FILE=false GA4GH_CLIENT_SECRETS=client_secrets.json USE_JDK_DEFLATER=false USE_JDK_INFLATER=false
## htsjdk.samtools.metrics.StringHeader
# Started on: Tue Dec 31 12:24:49 EST 2019

## METRICS CLASS	picard.analysis.InsertSizeMetrics
MEDIAN_INSERT_SIZE	MODE_INSERT_SIZE	MEDIAN_ABSOLUTE_DEVIATION	MIN_INSERT_SIZE	MAX_INSERT_SIZE	MEAN_INSERT_SIZE	STANDARD_DEVIATION	READ_PAIRS	PAIR_ORIENTATION	WIDTH_OF_10_PERCENT	WIDTH_OF_20_PERCENT	WIDTH_OF_30_PERCENT	WIDTH_OF_40_PERCENT	WIDTH_OF_50_PERCENT	WIDTH_OF_60_PERCENT	WIDTH_OF_70_PERCENT	WIDTH_OF_80_PERCENT	WIDTH_OF_90_PERCENT	WIDTH_OF_95_PERCENT	WIDTH_OF_99_PERCENT	SAMPLE	LIBRARY	READ_GROUP
171	167	11	2	243087054	171.121386	19.477846	43006056	FR	5	9	13	17	23	29	39	53	87	287	435			

## HISTOGRAM	java.lang.Integer
insert_size	All_Reads.fr_count
2	33
3	49
4	39
5	51
6	47
7	33
8	40
9	41
10	43
11	49
12	38
13	51
14	38
15	44
16	35
17	49
18	47
19	35
20	42
21	30
22	32
23	52
24	45
25	49
26	49
27	50
28	52
29	52
30	47
31	34
32	49
33	43
34	40
35	47
36	49
37	54
38	44
39	46
40	42
41	47
42	43
43	39
44	39
45	46
46	59
47	46
48	50
49	52
50	40
51	48
52	50
53	47
54	57
55	58
56	59
57	59
58	61
59	62
60	62
61	82
62	54
63	71
64	69
65	78
66	91
67	70
68	92
69	86
70	123
71	96
72	90
73	104
74	1439
75	1556
76	1552
77	1828
78	2013
79	2552
80	2890
81	2873
82	2388
83	2095
84	2045
85	2074
86	2323
87	2408
88	2871
89	3552
90	4554
91	5050
92	5022
93	4210
94	3473
95	3412
96	4198
97	4545
98	5347
99	7006
100	7912
101	8653
102	8771
103	8556
104	8462
105	8431
106	8237
107	9245
108	10210
109	11749
110	14748
111	16359
112	16686
113	14743
114	13471
115	13855
116	15085
117	16376
118	18365
119	21305
120	27184
121	35861
122	42121
123	41898
124	33845
125	28034
126	27115
127	29886
128	33582
129	39898
130	48899
131	64321
132	86168
133	107523
134	113150
135	101263
136	91473
137	97604
138	118691
139	152754
140	193085
141	225220
142	238517
143	238606
144	243831
145	249092
146	253903
147	264640
148	286559
149	314634
150	350151
151	389287
152	424209
153	430937
154	417778
155	421848
156	454359
157	513080
158	586631
159	664831
160	727551
161	777019
162	829597
163	921902
164	1062578
165	1196422
166	1263442
167	1273742
168	1256454
169	1218171
170	1162918
171	1106155
172	1059568
173	1041983
174	1037325
175	1032277
176	1009090
177	960820
178	894468
179	823090
180	751958
181	682983
182	627159
183	580023
184	543050
185	515740
186	490271
187	465743
188	438987
189	412326
190	377615
191	342294
192	311906
193	285526
194	261974
195	244535
196	228845
197	216959
198	207838
199	196210
200	184752
201	171997
202	158387
203	144844
204	133889
205	122932
206	114340
207	107353
208	101386
209	96210
210	90582
211	84421
212	77726
213	71336
214	65301
215	60503
216	55474
217	51487
218	48031
219	45149
220	41721
221	39158
222	35987
223	33696
224	30814
225	28442
226	25345
227	23743
228	21919
229	20551
230	19144
231	17868
232	16847
233	15369
234	14313
235	13298
236	12324
237	11303
238	10639
239	10004
240	9583
241	9227
242	8629
243	8300
244	7940
245	7942
246	7064
247	6492
248	6060
249	6508
250	5342
251	4728
252	4669
253	4531
254	4367
255	4384
256	4189
257	4109
258	4146
259	3836
260	3872
261	3852
262	3832
263	3983
264	3707
265	3902
266	3848
267	3644
268	3658
269	3852
270	3884
271	4246
272	4327
273	4509
274	4545
275	4648
276	4682
277	4628
278	4822
279	5320
280	5656
281	6192

