## htsjdk.samtools.metrics.StringHeader
# CollectInsertSizeMetrics HISTOGRAM_FILE=/home/dnaase/startup/data/public_cfdna/sun2019gr/TBR914.rep2/TBR914.hg19.insert_size_histogram.pdf INPUT=/home/dnaase/startup/data/public_cfdna/sun2019gr/TBR914.rep2/TBR914.hg19.mdups.bam OUTPUT=/home/dnaase/startup/data/public_cfdna/sun2019gr/TBR914.rep2/TBR914.hg19.insert_size_metrics.txt    DEVIATIONS=10.0 MINIMUM_PCT=0.05 METRIC_ACCUMULATION_LEVEL=[ALL_READS] INCLUDE_DUPLICATES=false ASSUME_SORTED=true STOP_AFTER=0 VERBOSITY=INFO QUIET=false VALIDATION_STRINGENCY=STRICT COMPRESSION_LEVEL=5 MAX_RECORDS_IN_RAM=500000 CREATE_INDEX=false CREATE_MD5_FILE=false GA4GH_CLIENT_SECRETS=client_secrets.json USE_JDK_DEFLATER=false USE_JDK_INFLATER=false
## htsjdk.samtools.metrics.StringHeader
# Started on: Tue Dec 31 16:14:26 EST 2019

## METRICS CLASS	picard.analysis.InsertSizeMetrics
MEDIAN_INSERT_SIZE	MODE_INSERT_SIZE	MEDIAN_ABSOLUTE_DEVIATION	MIN_INSERT_SIZE	MAX_INSERT_SIZE	MEAN_INSERT_SIZE	STANDARD_DEVIATION	READ_PAIRS	PAIR_ORIENTATION	WIDTH_OF_10_PERCENT	WIDTH_OF_20_PERCENT	WIDTH_OF_30_PERCENT	WIDTH_OF_40_PERCENT	WIDTH_OF_50_PERCENT	WIDTH_OF_60_PERCENT	WIDTH_OF_70_PERCENT	WIDTH_OF_80_PERCENT	WIDTH_OF_90_PERCENT	WIDTH_OF_95_PERCENT	WIDTH_OF_99_PERCENT	SAMPLE	LIBRARY	READ_GROUP
148	165	18	2	247975785	143.820624	32.489308	16751563	FR	9	15	23	31	37	47	59	75	107	145	215			

## HISTOGRAM	java.lang.Integer
insert_size	All_Reads.fr_count
2	2
3	3
4	2
5	3
6	11
7	3
8	14
9	13
10	10
11	8
12	6
13	26
14	7
15	4
16	10
17	11
18	7
19	15
20	8
21	11
22	13
23	15
24	72
25	126
26	207
27	260
28	279
29	391
30	1663
31	1689
32	1181
33	1021
34	902
35	1440
36	4962
37	5111
38	4422
39	3864
40	14471
41	13770
42	13197
43	15368
44	14445
45	14034
46	12511
47	14031
48	12972
49	12731
50	11362
51	13088
52	12821
53	14471
54	13353
55	13097
56	13657
57	13165
58	14048
59	14714
60	16085
61	16290
62	15849
63	16068
64	16549
65	16657
66	15762
67	17044
68	17681
69	20028
70	20613
71	21863
72	21337
73	22142
74	23611
75	24728
76	23330
77	24486
78	24817
79	27386
80	27118
81	28163
82	27674
83	28967
84	29336
85	30554
86	31067
87	33177
88	35099
89	35655
90	37719
91	42114
92	42489
93	42746
94	45694
95	46138
96	47511
97	48499
98	51893
99	53737
100	57629
101	59543
102	61431
103	65126
104	66413
105	70288
106	73738
107	77997
108	80535
109	90318
110	91438
111	96440
112	95184
113	98554
114	102597
115	103469
116	109981
117	115202
118	121128
119	126728
120	130506
121	139424
122	140034
123	143172
124	143274
125	144533
126	145848
127	147169
128	152382
129	160341
130	169577
131	175216
132	187857
133	189769
134	191069
135	190825
136	192218
137	196631
138	204851
139	211935
140	218573
141	224172
142	223175
143	222601
144	221904
145	222209
146	225092
147	227440
148	230988
149	236901
150	239279
151	242050
152	244164
153	240180
154	237254
155	236952
156	242195
157	247515
158	254014
159	259068
160	260371
161	260017
162	258519
163	259121
164	263898
165	265373
166	259135
167	245998
168	229621
169	214774
170	198442
171	182744
172	169877
173	160647
174	151907
175	144614
176	135353
177	123810
178	114129
179	103737
180	92242
181	83230
182	76420
183	70490
184	66095
185	62181
186	57987
187	54605
188	51258
189	48149
190	44358
191	40708
192	37987
193	35318
194	33331
195	31090
196	29944
197	29531
198	24969
199	22999
200	22280
201	20592
202	18656
203	17525
204	16786
205	15395
206	14545
207	13974
208	12787
209	12344
210	11609
211	10699
212	9407
213	8695
214	8320
215	7713
216	7229
217	6745
218	6660
219	6631
220	6107
221	5859
222	5693
223	5304
224	4683
225	4236
226	3842
227	3790
228	3631
229	3558
230	3606
231	3307
232	3194
233	3140
234	2786
235	2555
236	2460
237	2450
238	2548
239	2551
240	2323
241	2615
242	2441
243	2402
244	2278
245	2197
246	2234
247	1984
248	2178
249	2223
250	2367
251	2307
252	1965
253	2333
254	2338
255	2343
256	2416
257	2361
258	3360
259	3308
260	2963
261	3119
262	3438
263	10475
264	1148
265	836
266	2602
267	238
268	170
269	198
270	218
271	216
272	211
273	250
274	243
275	232
276	240
277	256
278	233
279	268
280	314
281	317
282	306
283	299
284	319
285	348
286	342
287	375
288	358
289	400
290	387
291	406
292	439
293	424
294	477
295	482
296	501
297	506
298	532
299	529
300	555
301	562
302	547
303	540
304	552
305	544
306	643
307	592
308	635
309	609
310	607
311	610
312	670
313	615
314	631
315	659
316	673
317	618
318	602
319	660
320	606
321	591
322	602
323	602
324	588
325	579
326	598
327	555
328	566

