## htsjdk.samtools.metrics.StringHeader
# CollectInsertSizeMetrics HISTOGRAM_FILE=/home/dnaase/startup/data/public_cfdna/jiang2015pnas/C333/C333.hg19.insert_size_histogram.pdf INPUT=/home/dnaase/startup/data/public_cfdna/jiang2015pnas/C333/C333.hg19.mdups.bam OUTPUT=/home/dnaase/startup/data/public_cfdna/jiang2015pnas/C333/C333.hg19.insert_size_metrics.txt    DEVIATIONS=10.0 MINIMUM_PCT=0.05 METRIC_ACCUMULATION_LEVEL=[ALL_READS] INCLUDE_DUPLICATES=false ASSUME_SORTED=true STOP_AFTER=0 VERBOSITY=INFO QUIET=false VALIDATION_STRINGENCY=STRICT COMPRESSION_LEVEL=5 MAX_RECORDS_IN_RAM=500000 CREATE_INDEX=false CREATE_MD5_FILE=false GA4GH_CLIENT_SECRETS=client_secrets.json USE_JDK_DEFLATER=false USE_JDK_INFLATER=false
## htsjdk.samtools.metrics.StringHeader
# Started on: Tue Dec 31 12:37:47 EST 2019

## METRICS CLASS	picard.analysis.InsertSizeMetrics
MEDIAN_INSERT_SIZE	MODE_INSERT_SIZE	MEDIAN_ABSOLUTE_DEVIATION	MIN_INSERT_SIZE	MAX_INSERT_SIZE	MEAN_INSERT_SIZE	STANDARD_DEVIATION	READ_PAIRS	PAIR_ORIENTATION	WIDTH_OF_10_PERCENT	WIDTH_OF_20_PERCENT	WIDTH_OF_30_PERCENT	WIDTH_OF_40_PERCENT	WIDTH_OF_50_PERCENT	WIDTH_OF_60_PERCENT	WIDTH_OF_70_PERCENT	WIDTH_OF_80_PERCENT	WIDTH_OF_90_PERCENT	WIDTH_OF_95_PERCENT	WIDTH_OF_99_PERCENT	SAMPLE	LIBRARY	READ_GROUP
171	167	11	2	243142440	170.558679	19.967761	46047763	FR	5	9	13	17	23	31	41	55	91	289	439			

## HISTOGRAM	java.lang.Integer
insert_size	All_Reads.fr_count
2	58
3	60
4	46
5	50
6	42
7	46
8	37
9	49
10	49
11	52
12	56
13	47
14	45
15	57
16	51
17	47
18	41
19	48
20	38
21	42
22	51
23	55
24	38
25	40
26	42
27	37
28	53
29	45
30	45
31	42
32	38
33	35
34	48
35	54
36	58
37	40
38	50
39	48
40	51
41	41
42	47
43	46
44	63
45	49
46	43
47	40
48	56
49	52
50	42
51	54
52	51
53	68
54	86
55	61
56	68
57	85
58	54
59	71
60	79
61	93
62	79
63	90
64	97
65	101
66	108
67	88
68	102
69	110
70	128
71	107
72	132
73	115
74	1489
75	1634
76	1761
77	1893
78	2177
79	2620
80	3185
81	3180
82	2583
83	2261
84	2204
85	2226
86	2435
87	2661
88	2979
89	3757
90	4810
91	5528
92	6193
93	5109
94	4481
95	4732
96	5637
97	5923
98	6756
99	8154
100	9085
101	10142
102	10794
103	10486
104	10119
105	9778
106	10070
107	11248
108	12682
109	14459
110	17268
111	19649
112	19855
113	18262
114	17283
115	17191
116	18055
117	19756
118	22241
119	25679
120	32147
121	43135
122	51006
123	50299
124	40974
125	34043
126	33145
127	36677
128	41491
129	49905
130	60482
131	77556
132	102925
133	128989
134	136416
135	123131
136	112306
137	119101
138	144145
139	182695
140	228257
141	266682
142	283153
143	285559
144	292363
145	301181
146	305705
147	315107
148	335243
149	363174
150	398313
151	443069
152	482148
153	489488
154	475936
155	477050
156	508943
157	566648
158	643025
159	725308
160	790553
161	839746
162	890292
163	981971
164	1115054
165	1242059
166	1305874
167	1319275
168	1303292
169	1264025
170	1209534
171	1152337
172	1099918
173	1077748
174	1067624
175	1060540
176	1036468
177	989005
178	920804
179	848764
180	774033
181	707633
182	649593
183	601260
184	564230
185	534326
186	507864
187	483324
188	455841
189	425862
190	393692
191	357447
192	324693
193	298395
194	274690
195	255520
196	239653
197	226563
198	216710
199	204868
200	193415
201	180567
202	166765
203	152411
204	140620
205	130309
206	121320
207	114220
208	107802
209	101893
210	96425
211	89995
212	83985
213	76328
214	70387
215	65054
216	59871
217	55592
218	52306
219	49404
220	46459
221	42992
222	39706
223	36826
224	33988
225	31494
226	28535
227	26610
228	24309
229	22706
230	21545
231	19922
232	18900
233	17557
234	16057
235	14757
236	13585
237	12670
238	12182
239	11514
240	10872
241	10351
242	9854
243	9281
244	8717
245	8267
246	7742
247	7250
248	7391
249	7311
250	6072
251	5855
252	6027
253	5478
254	5037
255	4729
256	4534
257	4604
258	4314
259	4169
260	4240
261	4237
262	4404
263	4328
264	4377
265	4323
266	4201
267	4196
268	4151
269	4327
270	4549
271	4671
272	4918
273	5089
274	5104
275	5335
276	5366
277	5519
278	5773
279	6128
280	6502
281	7277

