## htsjdk.samtools.metrics.StringHeader
# CollectInsertSizeMetrics HISTOGRAM_FILE=/home/dnaase/startup/data/public_cfdna/sun2019gr/TBR916.rep2/TBR916.hg19.insert_size_histogram.pdf INPUT=/home/dnaase/startup/data/public_cfdna/sun2019gr/TBR916.rep2/TBR916.hg19.mdups.bam OUTPUT=/home/dnaase/startup/data/public_cfdna/sun2019gr/TBR916.rep2/TBR916.hg19.insert_size_metrics.txt    DEVIATIONS=10.0 MINIMUM_PCT=0.05 METRIC_ACCUMULATION_LEVEL=[ALL_READS] INCLUDE_DUPLICATES=false ASSUME_SORTED=true STOP_AFTER=0 VERBOSITY=INFO QUIET=false VALIDATION_STRINGENCY=STRICT COMPRESSION_LEVEL=5 MAX_RECORDS_IN_RAM=500000 CREATE_INDEX=false CREATE_MD5_FILE=false GA4GH_CLIENT_SECRETS=client_secrets.json USE_JDK_DEFLATER=false USE_JDK_INFLATER=false
## htsjdk.samtools.metrics.StringHeader
# Started on: Tue Dec 31 17:06:07 EST 2019

## METRICS CLASS	picard.analysis.InsertSizeMetrics
MEDIAN_INSERT_SIZE	MODE_INSERT_SIZE	MEDIAN_ABSOLUTE_DEVIATION	MIN_INSERT_SIZE	MAX_INSERT_SIZE	MEAN_INSERT_SIZE	STANDARD_DEVIATION	READ_PAIRS	PAIR_ORIENTATION	WIDTH_OF_10_PERCENT	WIDTH_OF_20_PERCENT	WIDTH_OF_30_PERCENT	WIDTH_OF_40_PERCENT	WIDTH_OF_50_PERCENT	WIDTH_OF_60_PERCENT	WIDTH_OF_70_PERCENT	WIDTH_OF_80_PERCENT	WIDTH_OF_90_PERCENT	WIDTH_OF_95_PERCENT	WIDTH_OF_99_PERCENT	SAMPLE	LIBRARY	READ_GROUP
135	20	29	2	243301253	118.595527	56.049695	21052750	FR	13	23	35	47	59	75	101	181	229	231	235			

## HISTOGRAM	java.lang.Integer
insert_size	All_Reads.fr_count
2	681
3	713
4	893
5	1044
6	1426
7	1315
8	1663
9	2310
10	2424
11	3151
12	3665
13	4038
14	4881
15	5068
16	5707
17	5779
18	7252
19	546754
20	709749
21	659960
22	498283
23	327021
24	210294
25	144184
26	114451
27	82674
28	63391
29	57189
30	46536
31	44263
32	40662
33	40164
34	37727
35	37176
36	33664
37	32411
38	31528
39	28924
40	27334
41	25428
42	24382
43	25483
44	24522
45	23955
46	24352
47	26133
48	26291
49	25751
50	23526
51	23889
52	23158
53	26136
54	24545
55	24106
56	25342
57	24181
58	24475
59	25500
60	25401
61	26145
62	27582
63	27686
64	30335
65	30804
66	29279
67	30057
68	31413
69	32191
70	33236
71	34558
72	33563
73	34832
74	38208
75	39148
76	37965
77	39360
78	39597
79	42711
80	43579
81	44446
82	43433
83	43753
84	43340
85	44853
86	45430
87	48214
88	51057
89	53079
90	56304
91	60055
92	58685
93	57083
94	59118
95	58887
96	60182
97	60657
98	64508
99	68223
100	72514
101	75270
102	76858
103	79414
104	79924
105	82795
106	86307
107	90566
108	92443
109	103159
110	105890
111	111409
112	109005
113	110617
114	113630
115	113090
116	118843
117	124087
118	130933
119	137680
120	141020
121	149874
122	149772
123	147413
124	145485
125	145487
126	146230
127	148576
128	152867
129	160884
130	171048
131	175933
132	187834
133	189418
134	190000
135	187312
136	187558
137	190267
138	198021
139	204897
140	210201
141	216079
142	212943
143	213917
144	213641
145	211671
146	213457
147	215139
148	218750
149	222652
150	223694
151	226217
152	227905
153	224579
154	220440
155	220828
156	224488
157	227912
158	234212
159	237838
160	239592
161	239997
162	238925
163	238347
164	242374
165	242953
166	236977
167	227192
168	214646
169	202354
170	187166
171	174603
172	163744
173	154178
174	146173
175	139595
176	131110
177	120210
178	110629
179	100282
180	90724
181	81037
182	73604
183	67724
184	63450
185	59719
186	55547
187	51768
188	48766
189	46337
190	41705
191	38067
192	36137
193	32892
194	30979
195	28834
196	27520
197	27071
198	24056
199	22440
200	21126
201	20099
202	17988
203	17020
204	16298
205	13690
206	12634
207	12001
208	11265
209	10711
210	9836
211	9154
212	8719
213	8161
214	7862
215	7270
216	6560
217	6298
218	6431
219	6433
220	5832
221	5588
222	5370
223	4717
224	3988
225	3889
226	3596
227	3595
228	3233
229	3270
230	3215
231	2884
232	2900
233	2910
234	2928
235	2729
236	2639
237	2468
238	2714
239	2279
240	2064
241	2133
242	2126
243	2146
244	2228
245	2057
246	2213
247	1951
248	2076
249	2203
250	2127
251	2149
252	1786
253	1846
254	1839
255	1836
256	1822
257	1781
258	2256
259	2133
260	1899
261	1894
262	2074
263	2316
264	2124
265	2003
266	1858
267	1824
268	1856
269	2086
270	1849
271	2005
272	2185
273	2152
274	2212
275	2285
276	2194
277	2087
278	2380
279	2390
280	2475
281	2489
282	2679
283	3029
284	3205
285	3173
286	3800
287	3839
288	7692
289	2648
290	2440
291	7951
292	616
293	403
294	865
295	338
296	291
297	273
298	323
299	335
300	319
301	366
302	380
303	403
304	358
305	397
306	416
307	416
308	385
309	446
310	420
311	439
312	444
313	455
314	467
315	450
316	424
317	456
318	473
319	427
320	452
321	452
322	407
323	403
324	405
325	446
326	429
327	418
328	428
329	405
330	393
331	374
332	381
333	398
334	343
335	375
336	343
337	342
338	354
339	298
340	339
341	300
342	319
343	283
344	303
345	304
346	278
347	274
348	271
349	282
350	249
351	259
352	267
353	273
354	233
355	241
356	236
357	239
358	234
359	218
360	218
361	216
362	194
363	184
364	167
365	190
366	191
367	175
368	175
369	135
370	140
371	167
372	118
373	126
374	128
375	111
376	119
377	105
378	106
379	99
380	95
381	83
382	90
383	72
384	92
385	80
386	79
387	58
388	82
389	75
390	51
391	54
392	44
393	43
394	47
395	47
396	54
397	37
398	45
399	36
400	35
401	35
402	31
403	36
404	37
405	28
406	21
407	16
408	22
409	19
410	11
411	19
412	15
413	16
414	18
415	20
416	18
417	12
418	12
419	11
420	11
421	14
422	6
423	12
424	7
425	14

