## htsjdk.samtools.metrics.StringHeader
# CollectInsertSizeMetrics HISTOGRAM_FILE=/home/dnaase/startup/data/public_cfdna/jiang2015pnas/C355/C355.hg19.insert_size_histogram.pdf INPUT=/home/dnaase/startup/data/public_cfdna/jiang2015pnas/C355/C355.hg19.mdups.bam OUTPUT=/home/dnaase/startup/data/public_cfdna/jiang2015pnas/C355/C355.hg19.insert_size_metrics.txt    DEVIATIONS=10.0 MINIMUM_PCT=0.05 METRIC_ACCUMULATION_LEVEL=[ALL_READS] INCLUDE_DUPLICATES=false ASSUME_SORTED=true STOP_AFTER=0 VERBOSITY=INFO QUIET=false VALIDATION_STRINGENCY=STRICT COMPRESSION_LEVEL=5 MAX_RECORDS_IN_RAM=500000 CREATE_INDEX=false CREATE_MD5_FILE=false GA4GH_CLIENT_SECRETS=client_secrets.json USE_JDK_DEFLATER=false USE_JDK_INFLATER=false
## htsjdk.samtools.metrics.StringHeader
# Started on: Tue Dec 31 12:27:46 EST 2019

## METRICS CLASS	picard.analysis.InsertSizeMetrics
MEDIAN_INSERT_SIZE	MODE_INSERT_SIZE	MEDIAN_ABSOLUTE_DEVIATION	MIN_INSERT_SIZE	MAX_INSERT_SIZE	MEAN_INSERT_SIZE	STANDARD_DEVIATION	READ_PAIRS	PAIR_ORIENTATION	WIDTH_OF_10_PERCENT	WIDTH_OF_20_PERCENT	WIDTH_OF_30_PERCENT	WIDTH_OF_40_PERCENT	WIDTH_OF_50_PERCENT	WIDTH_OF_60_PERCENT	WIDTH_OF_70_PERCENT	WIDTH_OF_80_PERCENT	WIDTH_OF_90_PERCENT	WIDTH_OF_95_PERCENT	WIDTH_OF_99_PERCENT	SAMPLE	LIBRARY	READ_GROUP
172	167	11	2	243082365	171.906627	20.488871	33113001	FR	5	9	13	17	23	31	41	59	105	307	509			

## HISTOGRAM	java.lang.Integer
insert_size	All_Reads.fr_count
2	47
3	40
4	41
5	44
6	33
7	42
8	35
9	42
10	37
11	41
12	43
13	45
14	29
15	37
16	41
17	34
18	34
19	33
20	45
21	40
22	26
23	27
24	40
25	36
26	36
27	33
28	29
29	33
30	35
31	26
32	34
33	34
34	40
35	37
36	30
37	38
38	31
39	31
40	37
41	31
42	43
43	39
44	33
45	42
46	43
47	36
48	46
49	34
50	50
51	37
52	37
53	36
54	42
55	35
56	46
57	64
58	54
59	51
60	51
61	52
62	46
63	60
64	59
65	57
66	64
67	52
68	58
69	72
70	73
71	58
72	66
73	61
74	804
75	909
76	943
77	1103
78	1301
79	1807
80	2244
81	2201
82	1744
83	1468
84	1339
85	1408
86	1609
87	1727
88	2048
89	2691
90	3688
91	4473
92	4459
93	3491
94	3615
95	3559
96	3874
97	4212
98	5077
99	6169
100	6998
101	7566
102	7706
103	7490
104	7196
105	6915
106	7242
107	8055
108	9453
109	10900
110	12928
111	14508
112	14708
113	13002
114	11976
115	12357
116	13059
117	14434
118	16607
119	19010
120	23362
121	30313
122	35092
123	33459
124	27116
125	22686
126	22234
127	24630
128	27737
129	32417
130	39990
131	50881
132	65719
133	80576
134	83011
135	74837
136	68779
137	74211
138	90296
139	115260
140	144749
141	167793
142	176358
143	177124
144	179840
145	182433
146	186390
147	194537
148	213162
149	235931
150	260882
151	288854
152	312291
153	316377
154	306594
155	307412
156	329952
157	370627
158	425506
159	486222
160	535872
161	573202
162	611238
163	671635
164	762909
165	854181
166	896682
167	908372
168	904607
169	888510
170	860388
171	825139
172	796077
173	784337
174	778020
175	773121
176	753943
177	719437
178	676305
179	626900
180	579029
181	533765
182	494067
183	457912
184	431665
185	408069
186	387906
187	369233
188	348735
189	327748
190	303889
191	279067
192	255628
193	232446
194	214305
195	199331
196	187220
197	177473
198	168260
199	160831
200	151525
201	142972
202	132168
203	122483
204	113559
205	103821
206	97404
207	91362
208	85408
209	81327
210	76846
211	71902
212	67156
213	62727
214	57557
215	52261
216	48281
217	45188
218	41494
219	38932
220	37025
221	34674
222	32253
223	29735
224	27452
225	25109
226	22876
227	21363
228	19940
229	18637
230	17223
231	15992
232	15205
233	14132
234	13142
235	12161
236	11465
237	10335
238	9768
239	9590
240	8923
241	8739
242	8483
243	7758
244	7468
245	7100
246	6759
247	6598
248	6097
249	6012
250	5874
251	5712
252	5803
253	5651
254	6341
255	4997
256	4453
257	4525
258	4500
259	4173
260	4128
261	4140
262	4215
263	4304
264	4387
265	4323
266	4264
267	4149
268	4237
269	4197
270	4327
271	4478
272	4763
273	4937
274	4932
275	4956
276	5011
277	5074
278	5214
279	5423
280	5855
281	6475
282	6906

