## htsjdk.samtools.metrics.StringHeader
# CollectInsertSizeMetrics HISTOGRAM_FILE=/home/dnaase/startup/data/public_cfdna/sun2019gr/T99/T99.hg19.insert_size_histogram.pdf INPUT=/home/dnaase/startup/data/public_cfdna/sun2019gr/T99/T99.hg19.mdups.bam OUTPUT=/home/dnaase/startup/data/public_cfdna/sun2019gr/T99/T99.hg19.insert_size_metrics.txt    DEVIATIONS=10.0 MINIMUM_PCT=0.05 METRIC_ACCUMULATION_LEVEL=[ALL_READS] INCLUDE_DUPLICATES=false ASSUME_SORTED=true STOP_AFTER=0 VERBOSITY=INFO QUIET=false VALIDATION_STRINGENCY=STRICT COMPRESSION_LEVEL=5 MAX_RECORDS_IN_RAM=500000 CREATE_INDEX=false CREATE_MD5_FILE=false GA4GH_CLIENT_SECRETS=client_secrets.json USE_JDK_DEFLATER=false USE_JDK_INFLATER=false
## htsjdk.samtools.metrics.StringHeader
# Started on: Tue Dec 31 14:38:51 EST 2019

## METRICS CLASS	picard.analysis.InsertSizeMetrics
MEDIAN_INSERT_SIZE	MODE_INSERT_SIZE	MEDIAN_ABSOLUTE_DEVIATION	MIN_INSERT_SIZE	MAX_INSERT_SIZE	MEAN_INSERT_SIZE	STANDARD_DEVIATION	READ_PAIRS	PAIR_ORIENTATION	WIDTH_OF_10_PERCENT	WIDTH_OF_20_PERCENT	WIDTH_OF_30_PERCENT	WIDTH_OF_40_PERCENT	WIDTH_OF_50_PERCENT	WIDTH_OF_60_PERCENT	WIDTH_OF_70_PERCENT	WIDTH_OF_80_PERCENT	WIDTH_OF_90_PERCENT	WIDTH_OF_95_PERCENT	WIDTH_OF_99_PERCENT	SAMPLE	LIBRARY	READ_GROUP
165	166	12	2	243142399	161.569578	23.854058	25892453	FR	5	9	13	19	25	33	43	59	93	147	391			

## HISTOGRAM	java.lang.Integer
insert_size	All_Reads.fr_count
2	28
3	29
4	22
5	22
6	18
7	17
8	23
9	26
10	20
11	26
12	17
13	22
14	19
15	20
16	20
17	16
18	17
19	17
20	10
21	15
22	21
23	8
24	20
25	14
26	16
27	16
28	26
29	19
30	29
31	31
32	30
33	31
34	28
35	33
36	33
37	52
38	44
39	44
40	50
41	53
42	44
43	46
44	69
45	51
46	65
47	59
48	69
49	69
50	74
51	91
52	77
53	77
54	110
55	109
56	83
57	99
58	103
59	124
60	141
61	151
62	176
63	188
64	220
65	241
66	283
67	321
68	344
69	442
70	492
71	526
72	526
73	566
74	8453
75	8584
76	10592
77	11719
78	13867
79	18779
80	24826
81	25143
82	18789
83	14509
84	13077
85	13064
86	13997
87	14636
88	16584
89	21840
90	31360
91	38601
92	37432
93	28493
94	22213
95	20292
96	20983
97	23272
98	26408
99	31606
100	36968
101	41443
102	42005
103	39328
104	35037
105	31657
106	32669
107	34796
108	38044
109	42557
110	50660
111	57442
112	55217
113	45455
114	38386
115	37550
116	39740
117	42250
118	45323
119	49555
120	61167
121	79918
122	92589
123	87468
124	67682
125	53138
126	51162
127	54701
128	61514
129	70226
130	85298
131	107041
132	135338
133	160402
134	161350
135	142538
136	129209
137	137350
138	161742
139	193582
140	229500
141	253795
142	257814
143	253876
144	252432
145	252776
146	251328
147	258296
148	273382
149	289628
150	306727
151	327423
152	347393
153	346024
154	334383
155	333301
156	350899
157	386703
158	429042
159	473660
160	503522
161	520390
162	538978
163	582171
164	654072
165	715980
166	734505
167	725423
168	698621
169	662791
170	617183
171	569983
172	532174
173	507537
174	493256
175	480713
176	463304
177	435827
178	402325
179	364541
180	328061
181	294699
182	264706
183	242037
184	223314
185	209541
186	195491
187	184675
188	172234
189	158896
190	145414
191	130653
192	117219
193	104702
194	95699
195	88392
196	82694
197	78063
198	73624
199	69616
200	64917
201	59522
202	55001
203	49558
204	45675
205	41901
206	39014
207	36662
208	34639
209	32785
210	30663
211	28398
212	25740
213	23769
214	21398
215	19615
216	18033
217	16781
218	15659
219	14729
220	13649
221	12695
222	11612
223	10395
224	9555
225	8718
226	7877
227	7328
228	6800
229	6346
230	5787
231	5522
232	5175
233	4744
234	4392
235	4151
236	3683
237	3375
238	3108
239	3209
240	3053
241	3044
242	2858
243	2617
244	2369
245	2301
246	2281
247	2102
248	2175
249	2094
250	2527
251	1835
252	1705
253	1650
254	1601
255	1588
256	1428
257	1409
258	1473
259	1431
260	1535
261	1621
262	1748
263	1688
264	1710
265	1587
266	1619
267	1548
268	1640
269	1745
270	1795
271	1971
272	2142
273	2204
274	2170
275	2134
276	2144
277	2239
278	2248
279	2439
280	2742
281	2891
282	3227
283	3230
284	3363
285	3327

