## htsjdk.samtools.metrics.StringHeader
# CollectInsertSizeMetrics HISTOGRAM_FILE=/home/dnaase/startup/data/public_cfdna/jiang2015pnas/C315/C315.hg19.insert_size_histogram.pdf INPUT=/home/dnaase/startup/data/public_cfdna/jiang2015pnas/C315/C315.hg19.mdups.bam OUTPUT=/home/dnaase/startup/data/public_cfdna/jiang2015pnas/C315/C315.hg19.insert_size_metrics.txt    DEVIATIONS=10.0 MINIMUM_PCT=0.05 METRIC_ACCUMULATION_LEVEL=[ALL_READS] INCLUDE_DUPLICATES=false ASSUME_SORTED=true STOP_AFTER=0 VERBOSITY=INFO QUIET=false VALIDATION_STRINGENCY=STRICT COMPRESSION_LEVEL=5 MAX_RECORDS_IN_RAM=500000 CREATE_INDEX=false CREATE_MD5_FILE=false GA4GH_CLIENT_SECRETS=client_secrets.json USE_JDK_DEFLATER=false USE_JDK_INFLATER=false
## htsjdk.samtools.metrics.StringHeader
# Started on: Tue Dec 31 12:10:12 EST 2019

## METRICS CLASS	picard.analysis.InsertSizeMetrics
MEDIAN_INSERT_SIZE	MODE_INSERT_SIZE	MEDIAN_ABSOLUTE_DEVIATION	MIN_INSERT_SIZE	MAX_INSERT_SIZE	MEAN_INSERT_SIZE	STANDARD_DEVIATION	READ_PAIRS	PAIR_ORIENTATION	WIDTH_OF_10_PERCENT	WIDTH_OF_20_PERCENT	WIDTH_OF_30_PERCENT	WIDTH_OF_40_PERCENT	WIDTH_OF_50_PERCENT	WIDTH_OF_60_PERCENT	WIDTH_OF_70_PERCENT	WIDTH_OF_80_PERCENT	WIDTH_OF_90_PERCENT	WIDTH_OF_95_PERCENT	WIDTH_OF_99_PERCENT	SAMPLE	LIBRARY	READ_GROUP
169	166	12	2	246887998	168.634302	21.610434	38575014	FR	5	9	13	19	25	33	41	57	85	175	425			

## HISTOGRAM	java.lang.Integer
insert_size	All_Reads.fr_count
2	48
3	40
4	32
5	34
6	37
7	37
8	37
9	30
10	39
11	38
12	30
13	30
14	38
15	42
16	29
17	38
18	40
19	39
20	26
21	28
22	36
23	31
24	28
25	28
26	29
27	42
28	35
29	28
30	28
31	35
32	27
33	32
34	36
35	41
36	37
37	44
38	37
39	51
40	37
41	40
42	31
43	47
44	42
45	54
46	41
47	41
48	49
49	65
50	36
51	50
52	53
53	56
54	54
55	64
56	62
57	61
58	77
59	68
60	64
61	67
62	72
63	82
64	74
65	99
66	107
67	94
68	125
69	107
70	114
71	125
72	124
73	145
74	1998
75	2250
76	2315
77	2542
78	2997
79	3893
80	4815
81	4841
82	4028
83	3299
84	3148
85	3281
86	3572
87	3912
88	4443
89	6163
90	9143
91	10615
92	10391
93	9205
94	7629
95	7570
96	7883
97	8638
98	9975
99	12268
100	14468
101	15880
102	15834
103	15761
104	14840
105	14136
106	14257
107	15741
108	17816
109	21581
110	26752
111	31362
112	31457
113	27138
114	24034
115	24117
116	25616
117	27996
118	31754
119	37386
120	48393
121	63638
122	75444
123	72786
124	57754
125	46364
126	43629
127	47456
128	53772
129	62165
130	75932
131	96050
132	128254
133	159275
134	165862
135	148011
136	128064
137	131544
138	155657
139	196433
140	247615
141	288486
142	303894
143	299785
144	301943
145	304286
146	302189
147	302830
148	322028
149	348287
150	382325
151	422654
152	458074
153	461735
154	441650
155	437018
156	458811
157	505375
158	565762
159	634057
160	692163
161	729194
162	769558
163	840586
164	950399
165	1046407
166	1083233
167	1080765
168	1058311
169	1020982
170	971484
171	921519
172	876026
173	854158
174	839207
175	822408
176	797941
177	756235
178	703593
179	650921
180	596889
181	549089
182	504610
183	467726
184	437976
185	414919
186	392424
187	374240
188	354750
189	333279
190	306255
191	282521
192	258797
193	238880
194	220020
195	204999
196	192026
197	181575
198	173381
199	164319
200	155634
201	146061
202	134584
203	124652
204	114906
205	106050
206	98011
207	92844
208	87493
209	81780
210	78001
211	73267
212	68471
213	62655
214	56920
215	52751
216	48626
217	45397
218	42545
219	39946
220	37363
221	35341
222	32338
223	29866
224	27797
225	25312
226	23363
227	21713
228	20439
229	18958
230	17561
231	16596
232	15529
233	14521
234	13514
235	12565
236	11227
237	10633
238	9967
239	9438
240	9140
241	8711
242	8263
243	7808
244	7264
245	6769
246	6998
247	5918
248	5585
249	5440
250	5874
251	4696
252	4305
253	4300
254	4126
255	3883
256	3693
257	3691
258	3572
259	3463
260	3529
261	3436
262	3469
263	3661
264	3523
265	3434
266	3301
267	3210
268	3299
269	3376
270	3462
271	3654
272	3767
273	3915
274	4153
275	3996
276	4077
277	4204
278	4068
279	4357
280	4696
281	5181
282	5377
283	5653
284	5874
285	5935
286	5989
287	6356
288	6655
289	7064

