## htsjdk.samtools.metrics.StringHeader
# CollectInsertSizeMetrics HISTOGRAM_FILE=/home/dnaase/startup/data/public_cfdna/jiang2015pnas/C347/C347.hg19.insert_size_histogram.pdf INPUT=/home/dnaase/startup/data/public_cfdna/jiang2015pnas/C347/C347.hg19.mdups.bam OUTPUT=/home/dnaase/startup/data/public_cfdna/jiang2015pnas/C347/C347.hg19.insert_size_metrics.txt    DEVIATIONS=10.0 MINIMUM_PCT=0.05 METRIC_ACCUMULATION_LEVEL=[ALL_READS] INCLUDE_DUPLICATES=false ASSUME_SORTED=true STOP_AFTER=0 VERBOSITY=INFO QUIET=false VALIDATION_STRINGENCY=STRICT COMPRESSION_LEVEL=5 MAX_RECORDS_IN_RAM=500000 CREATE_INDEX=false CREATE_MD5_FILE=false GA4GH_CLIENT_SECRETS=client_secrets.json USE_JDK_DEFLATER=false USE_JDK_INFLATER=false
## htsjdk.samtools.metrics.StringHeader
# Started on: Tue Dec 31 12:08:15 EST 2019

## METRICS CLASS	picard.analysis.InsertSizeMetrics
MEDIAN_INSERT_SIZE	MODE_INSERT_SIZE	MEDIAN_ABSOLUTE_DEVIATION	MIN_INSERT_SIZE	MAX_INSERT_SIZE	MEAN_INSERT_SIZE	STANDARD_DEVIATION	READ_PAIRS	PAIR_ORIENTATION	WIDTH_OF_10_PERCENT	WIDTH_OF_20_PERCENT	WIDTH_OF_30_PERCENT	WIDTH_OF_40_PERCENT	WIDTH_OF_50_PERCENT	WIDTH_OF_60_PERCENT	WIDTH_OF_70_PERCENT	WIDTH_OF_80_PERCENT	WIDTH_OF_90_PERCENT	WIDTH_OF_95_PERCENT	WIDTH_OF_99_PERCENT	SAMPLE	LIBRARY	READ_GROUP
169	166	10	2	248760244	168.856808	18.198606	31452786	FR	5	7	11	15	21	27	37	49	79	267	439			

## HISTOGRAM	java.lang.Integer
insert_size	All_Reads.fr_count
2	44
3	41
4	23
5	36
6	22
7	36
8	19
9	17
10	34
11	29
12	29
13	38
14	28
15	30
16	21
17	32
18	26
19	27
20	27
21	21
22	30
23	31
24	20
25	27
26	25
27	29
28	20
29	25
30	37
31	29
32	34
33	27
34	26
35	40
36	22
37	25
38	26
39	23
40	35
41	24
42	23
43	31
44	29
45	27
46	27
47	22
48	30
49	21
50	31
51	40
52	42
53	31
54	51
55	33
56	48
57	56
58	50
59	36
60	30
61	47
62	48
63	42
64	38
65	38
66	57
67	52
68	61
69	56
70	61
71	52
72	63
73	54
74	568
75	659
76	693
77	787
78	941
79	1200
80	1512
81	1490
82	1131
83	943
84	884
85	979
86	959
87	1139
88	1317
89	1793
90	2279
91	2649
92	2668
93	2159
94	1911
95	1737
96	1970
97	2236
98	2669
99	3292
100	4057
101	4465
102	4626
103	4182
104	5242
105	5143
106	5251
107	6247
108	6938
109	8038
110	9524
111	11022
112	11291
113	10117
114	9474
115	9520
116	10376
117	11340
118	13410
119	15839
120	20371
121	26607
122	31014
123	29879
124	24314
125	21037
126	21056
127	23968
128	27367
129	32473
130	40412
131	52247
132	69836
133	85944
134	88914
135	81307
136	75906
137	82392
138	101128
139	128953
140	161579
141	187928
142	198248
143	199830
144	202549
145	208036
146	211906
147	222546
148	243282
149	269641
150	298098
151	330710
152	357014
153	361105
154	353914
155	357802
156	384934
157	434322
158	496751
159	560316
160	615103
161	660804
162	708857
163	788152
164	900203
165	996132
166	1030959
167	1022600
168	996837
169	962086
170	916377
171	866726
172	820433
173	791359
174	764762
175	737135
176	697351
177	647273
178	589377
179	534332
180	481802
181	436405
182	395796
183	361029
184	330389
185	305454
186	282170
187	259693
188	242720
189	222801
190	204961
191	186762
192	170504
193	155414
194	141698
195	131259
196	121275
197	114289
198	106979
199	101552
200	96171
201	89436
202	84377
203	77944
204	72384
205	67220
206	62211
207	58166
208	55070
209	51979
210	49408
211	47092
212	43831
213	40595
214	37051
215	34156
216	31861
217	29153
218	27416
219	26027
220	24246
221	22864
222	21009
223	19753
224	17996
225	16921
226	14957
227	13912
228	12997
229	12288
230	11667
231	10828
232	10348
233	9692
234	8957
235	8566
236	8738
237	7021
238	6162
239	5869
240	5760
241	5441
242	5196
243	4973
244	4749
245	4527
246	4431
247	4098
248	4049
249	3776
250	3727
251	3699
252	3700
253	3616
254	3632
255	3462
256	3379
257	3381
258	3199
259	3299
260	3143
261	3234
262	3390
263	3536
264	3398
265	3334
266	3492
267	3373
268	3378
269	3419

