## htsjdk.samtools.metrics.StringHeader
# CollectInsertSizeMetrics HISTOGRAM_FILE=/home/dnaase/startup/data/public_cfdna/jiang2015pnas/C348/C348.hg19.insert_size_histogram.pdf INPUT=/home/dnaase/startup/data/public_cfdna/jiang2015pnas/C348/C348.hg19.mdups.bam OUTPUT=/home/dnaase/startup/data/public_cfdna/jiang2015pnas/C348/C348.hg19.insert_size_metrics.txt    DEVIATIONS=10.0 MINIMUM_PCT=0.05 METRIC_ACCUMULATION_LEVEL=[ALL_READS] INCLUDE_DUPLICATES=false ASSUME_SORTED=true STOP_AFTER=0 VERBOSITY=INFO QUIET=false VALIDATION_STRINGENCY=STRICT COMPRESSION_LEVEL=5 MAX_RECORDS_IN_RAM=500000 CREATE_INDEX=false CREATE_MD5_FILE=false GA4GH_CLIENT_SECRETS=client_secrets.json USE_JDK_DEFLATER=false USE_JDK_INFLATER=false
## htsjdk.samtools.metrics.StringHeader
# Started on: Tue Dec 31 12:06:24 EST 2019

## METRICS CLASS	picard.analysis.InsertSizeMetrics
MEDIAN_INSERT_SIZE	MODE_INSERT_SIZE	MEDIAN_ABSOLUTE_DEVIATION	MIN_INSERT_SIZE	MAX_INSERT_SIZE	MEAN_INSERT_SIZE	STANDARD_DEVIATION	READ_PAIRS	PAIR_ORIENTATION	WIDTH_OF_10_PERCENT	WIDTH_OF_20_PERCENT	WIDTH_OF_30_PERCENT	WIDTH_OF_40_PERCENT	WIDTH_OF_50_PERCENT	WIDTH_OF_60_PERCENT	WIDTH_OF_70_PERCENT	WIDTH_OF_80_PERCENT	WIDTH_OF_90_PERCENT	WIDTH_OF_95_PERCENT	WIDTH_OF_99_PERCENT	SAMPLE	LIBRARY	READ_GROUP
172	167	11	2	243142406	172.232858	19.956194	30004337	FR	5	9	13	17	23	29	41	55	93	293	479			

## HISTOGRAM	java.lang.Integer
insert_size	All_Reads.fr_count
2	31
3	30
4	21
5	25
6	32
7	26
8	25
9	30
10	29
11	27
12	30
13	30
14	39
15	29
16	28
17	32
18	24
19	23
20	31
21	38
22	34
23	27
24	30
25	21
26	31
27	27
28	18
29	29
30	29
31	25
32	20
33	28
34	26
35	23
36	30
37	32
38	17
39	23
40	31
41	25
42	27
43	28
44	33
45	23
46	33
47	30
48	30
49	33
50	31
51	37
52	36
53	39
54	48
55	44
56	43
57	57
58	41
59	43
60	35
61	27
62	44
63	52
64	55
65	45
66	56
67	42
68	58
69	61
70	61
71	58
72	70
73	55
74	430
75	494
76	544
77	608
78	735
79	914
80	1152
81	1124
82	874
83	670
84	713
85	757
86	822
87	854
88	1095
89	1399
90	1797
91	2128
92	2214
93	1855
94	1953
95	1832
96	1796
97	2568
98	3122
99	3769
100	4174
101	4866
102	4581
103	4397
104	4452
105	4179
106	4372
107	4988
108	5590
109	6587
110	8354
111	9585
112	9448
113	8531
114	7613
115	7880
116	8785
117	9841
118	11040
119	13415
120	17468
121	23444
122	27994
123	27468
124	21754
125	17517
126	16783
127	18712
128	21219
129	25282
130	31824
131	42557
132	56368
133	70050
134	72809
135	64985
136	57956
137	60877
138	74754
139	96276
140	125719
141	149281
142	158477
143	158264
144	159670
145	162014
146	162777
147	168455
148	184159
149	205520
150	229254
151	257914
152	281962
153	287803
154	277857
155	278799
156	297224
157	334734
158	386807
159	442129
160	491601
161	531586
162	568811
163	628844
164	718841
165	803927
166	846053
167	854690
168	850770
169	834371
170	810198
171	779429
172	753166
173	741838
174	736548
175	728831
176	705908
177	668446
178	623403
179	574004
180	530379
181	487878
182	451530
183	416473
184	390648
185	367965
186	347632
187	328369
188	309503
189	289825
190	268602
191	246330
192	224646
193	206899
194	191682
195	177798
196	166672
197	157972
198	151602
199	144381
200	136088
201	128254
202	119346
203	111503
204	102465
205	94549
206	87688
207	82081
208	77473
209	73570
210	69748
211	65201
212	61151
213	56604
214	51561
215	47489
216	43995
217	40669
218	37958
219	35464
220	33285
221	31477
222	28944
223	26668
224	24866
225	22535
226	20479
227	19043
228	17787
229	16422
230	15507
231	14424
232	13636
233	12952
234	12215
235	11380
236	10227
237	9590
238	9153
239	8778
240	8456
241	8051
242	7528
243	7335
244	7225
245	6811
246	6518
247	6170
248	5944
249	5629
250	6378
251	5380
252	4805
253	4850
254	5234
255	4609
256	4273
257	4023
258	4013
259	4061
260	3953
261	4104
262	4151
263	4302
264	4321
265	4111
266	3990
267	3970
268	3999
269	3963
270	4170
271	4493
272	4636
273	4805
274	4847
275	4789
276	4766
277	4854
278	4868
279	5221
280	5725
281	6192
282	6651

