## htsjdk.samtools.metrics.StringHeader
# CollectInsertSizeMetrics HISTOGRAM_FILE=/home/dnaase/startup/data/public_cfdna/sun2019gr/TBR922.rep1/TBR922.hg19.insert_size_histogram.pdf INPUT=/home/dnaase/startup/data/public_cfdna/sun2019gr/TBR922.rep1/TBR922.hg19.mdups.bam OUTPUT=/home/dnaase/startup/data/public_cfdna/sun2019gr/TBR922.rep1/TBR922.hg19.insert_size_metrics.txt    DEVIATIONS=10.0 MINIMUM_PCT=0.05 METRIC_ACCUMULATION_LEVEL=[ALL_READS] INCLUDE_DUPLICATES=false ASSUME_SORTED=true STOP_AFTER=0 VERBOSITY=INFO QUIET=false VALIDATION_STRINGENCY=STRICT COMPRESSION_LEVEL=5 MAX_RECORDS_IN_RAM=500000 CREATE_INDEX=false CREATE_MD5_FILE=false GA4GH_CLIENT_SECRETS=client_secrets.json USE_JDK_DEFLATER=false USE_JDK_INFLATER=false
## htsjdk.samtools.metrics.StringHeader
# Started on: Tue Dec 31 18:23:08 EST 2019

## METRICS CLASS	picard.analysis.InsertSizeMetrics
MEDIAN_INSERT_SIZE	MODE_INSERT_SIZE	MEDIAN_ABSOLUTE_DEVIATION	MIN_INSERT_SIZE	MAX_INSERT_SIZE	MEAN_INSERT_SIZE	STANDARD_DEVIATION	READ_PAIRS	PAIR_ORIENTATION	WIDTH_OF_10_PERCENT	WIDTH_OF_20_PERCENT	WIDTH_OF_30_PERCENT	WIDTH_OF_40_PERCENT	WIDTH_OF_50_PERCENT	WIDTH_OF_60_PERCENT	WIDTH_OF_70_PERCENT	WIDTH_OF_80_PERCENT	WIDTH_OF_90_PERCENT	WIDTH_OF_95_PERCENT	WIDTH_OF_99_PERCENT	SAMPLE	LIBRARY	READ_GROUP
147	165	18	2	244987195	142.507742	30.862393	37783521	FR	9	15	23	29	37	45	55	71	101	137	203			

## HISTOGRAM	java.lang.Integer
insert_size	All_Reads.fr_count
2	5
3	5
4	5
5	13
6	23
7	8
8	20
9	29
10	20
11	13
12	14
13	50
14	12
15	13
16	15
17	10
18	21
19	26
20	15
21	23
22	34
23	39
24	108
25	247
26	399
27	503
28	561
29	753
30	3958
31	3495
32	2873
33	2481
34	2125
35	3505
36	3068
37	2698
38	15397
39	13528
40	13525
41	12070
42	30388
43	31694
44	29699
45	31608
46	28783
47	31268
48	29662
49	27724
50	26387
51	26953
52	27344
53	31527
54	30471
55	29618
56	30846
57	30258
58	30541
59	32729
60	33243
61	36531
62	36294
63	36000
64	37432
65	38011
66	36551
67	37744
68	40746
69	42601
70	47158
71	49208
72	48320
73	49622
74	53658
75	55617
76	54012
77	56318
78	58564
79	61950
80	64478
81	66071
82	65081
83	67173
84	68441
85	70461
86	72247
87	76736
88	81408
89	84661
90	90091
91	97947
92	99082
93	100461
94	106837
95	107948
96	109998
97	112362
98	119950
99	124902
100	134986
101	139221
102	143366
103	152824
104	155560
105	164034
106	170573
107	180650
108	187429
109	208119
110	212945
111	221046
112	220942
113	227676
114	235938
115	239979
116	254356
117	265103
118	280642
119	291496
120	302214
121	323215
122	332136
123	332331
124	331593
125	334305
126	337045
127	344570
128	356308
129	373253
130	393860
131	407049
132	434275
133	440580
134	444849
135	444322
136	450146
137	458682
138	478594
139	494073
140	507409
141	517634
142	512716
143	513387
144	515773
145	514825
146	523317
147	529597
148	545076
149	557780
150	562311
151	564440
152	566994
153	560642
154	555629
155	559224
156	571550
157	585704
158	602666
159	614901
160	618503
161	617278
162	616103
163	623470
164	638057
165	639782
166	616257
167	571351
168	525276
169	482299
170	436982
171	396008
172	365378
173	339336
174	319183
175	300022
176	276288
177	251210
178	222836
179	197653
180	177619
181	159913
182	144860
183	132992
184	123246
185	114656
186	106938
187	98924
188	92990
189	87126
190	78522
191	71622
192	66898
193	61663
194	57731
195	54383
196	47769
197	45548
198	41321
199	39051
200	37100
201	34595
202	31095
203	29113
204	27944
205	25825
206	23784
207	22320
208	21176
209	18932
210	17117
211	15779
212	14710
213	13975
214	13307
215	12893
216	11723
217	10764
218	10969
219	10949
220	10027
221	8352
222	8279
223	7393
224	7112
225	6959
226	6480
227	6085
228	6142
229	6052
230	6235
231	5026
232	4755
233	4542
234	4548
235	4539
236	4305
237	4092
238	4912
239	4373
240	3835
241	4003
242	3649
243	3870
244	4055
245	3819
246	3820
247	3830
248	3828
249	3808
250	3492
251	3682
252	3722
253	4587
254	4734
255	4662
256	4794
257	4907
258	12790
259	2439
260	1875
261	6191
262	441
263	239
264	263
265	289
266	246
267	255
268	312
269	344
270	319
271	325
272	339
273	325
274	384
275	401
276	367
277	412
278	388
279	443
280	443
281	444
282	463
283	509
284	470
285	547
286	502
287	533
288	556
289	570
290	585
291	650
292	671
293	623
294	679
295	721
296	670
297	729
298	769
299	714
300	741
301	720
302	765
303	771
304	758
305	798
306	823
307	803
308	798
309	799
310	837
311	817
312	804
313	801
314	824
315	785
316	795
317	748
318	696
319	706
320	692
321	715
322	683
323	659
324	678
325	643
326	614
327	631

