## htsjdk.samtools.metrics.StringHeader
# CollectInsertSizeMetrics HISTOGRAM_FILE=/home/dnaase/startup/data/public_cfdna/jiang2015pnas/C313/C313.hg19.insert_size_histogram.pdf INPUT=/home/dnaase/startup/data/public_cfdna/jiang2015pnas/C313/C313.hg19.mdups.bam OUTPUT=/home/dnaase/startup/data/public_cfdna/jiang2015pnas/C313/C313.hg19.insert_size_metrics.txt    DEVIATIONS=10.0 MINIMUM_PCT=0.05 METRIC_ACCUMULATION_LEVEL=[ALL_READS] INCLUDE_DUPLICATES=false ASSUME_SORTED=true STOP_AFTER=0 VERBOSITY=INFO QUIET=false VALIDATION_STRINGENCY=STRICT COMPRESSION_LEVEL=5 MAX_RECORDS_IN_RAM=500000 CREATE_INDEX=false CREATE_MD5_FILE=false GA4GH_CLIENT_SECRETS=client_secrets.json USE_JDK_DEFLATER=false USE_JDK_INFLATER=false
## htsjdk.samtools.metrics.StringHeader
# Started on: Tue Dec 31 12:33:18 EST 2019

## METRICS CLASS	picard.analysis.InsertSizeMetrics
MEDIAN_INSERT_SIZE	MODE_INSERT_SIZE	MEDIAN_ABSOLUTE_DEVIATION	MIN_INSERT_SIZE	MAX_INSERT_SIZE	MEAN_INSERT_SIZE	STANDARD_DEVIATION	READ_PAIRS	PAIR_ORIENTATION	WIDTH_OF_10_PERCENT	WIDTH_OF_20_PERCENT	WIDTH_OF_30_PERCENT	WIDTH_OF_40_PERCENT	WIDTH_OF_50_PERCENT	WIDTH_OF_60_PERCENT	WIDTH_OF_70_PERCENT	WIDTH_OF_80_PERCENT	WIDTH_OF_90_PERCENT	WIDTH_OF_95_PERCENT	WIDTH_OF_99_PERCENT	SAMPLE	LIBRARY	READ_GROUP
171	167	11	2	248760188	171.010122	20.043595	49879526	FR	5	9	13	17	23	31	41	55	93	293	451			

## HISTOGRAM	java.lang.Integer
insert_size	All_Reads.fr_count
2	44
3	43
4	43
5	52
6	54
7	46
8	49
9	42
10	46
11	47
12	48
13	42
14	45
15	48
16	50
17	47
18	49
19	51
20	61
21	46
22	38
23	51
24	49
25	60
26	50
27	50
28	46
29	58
30	46
31	49
32	40
33	64
34	42
35	63
36	48
37	58
38	75
39	59
40	64
41	61
42	61
43	43
44	51
45	57
46	45
47	45
48	54
49	67
50	68
51	45
52	67
53	72
54	65
55	64
56	57
57	68
58	68
59	79
60	85
61	73
62	79
63	69
64	68
65	88
66	100
67	92
68	99
69	112
70	107
71	107
72	109
73	109
74	1435
75	1657
76	1809
77	1928
78	2112
79	2874
80	3482
81	3448
82	2776
83	2292
84	2156
85	2145
86	2458
87	2569
88	3038
89	3908
90	5225
91	6031
92	5899
93	5238
94	4437
95	4256
96	5313
97	5784
98	6640
99	8425
100	9601
101	10412
102	10792
103	10696
104	10135
105	9989
106	10143
107	11454
108	13179
109	15036
110	17883
111	20315
112	20088
113	17784
114	16647
115	17226
116	18253
117	19881
118	21997
119	25710
120	32139
121	42668
122	50875
123	49542
124	40054
125	33071
126	32655
127	36339
128	41320
129	48621
130	60796
131	77720
132	103294
133	127793
134	134021
135	121185
136	110950
137	119310
138	145398
139	186817
140	234593
141	272474
142	285573
143	287665
144	293164
145	301837
146	306359
147	317779
148	345674
149	378890
150	420403
151	468807
152	509245
153	513287
154	499985
155	505547
156	541367
157	609640
158	697444
159	787702
160	864061
161	921604
162	982929
163	1089571
164	1248470
165	1397473
166	1465821
167	1470835
168	1442915
169	1391612
170	1329548
171	1258632
172	1204642
173	1178101
174	1163830
175	1147361
176	1110607
177	1053090
178	978506
179	898290
180	822119
181	750969
182	688911
183	636250
184	596546
185	564988
186	535238
187	510159
188	482299
189	453566
190	421347
191	383875
192	349810
193	322866
194	297201
195	277328
196	261182
197	248454
198	238808
199	229121
200	216465
201	203141
202	189331
203	174632
204	160507
205	148315
206	138733
207	131426
208	123999
209	117707
210	110708
211	104563
212	97670
213	89258
214	81459
215	75335
216	69539
217	64644
218	60588
219	57401
220	53736
221	49976
222	46461
223	43056
224	39850
225	36397
226	33291
227	31020
228	28656
229	26527
230	24947
231	23552
232	21897
233	20804
234	18794
235	17198
236	16109
237	14974
238	13978
239	13611
240	12778
241	12160
242	11647
243	11247
244	10736
245	10281
246	9495
247	8967
248	8616
249	9337
250	7650
251	7118
252	7023
253	7590
254	6502
255	5817
256	5861
257	5806
258	5658
259	5527
260	5371
261	5412
262	5495
263	5493
264	5624
265	5478
266	5383
267	5202
268	5286
269	5464
270	5710
271	5807
272	6062
273	6389
274	6437
275	6538
276	6575
277	6766
278	7016
279	7268
280	8011
281	8694

