## htsjdk.samtools.metrics.StringHeader
# CollectInsertSizeMetrics HISTOGRAM_FILE=/home/dnaase/startup/data/public_cfdna/jiang2015pnas/C316/C316.hg19.insert_size_histogram.pdf INPUT=/home/dnaase/startup/data/public_cfdna/jiang2015pnas/C316/C316.hg19.mdups.bam OUTPUT=/home/dnaase/startup/data/public_cfdna/jiang2015pnas/C316/C316.hg19.insert_size_metrics.txt    DEVIATIONS=10.0 MINIMUM_PCT=0.05 METRIC_ACCUMULATION_LEVEL=[ALL_READS] INCLUDE_DUPLICATES=false ASSUME_SORTED=true STOP_AFTER=0 VERBOSITY=INFO QUIET=false VALIDATION_STRINGENCY=STRICT COMPRESSION_LEVEL=5 MAX_RECORDS_IN_RAM=500000 CREATE_INDEX=false CREATE_MD5_FILE=false GA4GH_CLIENT_SECRETS=client_secrets.json USE_JDK_DEFLATER=false USE_JDK_INFLATER=false
## htsjdk.samtools.metrics.StringHeader
# Started on: Tue Dec 31 12:34:47 EST 2019

## METRICS CLASS	picard.analysis.InsertSizeMetrics
MEDIAN_INSERT_SIZE	MODE_INSERT_SIZE	MEDIAN_ABSOLUTE_DEVIATION	MIN_INSERT_SIZE	MAX_INSERT_SIZE	MEAN_INSERT_SIZE	STANDARD_DEVIATION	READ_PAIRS	PAIR_ORIENTATION	WIDTH_OF_10_PERCENT	WIDTH_OF_20_PERCENT	WIDTH_OF_30_PERCENT	WIDTH_OF_40_PERCENT	WIDTH_OF_50_PERCENT	WIDTH_OF_60_PERCENT	WIDTH_OF_70_PERCENT	WIDTH_OF_80_PERCENT	WIDTH_OF_90_PERCENT	WIDTH_OF_95_PERCENT	WIDTH_OF_99_PERCENT	SAMPLE	LIBRARY	READ_GROUP
171	166	11	2	248760205	170.663351	19.371895	49757180	FR	5	9	13	17	23	29	39	53	81	265	425			

## HISTOGRAM	java.lang.Integer
insert_size	All_Reads.fr_count
2	52
3	42
4	52
5	29
6	45
7	37
8	44
9	49
10	36
11	44
12	41
13	55
14	30
15	34
16	36
17	46
18	48
19	34
20	42
21	36
22	32
23	53
24	51
25	43
26	38
27	49
28	39
29	49
30	29
31	49
32	40
33	53
34	44
35	47
36	44
37	51
38	50
39	39
40	50
41	60
42	55
43	55
44	45
45	55
46	55
47	50
48	52
49	55
50	70
51	61
52	50
53	67
54	64
55	69
56	66
57	71
58	57
59	73
60	67
61	83
62	87
63	83
64	108
65	93
66	94
67	85
68	103
69	116
70	151
71	115
72	111
73	116
74	2056
75	2161
76	2303
77	2491
78	2681
79	3365
80	3898
81	3834
82	3092
83	2550
84	2388
85	2526
86	2572
87	2788
88	3124
89	3817
90	5022
91	5727
92	5732
93	4626
94	3842
95	3616
96	3988
97	4363
98	5011
99	7592
100	8504
101	9086
102	9366
103	8971
104	9179
105	8686
106	8790
107	9655
108	10688
109	12097
110	15048
111	16978
112	17333
113	15673
114	13989
115	14233
116	15727
117	17194
118	19267
119	22721
120	29435
121	39023
122	46896
123	46420
124	37361
125	30366
126	29980
127	33056
128	37905
129	44825
130	55944
131	74801
132	102204
133	129666
134	137360
135	123172
136	111265
137	118967
138	143725
139	184171
140	232891
141	271271
142	287727
143	290560
144	295097
145	302621
146	306678
147	314811
148	341253
149	377537
150	421297
151	470989
152	515949
153	525139
154	513351
155	523090
156	566323
157	637255
158	727760
159	818496
160	895686
161	955076
162	1025862
163	1145832
164	1320284
165	1476521
166	1536211
167	1527569
168	1485024
169	1421730
170	1348220
171	1270753
172	1209193
173	1179637
174	1164793
175	1149221
176	1116354
177	1059340
178	985215
179	906683
180	829934
181	757158
182	694716
183	643289
184	603996
185	571721
186	544343
187	519452
188	493469
189	461030
190	424548
191	387363
192	354041
193	322499
194	296431
195	275151
196	257834
197	244166
198	231862
199	219838
200	207956
201	193677
202	177079
203	163160
204	149641
205	138207
206	127420
207	119714
208	113163
209	107245
210	100871
211	92603
212	86724
213	80417
214	73314
215	67660
216	61574
217	57246
218	53174
219	49752
220	46751
221	43720
222	40351
223	37810
224	34994
225	31512
226	28709
227	26266
228	24730
229	23059
230	21909
231	20195
232	18645
233	17377
234	16196
235	14920
236	13896
237	13053
238	12026
239	11687
240	11221
241	10952
242	10027
243	9495
244	9186
245	9987
246	7583
247	6590
248	6553
249	6424
250	6035
251	5732
252	5763
253	5487
254	5441
255	5281
256	5179
257	4936
258	4750
259	4532
260	4564
261	4517
262	4691
263	4722
264	4679
265	4588
266	4619
267	4406
268	4486
269	4575
270	4789
271	5103
272	5387
273	5535
274	5510
275	5527
276	5467
277	5795
278	6047
279	6486
280	7074
281	7655

