## htsjdk.samtools.metrics.StringHeader
# CollectInsertSizeMetrics HISTOGRAM_FILE=/home/dnaase/startup/data/public_cfdna/jiang2015pnas/C353/C353.hg19.insert_size_histogram.pdf INPUT=/home/dnaase/startup/data/public_cfdna/jiang2015pnas/C353/C353.hg19.mdups.bam OUTPUT=/home/dnaase/startup/data/public_cfdna/jiang2015pnas/C353/C353.hg19.insert_size_metrics.txt    DEVIATIONS=10.0 MINIMUM_PCT=0.05 METRIC_ACCUMULATION_LEVEL=[ALL_READS] INCLUDE_DUPLICATES=false ASSUME_SORTED=true STOP_AFTER=0 VERBOSITY=INFO QUIET=false VALIDATION_STRINGENCY=STRICT COMPRESSION_LEVEL=5 MAX_RECORDS_IN_RAM=500000 CREATE_INDEX=false CREATE_MD5_FILE=false GA4GH_CLIENT_SECRETS=client_secrets.json USE_JDK_DEFLATER=false USE_JDK_INFLATER=false
## htsjdk.samtools.metrics.StringHeader
# Started on: Tue Dec 31 12:10:11 EST 2019

## METRICS CLASS	picard.analysis.InsertSizeMetrics
MEDIAN_INSERT_SIZE	MODE_INSERT_SIZE	MEDIAN_ABSOLUTE_DEVIATION	MIN_INSERT_SIZE	MAX_INSERT_SIZE	MEAN_INSERT_SIZE	STANDARD_DEVIATION	READ_PAIRS	PAIR_ORIENTATION	WIDTH_OF_10_PERCENT	WIDTH_OF_20_PERCENT	WIDTH_OF_30_PERCENT	WIDTH_OF_40_PERCENT	WIDTH_OF_50_PERCENT	WIDTH_OF_60_PERCENT	WIDTH_OF_70_PERCENT	WIDTH_OF_80_PERCENT	WIDTH_OF_90_PERCENT	WIDTH_OF_95_PERCENT	WIDTH_OF_99_PERCENT	SAMPLE	LIBRARY	READ_GROUP
170	166	10	2	243142540	169.355846	18.545511	30224693	FR	5	9	11	17	21	29	37	51	79	265	427			

## HISTOGRAM	java.lang.Integer
insert_size	All_Reads.fr_count
2	45
3	41
4	23
5	27
6	32
7	39
8	24
9	40
10	30
11	24
12	24
13	38
14	32
15	38
16	26
17	26
18	23
19	25
20	26
21	23
22	24
23	21
24	17
25	24
26	34
27	21
28	31
29	24
30	30
31	30
32	24
33	32
34	19
35	35
36	33
37	31
38	30
39	30
40	45
41	25
42	36
43	35
44	33
45	34
46	24
47	26
48	34
49	28
50	25
51	44
52	31
53	27
54	37
55	36
56	40
57	48
58	36
59	36
60	38
61	46
62	36
63	48
64	54
65	64
66	43
67	37
68	57
69	56
70	69
71	61
72	65
73	64
74	602
75	676
76	787
77	829
78	1024
79	1470
80	1801
81	1761
82	1295
83	987
84	1033
85	1028
86	1136
87	1257
88	1488
89	1903
90	2580
91	3130
92	3142
93	2453
94	2046
95	1873
96	2151
97	2588
98	3027
99	3959
100	4304
101	5987
102	5900
103	5800
104	5451
105	5358
106	5829
107	6550
108	7294
109	8341
110	9642
111	11198
112	11151
113	9832
114	8866
115	9126
116	9928
117	11512
118	13028
119	14973
120	18966
121	25321
122	29773
123	28617
124	22924
125	19269
126	19142
127	21757
128	25156
129	30420
130	38206
131	51141
132	67501
133	82737
134	85858
135	77289
136	71592
137	78729
138	97847
139	126419
140	159019
141	183642
142	190997
143	189999
144	190161
145	192212
146	196659
147	205466
148	226682
149	252302
150	281823
151	315779
152	338227
153	341977
154	329376
155	332092
156	357489
157	403711
158	464680
159	528160
160	581961
161	618793
162	661073
163	727479
164	831119
165	918670
166	953126
167	948931
168	924337
169	894034
170	846067
171	799982
172	757629
173	732124
174	712453
175	694288
176	666281
177	627393
178	579443
179	532102
180	486014
181	442464
182	403697
183	370122
184	342948
185	319559
186	299831
187	281894
188	263098
189	243248
190	225312
191	205135
192	186615
193	169580
194	155862
195	143029
196	132079
197	123728
198	117726
199	111173
200	104583
201	98546
202	91714
203	84274
204	77438
205	70835
206	65989
207	61473
208	57648
209	53908
210	50792
211	48011
212	44162
213	41235
214	37880
215	34235
216	31262
217	28670
218	26665
219	25030
220	23412
221	21909
222	20351
223	18607
224	17019
225	15551
226	13978
227	13083
228	12114
229	11081
230	10635
231	9846
232	9475
233	8641
234	7936
235	7587
236	6814
237	6689
238	6335
239	5991
240	6794
241	5354
242	4509
243	4472
244	4252
245	4126
246	3974
247	3877
248	3637
249	3625
250	3543
251	3420
252	3547
253	3472
254	3547
255	3350
256	3345
257	3314
258	3358
259	3209
260	3172
261	3188
262	3423
263	3374
264	3441
265	3431
266	3391
267	3293
268	3396
269	3424
270	3705

