## htsjdk.samtools.metrics.StringHeader
# CollectInsertSizeMetrics HISTOGRAM_FILE=/home/dnaase/startup/data/public_cfdna/jiang2015pnas/C357/C357.hg19.insert_size_histogram.pdf INPUT=/home/dnaase/startup/data/public_cfdna/jiang2015pnas/C357/C357.hg19.mdups.bam OUTPUT=/home/dnaase/startup/data/public_cfdna/jiang2015pnas/C357/C357.hg19.insert_size_metrics.txt    DEVIATIONS=10.0 MINIMUM_PCT=0.05 METRIC_ACCUMULATION_LEVEL=[ALL_READS] INCLUDE_DUPLICATES=false ASSUME_SORTED=true STOP_AFTER=0 VERBOSITY=INFO QUIET=false VALIDATION_STRINGENCY=STRICT COMPRESSION_LEVEL=5 MAX_RECORDS_IN_RAM=500000 CREATE_INDEX=false CREATE_MD5_FILE=false GA4GH_CLIENT_SECRETS=client_secrets.json USE_JDK_DEFLATER=false USE_JDK_INFLATER=false
## htsjdk.samtools.metrics.StringHeader
# Started on: Tue Dec 31 12:25:41 EST 2019

## METRICS CLASS	picard.analysis.InsertSizeMetrics
MEDIAN_INSERT_SIZE	MODE_INSERT_SIZE	MEDIAN_ABSOLUTE_DEVIATION	MIN_INSERT_SIZE	MAX_INSERT_SIZE	MEAN_INSERT_SIZE	STANDARD_DEVIATION	READ_PAIRS	PAIR_ORIENTATION	WIDTH_OF_10_PERCENT	WIDTH_OF_20_PERCENT	WIDTH_OF_30_PERCENT	WIDTH_OF_40_PERCENT	WIDTH_OF_50_PERCENT	WIDTH_OF_60_PERCENT	WIDTH_OF_70_PERCENT	WIDTH_OF_80_PERCENT	WIDTH_OF_90_PERCENT	WIDTH_OF_95_PERCENT	WIDTH_OF_99_PERCENT	SAMPLE	LIBRARY	READ_GROUP
172	167	11	2	246258769	171.955871	19.479734	32745648	FR	5	9	13	17	23	29	39	53	87	285	447			

## HISTOGRAM	java.lang.Integer
insert_size	All_Reads.fr_count
2	40
3	30
4	43
5	30
6	36
7	40
8	31
9	34
10	35
11	30
12	38
13	32
14	28
15	37
16	23
17	31
18	34
19	19
20	22
21	33
22	31
23	43
24	25
25	38
26	43
27	34
28	34
29	34
30	23
31	30
32	18
33	33
34	34
35	35
36	30
37	27
38	32
39	30
40	30
41	35
42	27
43	21
44	37
45	35
46	31
47	37
48	33
49	41
50	30
51	42
52	45
53	31
54	48
55	34
56	45
57	41
58	43
59	37
60	48
61	44
62	42
63	40
64	50
65	46
66	65
67	69
68	52
69	54
70	53
71	50
72	53
73	49
74	660
75	726
76	748
77	901
78	1095
79	1493
80	1803
81	1804
82	1440
83	1082
84	1066
85	1060
86	1178
87	1321
88	1561
89	2175
90	2879
91	3591
92	3440
93	2686
94	2160
95	2018
96	2025
97	2963
98	3693
99	4768
100	5722
101	6212
102	6015
103	5808
104	5481
105	5539
106	5600
107	6158
108	6927
109	8328
110	10638
111	12381
112	12439
113	10760
114	9401
115	9339
116	10344
117	11614
118	12977
119	15718
120	19918
121	26408
122	31764
123	30807
124	24629
125	19727
126	18562
127	20051
128	23307
129	27287
130	34034
131	44941
132	60095
133	74711
134	78525
135	70666
136	62907
137	66956
138	82523
139	106198
140	134272
141	160124
142	169146
143	170054
144	172075
145	176424
146	179945
147	186935
148	203013
149	226525
150	251865
151	280051
152	303536
153	312204
154	302437
155	305682
156	329405
157	369559
158	423657
159	481764
160	530882
161	568629
162	609402
163	677540
164	779719
165	877235
166	923605
167	934207
168	927320
169	911251
170	883046
171	847137
172	818246
173	807823
174	807642
175	805136
176	790066
177	753395
178	703932
179	649939
180	598250
181	549141
182	508263
183	471654
184	442236
185	418393
186	397118
187	377162
188	355583
189	331088
190	306528
191	279559
192	253233
193	231800
194	212812
195	198481
196	186042
197	175092
198	166224
199	156764
200	147174
201	137680
202	127829
203	117298
204	107379
205	99132
206	91789
207	86272
208	81560
209	77106
210	72330
211	67572
212	62818
213	57471
214	52431
215	48397
216	44285
217	41205
218	38194
219	35999
220	33531
221	31025
222	28854
223	26600
224	24735
225	22322
226	20544
227	18949
228	17437
229	16021
230	15106
231	14257
232	13421
233	12314
234	11288
235	10177
236	9566
237	8802
238	8129
239	7820
240	7410
241	7164
242	6731
243	6562
244	6098
245	5716
246	5535
247	5136
248	4804
249	4645
250	5142
251	4172
252	3663
253	3571
254	3470
255	3433
256	3424
257	3374
258	3211
259	3043
260	3255
261	3107
262	3235
263	3251
264	3295
265	3195
266	3224
267	3037
268	3049
269	3166
270	3185
271	3479
272	3678
273	3751
274	3789
275	3818
276	3869
277	3910
278	4113
279	4351
280	4747
281	5279
282	5643

