## htsjdk.samtools.metrics.StringHeader
# CollectInsertSizeMetrics HISTOGRAM_FILE=/home/dnaase/startup/data/public_cfdna/jiang2015pnas/C311/C311.hg19.insert_size_histogram.pdf INPUT=/home/dnaase/startup/data/public_cfdna/jiang2015pnas/C311/C311.hg19.mdups.bam OUTPUT=/home/dnaase/startup/data/public_cfdna/jiang2015pnas/C311/C311.hg19.insert_size_metrics.txt    DEVIATIONS=10.0 MINIMUM_PCT=0.05 METRIC_ACCUMULATION_LEVEL=[ALL_READS] INCLUDE_DUPLICATES=false ASSUME_SORTED=true STOP_AFTER=0 VERBOSITY=INFO QUIET=false VALIDATION_STRINGENCY=STRICT COMPRESSION_LEVEL=5 MAX_RECORDS_IN_RAM=500000 CREATE_INDEX=false CREATE_MD5_FILE=false GA4GH_CLIENT_SECRETS=client_secrets.json USE_JDK_DEFLATER=false USE_JDK_INFLATER=false
## htsjdk.samtools.metrics.StringHeader
# Started on: Tue Dec 31 12:13:04 EST 2019

## METRICS CLASS	picard.analysis.InsertSizeMetrics
MEDIAN_INSERT_SIZE	MODE_INSERT_SIZE	MEDIAN_ABSOLUTE_DEVIATION	MIN_INSERT_SIZE	MAX_INSERT_SIZE	MEAN_INSERT_SIZE	STANDARD_DEVIATION	READ_PAIRS	PAIR_ORIENTATION	WIDTH_OF_10_PERCENT	WIDTH_OF_20_PERCENT	WIDTH_OF_30_PERCENT	WIDTH_OF_40_PERCENT	WIDTH_OF_50_PERCENT	WIDTH_OF_60_PERCENT	WIDTH_OF_70_PERCENT	WIDTH_OF_80_PERCENT	WIDTH_OF_90_PERCENT	WIDTH_OF_95_PERCENT	WIDTH_OF_99_PERCENT	SAMPLE	LIBRARY	READ_GROUP
170	166	10	2	245442538	169.690847	18.819762	38281426	FR	5	9	11	17	21	29	37	51	79	259	415			

## HISTOGRAM	java.lang.Integer
insert_size	All_Reads.fr_count
2	50
3	46
4	36
5	56
6	39
7	27
8	38
9	41
10	33
11	42
12	37
13	40
14	33
15	45
16	39
17	43
18	31
19	53
20	32
21	34
22	28
23	47
24	32
25	28
26	52
27	43
28	38
29	47
30	35
31	33
32	39
33	28
34	40
35	40
36	39
37	48
38	50
39	56
40	40
41	40
42	46
43	32
44	37
45	42
46	58
47	33
48	36
49	68
50	44
51	60
52	46
53	56
54	68
55	63
56	69
57	64
58	62
59	56
60	77
61	78
62	88
63	84
64	66
65	81
66	103
67	80
68	92
69	118
70	127
71	121
72	116
73	139
74	1626
75	1694
76	1746
77	1968
78	2148
79	2771
80	2790
81	2790
82	2338
83	1825
84	1823
85	1872
86	2036
87	2208
88	2556
89	3223
90	4162
91	4749
92	4679
93	3803
94	3117
95	3004
96	3216
97	3510
98	5164
99	6550
100	7397
101	8542
102	8317
103	7992
104	7898
105	7740
106	7773
107	8920
108	9781
109	11267
110	13804
111	15864
112	16094
113	14319
114	13061
115	12980
116	14291
117	15760
118	17819
119	21128
120	26556
121	35851
122	42467
123	41832
124	33875
125	27569
126	26709
127	29874
128	33926
129	39458
130	48965
131	65744
132	86804
133	107540
134	112632
135	101499
136	92102
137	98473
138	120167
139	150672
140	189301
141	218902
142	230866
143	232706
144	237892
145	244437
146	248565
147	258984
148	280741
149	308663
150	339108
151	375818
152	407831
153	414597
154	404852
155	412273
156	443846
157	497824
158	567185
159	637452
160	694499
161	738708
162	790062
163	877388
164	1010320
165	1130824
166	1181935
167	1178723
168	1152621
169	1112334
170	1058460
171	1000193
172	953801
173	930913
174	919218
175	903992
176	876700
177	827292
178	765399
179	698679
180	638522
181	581380
182	531377
183	490174
184	457957
185	430393
186	407757
187	384808
188	361869
189	332327
190	304384
191	277185
192	251761
193	229365
194	209757
195	193823
196	181172
197	170700
198	161266
199	152507
200	143203
201	131764
202	121495
203	110952
204	102344
205	94165
206	87338
207	81230
208	76759
209	72531
210	66674
211	62829
212	57527
213	53512
214	48455
215	44834
216	41110
217	38280
218	34735
219	32574
220	30906
221	28489
222	26152
223	24348
224	22097
225	19957
226	18373
227	17400
228	15913
229	14701
230	14053
231	12980
232	11977
233	11365
234	10565
235	9780
236	8879
237	8202
238	7854
239	7664
240	7837
241	6950
242	6315
243	6303
244	7186
245	5202
246	4635
247	4436
248	4274
249	4237
250	4017
251	4134
252	3964
253	3990
254	4095
255	3903
256	3827
257	3718
258	3610
259	3559
260	3519
261	3643
262	3841
263	3831
264	3851
265	3902
266	3800
267	3722
268	3840
269	3859
270	4174

