## htsjdk.samtools.metrics.StringHeader
# CollectInsertSizeMetrics HISTOGRAM_FILE=/home/dnaase/startup/data/public_cfdna/jiang2015pnas/C351/C351.hg19.insert_size_histogram.pdf INPUT=/home/dnaase/startup/data/public_cfdna/jiang2015pnas/C351/C351.hg19.mdups.bam OUTPUT=/home/dnaase/startup/data/public_cfdna/jiang2015pnas/C351/C351.hg19.insert_size_metrics.txt    DEVIATIONS=10.0 MINIMUM_PCT=0.05 METRIC_ACCUMULATION_LEVEL=[ALL_READS] INCLUDE_DUPLICATES=false ASSUME_SORTED=true STOP_AFTER=0 VERBOSITY=INFO QUIET=false VALIDATION_STRINGENCY=STRICT COMPRESSION_LEVEL=5 MAX_RECORDS_IN_RAM=500000 CREATE_INDEX=false CREATE_MD5_FILE=false GA4GH_CLIENT_SECRETS=client_secrets.json USE_JDK_DEFLATER=false USE_JDK_INFLATER=false
## htsjdk.samtools.metrics.StringHeader
# Started on: Tue Dec 31 12:08:47 EST 2019

## METRICS CLASS	picard.analysis.InsertSizeMetrics
MEDIAN_INSERT_SIZE	MODE_INSERT_SIZE	MEDIAN_ABSOLUTE_DEVIATION	MIN_INSERT_SIZE	MAX_INSERT_SIZE	MEAN_INSERT_SIZE	STANDARD_DEVIATION	READ_PAIRS	PAIR_ORIENTATION	WIDTH_OF_10_PERCENT	WIDTH_OF_20_PERCENT	WIDTH_OF_30_PERCENT	WIDTH_OF_40_PERCENT	WIDTH_OF_50_PERCENT	WIDTH_OF_60_PERCENT	WIDTH_OF_70_PERCENT	WIDTH_OF_80_PERCENT	WIDTH_OF_90_PERCENT	WIDTH_OF_95_PERCENT	WIDTH_OF_99_PERCENT	SAMPLE	LIBRARY	READ_GROUP
173	167	11	2	243082569	172.994285	19.667744	31780936	FR	5	9	13	17	23	31	41	55	97	307	529			

## HISTOGRAM	java.lang.Integer
insert_size	All_Reads.fr_count
2	35
3	43
4	41
5	32
6	34
7	32
8	38
9	26
10	44
11	41
12	26
13	33
14	28
15	40
16	37
17	37
18	29
19	34
20	41
21	27
22	24
23	37
24	35
25	29
26	37
27	39
28	34
29	33
30	36
31	34
32	26
33	31
34	31
35	37
36	38
37	42
38	38
39	43
40	34
41	33
42	39
43	39
44	42
45	35
46	29
47	39
48	40
49	34
50	34
51	41
52	35
53	49
54	51
55	46
56	59
57	44
58	57
59	49
60	48
61	52
62	53
63	61
64	52
65	59
66	66
67	44
68	61
69	68
70	63
71	66
72	70
73	55
74	391
75	443
76	484
77	513
78	626
79	785
80	943
81	944
82	865
83	661
84	609
85	654
86	743
87	760
88	957
89	1142
90	1567
91	1695
92	1651
93	1401
94	1181
95	1888
96	1910
97	1979
98	2663
99	3477
100	3765
101	3922
102	3799
103	3946
104	3978
105	4123
106	4030
107	4448
108	4968
109	5493
110	7005
111	7673
112	7659
113	7149
114	6702
115	6798
116	7720
117	8298
118	9433
119	11151
120	14050
121	18792
122	22100
123	21580
124	17806
125	14881
126	14818
127	16520
128	18911
129	22339
130	27926
131	36287
132	49987
133	62517
134	65191
135	58737
136	53185
137	57302
138	71687
139	92189
140	117465
141	139474
142	147711
143	147355
144	150966
145	155014
146	158843
147	167059
148	183649
149	205793
150	231569
151	259864
152	284484
153	291738
154	282349
155	286350
156	309144
157	351432
158	409198
159	468662
160	520606
161	557786
162	597716
163	661672
164	760317
165	854470
166	902225
167	913536
168	903252
169	883128
170	848248
171	810355
172	779765
173	767240
174	763768
175	755207
176	737241
177	702795
178	659182
179	611184
180	565844
181	520896
182	480178
183	448171
184	420773
185	399313
186	380356
187	363539
188	343894
189	324121
190	301391
191	276775
192	253945
193	232151
194	214340
195	198792
196	186920
197	178487
198	170955
199	162911
200	155442
201	146286
202	136408
203	126591
204	116742
205	106887
206	99373
207	93380
208	88532
209	83924
210	79816
211	75156
212	70307
213	65143
214	59532
215	53967
216	50223
217	46598
218	43157
219	40586
220	38257
221	36523
222	33952
223	30914
224	28443
225	25671
226	23899
227	21922
228	20340
229	19317
230	18132
231	16590
232	15521
233	14666
234	13754
235	12589
236	11566
237	10540
238	9961
239	9314
240	9097
241	8667
242	7984
243	7712
244	7247
245	6975
246	6621
247	6266
248	5871
249	5657
250	5560
251	5626
252	5036
253	4691
254	4844
255	5087
256	4158
257	3763
258	3493
259	3500
260	3646
261	3454
262	3583
263	3562
264	3613
265	3614
266	3613
267	3465
268	3475
269	3542
270	3686
271	3859
272	3888
273	4092
274	4165
275	4090
276	4164
277	4209
278	4409
279	4686
280	5012
281	5573
282	5975
283	6389

