## htsjdk.samtools.metrics.StringHeader
# CollectInsertSizeMetrics HISTOGRAM_FILE=/home/dnaase/startup/data/public_cfdna/jiang2015pnas/C343/C343.hg19.insert_size_histogram.pdf INPUT=/home/dnaase/startup/data/public_cfdna/jiang2015pnas/C343/C343.hg19.mdups.bam OUTPUT=/home/dnaase/startup/data/public_cfdna/jiang2015pnas/C343/C343.hg19.insert_size_metrics.txt    DEVIATIONS=10.0 MINIMUM_PCT=0.05 METRIC_ACCUMULATION_LEVEL=[ALL_READS] INCLUDE_DUPLICATES=false ASSUME_SORTED=true STOP_AFTER=0 VERBOSITY=INFO QUIET=false VALIDATION_STRINGENCY=STRICT COMPRESSION_LEVEL=5 MAX_RECORDS_IN_RAM=500000 CREATE_INDEX=false CREATE_MD5_FILE=false GA4GH_CLIENT_SECRETS=client_secrets.json USE_JDK_DEFLATER=false USE_JDK_INFLATER=false
## htsjdk.samtools.metrics.StringHeader
# Started on: Tue Dec 31 12:05:58 EST 2019

## METRICS CLASS	picard.analysis.InsertSizeMetrics
MEDIAN_INSERT_SIZE	MODE_INSERT_SIZE	MEDIAN_ABSOLUTE_DEVIATION	MIN_INSERT_SIZE	MAX_INSERT_SIZE	MEAN_INSERT_SIZE	STANDARD_DEVIATION	READ_PAIRS	PAIR_ORIENTATION	WIDTH_OF_10_PERCENT	WIDTH_OF_20_PERCENT	WIDTH_OF_30_PERCENT	WIDTH_OF_40_PERCENT	WIDTH_OF_50_PERCENT	WIDTH_OF_60_PERCENT	WIDTH_OF_70_PERCENT	WIDTH_OF_80_PERCENT	WIDTH_OF_90_PERCENT	WIDTH_OF_95_PERCENT	WIDTH_OF_99_PERCENT	SAMPLE	LIBRARY	READ_GROUP
172	167	11	2	243087182	172.033319	19.605349	29216629	FR	5	9	13	17	23	29	39	55	85	287	477			

## HISTOGRAM	java.lang.Integer
insert_size	All_Reads.fr_count
2	38
3	39
4	33
5	34
6	26
7	36
8	24
9	30
10	25
11	36
12	35
13	27
14	26
15	36
16	36
17	31
18	24
19	24
20	26
21	24
22	22
23	31
24	33
25	27
26	20
27	32
28	39
29	37
30	28
31	37
32	35
33	34
34	31
35	36
36	27
37	36
38	42
39	46
40	34
41	27
42	41
43	31
44	40
45	30
46	32
47	29
48	32
49	40
50	33
51	25
52	38
53	39
54	44
55	46
56	47
57	45
58	42
59	50
60	51
61	48
62	34
63	43
64	53
65	45
66	55
67	51
68	62
69	53
70	60
71	48
72	66
73	52
74	502
75	588
76	639
77	728
78	772
79	944
80	1170
81	1172
82	948
83	882
84	823
85	857
86	960
87	1057
88	1218
89	1470
90	1822
91	2164
92	2201
93	1829
94	1587
95	1554
96	1578
97	2523
98	3202
99	3659
100	4112
101	4663
102	4482
103	4304
104	4361
105	4254
106	4289
107	5041
108	5719
109	6292
110	7857
111	8723
112	8834
113	8058
114	7443
115	7468
116	8582
117	9472
118	10792
119	12771
120	16626
121	21715
122	25852
123	25831
124	20598
125	16955
126	16867
127	18748
128	21613
129	25254
130	31243
131	41951
132	55717
133	68874
134	71910
135	63445
136	57568
137	61570
138	75783
139	97489
140	124249
141	146227
142	153497
143	153917
144	154322
145	157865
146	160201
147	167576
148	184443
149	207240
150	232361
151	258552
152	279809
153	284611
154	274318
155	274910
156	293376
157	332514
158	384778
159	444025
160	494552
161	531321
162	564712
163	623410
164	712474
165	797623
166	838461
167	844876
168	837062
169	822097
170	792300
171	758809
172	729017
173	713030
174	705319
175	696086
176	676905
177	643803
178	602621
179	556289
180	515250
181	474006
182	437585
183	405691
184	378161
185	357594
186	338854
187	321809
188	305069
189	286755
190	267461
191	247700
192	226196
193	207149
194	190443
195	176133
196	166099
197	156769
198	149782
199	143507
200	137047
201	128694
202	119987
203	110587
204	101576
205	93902
206	87248
207	81593
208	77637
209	73009
210	69475
211	65557
212	61062
213	56283
214	51450
215	47408
216	43579
217	39982
218	37624
219	35429
220	33188
221	31165
222	28708
223	26815
224	24611
225	22689
226	20530
227	19039
228	17627
229	16293
230	15305
231	14034
232	13294
233	12478
234	11591
235	10615
236	9773
237	8898
238	8386
239	8168
240	7779
241	7130
242	6755
243	6565
244	6097
245	5874
246	5670
247	5194
248	4852
249	4628
250	5423
251	3984
252	3537
253	3433
254	3357
255	3321
256	3167
257	3183
258	3047
259	3018
260	2806
261	2861
262	2835
263	2892
264	2835
265	2873
266	2813
267	2814
268	2765
269	2870
270	2887
271	2966
272	3068
273	3012
274	3063
275	3212
276	3112
277	3314
278	3339
279	3416
280	3606
281	4024
282	4239

