## htsjdk.samtools.metrics.StringHeader
# CollectInsertSizeMetrics HISTOGRAM_FILE=/home/dnaase/startup/data/public_cfdna/sun2019gr/TBR921/TBR921.hg19.insert_size_histogram.pdf INPUT=/home/dnaase/startup/data/public_cfdna/sun2019gr/TBR921/TBR921.hg19.mdups.bam OUTPUT=/home/dnaase/startup/data/public_cfdna/sun2019gr/TBR921/TBR921.hg19.insert_size_metrics.txt    DEVIATIONS=10.0 MINIMUM_PCT=0.05 METRIC_ACCUMULATION_LEVEL=[ALL_READS] INCLUDE_DUPLICATES=false ASSUME_SORTED=true STOP_AFTER=0 VERBOSITY=INFO QUIET=false VALIDATION_STRINGENCY=STRICT COMPRESSION_LEVEL=5 MAX_RECORDS_IN_RAM=500000 CREATE_INDEX=false CREATE_MD5_FILE=false GA4GH_CLIENT_SECRETS=client_secrets.json USE_JDK_DEFLATER=false USE_JDK_INFLATER=false
## htsjdk.samtools.metrics.StringHeader
# Started on: Tue Dec 31 18:51:36 EST 2019

## METRICS CLASS	picard.analysis.InsertSizeMetrics
MEDIAN_INSERT_SIZE	MODE_INSERT_SIZE	MEDIAN_ABSOLUTE_DEVIATION	MIN_INSERT_SIZE	MAX_INSERT_SIZE	MEAN_INSERT_SIZE	STANDARD_DEVIATION	READ_PAIRS	PAIR_ORIENTATION	WIDTH_OF_10_PERCENT	WIDTH_OF_20_PERCENT	WIDTH_OF_30_PERCENT	WIDTH_OF_40_PERCENT	WIDTH_OF_50_PERCENT	WIDTH_OF_60_PERCENT	WIDTH_OF_70_PERCENT	WIDTH_OF_80_PERCENT	WIDTH_OF_90_PERCENT	WIDTH_OF_95_PERCENT	WIDTH_OF_99_PERCENT	SAMPLE	LIBRARY	READ_GROUP
133	20	29	2	248990798	116.277933	55.043288	42665335	FR	13	23	35	47	59	73	97	181	225	227	229			

## HISTOGRAM	java.lang.Integer
insert_size	All_Reads.fr_count
2	1294
3	1592
4	2032
5	2500
6	3255
7	3294
8	3700
9	4237
10	4703
11	5417
12	6764
13	7302
14	9610
15	10425
16	11426
17	12519
18	15227
19	1105231
20	1444849
21	1369661
22	1024613
23	667563
24	427479
25	298711
26	232876
27	184764
28	145375
29	131110
30	110942
31	102662
32	90807
33	84221
34	76795
35	72660
36	66089
37	63367
38	59487
39	58333
40	56245
41	56359
42	55302
43	58352
44	57052
45	56052
46	52873
47	55833
48	53165
49	51461
50	47622
51	48262
52	46614
53	51725
54	49506
55	50349
56	52642
57	53175
58	54284
59	57493
60	58461
61	59267
62	58024
63	58778
64	61385
65	62452
66	60696
67	62662
68	65271
69	66724
70	68919
71	72588
72	70372
73	72321
74	80666
75	84960
76	85819
77	88657
78	90904
79	96803
80	97117
81	97880
82	93190
83	93778
84	94208
85	96310
86	99332
87	105089
88	109728
89	113844
90	119456
91	126449
92	124483
93	122599
94	126879
95	127120
96	129367
97	132606
98	139784
99	147904
100	158708
101	164936
102	169197
103	175471
104	174165
105	178621
106	184572
107	192531
108	198568
109	218683
110	224981
111	231993
112	230007
113	234054
114	240792
115	241058
116	253620
117	265118
118	278210
119	290710
120	297023
121	313238
122	313775
123	311199
124	308513
125	309765
126	312003
127	317532
128	326042
129	340107
130	358093
131	368707
132	390364
133	395323
134	397669
135	393814
136	396517
137	403137
138	417567
139	428257
140	439635
141	448390
142	443827
143	442141
144	443224
145	442336
146	445498
147	449936
148	457774
149	468053
150	470370
151	472764
152	473237
153	463651
154	457666
155	459822
156	468076
157	475927
158	488311
159	494816
160	494785
161	492655
162	490058
163	496489
164	507386
165	509502
166	489141
167	455503
168	416143
169	382310
170	346779
171	314551
172	290747
173	271361
174	254715
175	239201
176	221092
177	199181
178	179308
179	155301
180	138648
181	123119
182	110925
183	101014
184	92751
185	86647
186	79650
187	74277
188	68341
189	63790
190	57289
191	52517
192	47967
193	44727
194	41448
195	39109
196	37140
197	36341
198	32067
199	30855
200	29096
201	27929
202	24936
203	21551
204	20416
205	18505
206	17704
207	17142
208	15622
209	15270
210	14395
211	13357
212	12900
213	12107
214	11552
215	11091
216	10141
217	9722
218	9780
219	9960
220	9190
221	8639
222	7620
223	7027
224	6774
225	6357
226	5993
227	5916
228	5900
229	5827
230	5761
231	5464
232	5279
233	5121
234	5413
235	5240
236	5051
237	4726
238	4484
239	4240
240	4031
241	4319
242	4226
243	4286
244	4377
245	4249
246	4645
247	3973
248	4337
249	4388
250	4205
251	3985
252	3639
253	3646
254	3585
255	3774
256	3540
257	3725
258	4263
259	4151
260	3851
261	3857
262	4181
263	4318
264	4306
265	3834
266	3620
267	3777
268	3586
269	4057
270	3747
271	3881
272	4192
273	4131
274	4068
275	4195
276	4116
277	4159
278	4245
279	4278
280	4386
281	4363
282	4596
283	4720
284	5419
285	5284
286	5627
287	6291
288	6308
289	10813
290	4940
291	5043
292	12803
293	2189
294	1911
295	5649
296	721
297	590
298	574
299	577
300	671
301	641
302	639
303	687
304	714
305	695
306	708
307	715
308	670
309	678
310	706
311	651
312	736
313	622
314	677
315	702
316	696
317	629
318	645
319	639
320	637
321	576
322	560
323	553
324	568
325	561
326	553
327	508
328	510
329	508
330	455
331	471
332	428
333	422
334	445
335	422
336	422
337	392
338	365
339	372
340	365
341	378
342	372
343	350
344	311
345	300
346	325
347	324
348	309
349	321
350	283
351	295
352	278
353	289
354	257
355	249
356	233
357	235
358	235
359	231
360	209
361	201
362	182
363	206
364	171
365	157
366	168
367	167
368	164
369	147
370	149
371	140
372	155
373	138
374	113
375	118
376	144
377	115
378	106
379	114
380	97
381	96
382	86
383	112
384	82
385	88
386	69
387	74
388	68
389	62
390	66
391	47
392	45
393	54
394	47
395	44
396	41
397	38
398	55
399	48
400	49
401	34
402	28
403	38
404	31
405	33
406	31
407	31
408	44
409	20
410	21
411	24
412	22
413	20
414	21
415	21
416	13
417	18
418	14
419	12
420	23
421	22
422	18
423	22

