## htsjdk.samtools.metrics.StringHeader
# CollectInsertSizeMetrics HISTOGRAM_FILE=/home/dnaase/startup/data/public_cfdna/jiang2015pnas/C310/C310.hg19.insert_size_histogram.pdf INPUT=/home/dnaase/startup/data/public_cfdna/jiang2015pnas/C310/C310.hg19.mdups.bam OUTPUT=/home/dnaase/startup/data/public_cfdna/jiang2015pnas/C310/C310.hg19.insert_size_metrics.txt    DEVIATIONS=10.0 MINIMUM_PCT=0.05 METRIC_ACCUMULATION_LEVEL=[ALL_READS] INCLUDE_DUPLICATES=false ASSUME_SORTED=true STOP_AFTER=0 VERBOSITY=INFO QUIET=false VALIDATION_STRINGENCY=STRICT COMPRESSION_LEVEL=5 MAX_RECORDS_IN_RAM=500000 CREATE_INDEX=false CREATE_MD5_FILE=false GA4GH_CLIENT_SECRETS=client_secrets.json USE_JDK_DEFLATER=false USE_JDK_INFLATER=false
## htsjdk.samtools.metrics.StringHeader
# Started on: Tue Dec 31 12:16:57 EST 2019

## METRICS CLASS	picard.analysis.InsertSizeMetrics
MEDIAN_INSERT_SIZE	MODE_INSERT_SIZE	MEDIAN_ABSOLUTE_DEVIATION	MIN_INSERT_SIZE	MAX_INSERT_SIZE	MEAN_INSERT_SIZE	STANDARD_DEVIATION	READ_PAIRS	PAIR_ORIENTATION	WIDTH_OF_10_PERCENT	WIDTH_OF_20_PERCENT	WIDTH_OF_30_PERCENT	WIDTH_OF_40_PERCENT	WIDTH_OF_50_PERCENT	WIDTH_OF_60_PERCENT	WIDTH_OF_70_PERCENT	WIDTH_OF_80_PERCENT	WIDTH_OF_90_PERCENT	WIDTH_OF_95_PERCENT	WIDTH_OF_99_PERCENT	SAMPLE	LIBRARY	READ_GROUP
168	166	10	2	243087004	167.689101	18.240456	41199015	FR	5	7	11	15	21	27	35	49	75	231	405			

## HISTOGRAM	java.lang.Integer
insert_size	All_Reads.fr_count
2	54
3	42
4	37
5	35
6	37
7	37
8	39
9	32
10	33
11	29
12	45
13	44
14	31
15	35
16	29
17	33
18	39
19	32
20	34
21	31
22	49
23	31
24	35
25	39
26	43
27	35
28	33
29	34
30	38
31	45
32	25
33	33
34	35
35	42
36	39
37	37
38	40
39	49
40	36
41	34
42	45
43	36
44	40
45	37
46	38
47	42
48	41
49	41
50	55
51	62
52	62
53	49
54	74
55	63
56	59
57	68
58	78
59	61
60	80
61	90
62	76
63	63
64	87
65	78
66	89
67	89
68	108
69	107
70	121
71	99
72	139
73	133
74	1862
75	2057
76	2069
77	2354
78	2571
79	3175
80	3062
81	3133
82	2656
83	2213
84	2132
85	2239
86	2401
87	2635
88	3070
89	3674
90	4790
91	5415
92	5405
93	4495
94	3804
95	3660
96	3845
97	4475
98	5245
99	6119
100	7098
101	8095
102	8197
103	9389
104	8757
105	8501
106	9470
107	10808
108	12143
109	13419
110	15894
111	18181
112	18676
113	17050
114	15542
115	16054
116	17338
117	19033
118	22295
119	25710
120	32472
121	41310
122	48407
123	46546
124	38429
125	32503
126	32572
127	36608
128	41683
129	48561
130	59716
131	77752
132	102321
133	124752
134	129340
135	118599
136	111604
137	122883
138	152282
139	192129
140	238611
141	273620
142	287329
143	286700
144	291041
145	296434
146	299391
147	314495
148	342358
149	374746
150	411502
151	454206
152	486707
153	490726
154	483653
155	494552
156	534907
157	605515
158	691031
159	774565
160	843820
161	898498
162	965028
163	1075490
164	1233153
165	1367063
166	1412608
167	1390395
168	1341424
169	1277425
170	1200359
171	1120126
172	1052022
173	1002558
174	967081
175	927385
176	875292
177	808588
178	735862
179	661203
180	593719
181	533236
182	480504
183	436049
184	401372
185	370606
186	343393
187	320988
188	297286
189	275025
190	251054
191	227174
192	206749
193	188829
194	172812
195	159272
196	148632
197	138558
198	130752
199	124200
200	116582
201	108962
202	101157
203	93026
204	85901
205	78136
206	73336
207	69131
208	65721
209	62090
210	58532
211	54223
212	50622
213	46293
214	43084
215	39273
216	36472
217	33823
218	31346
219	29271
220	27319
221	25669
222	23764
223	21952
224	20113
225	18497
226	17117
227	15861
228	14738
229	13940
230	12832
231	13004
232	11370
233	10576
234	9869
235	10077
236	7717
237	6867
238	6629
239	6454
240	6190
241	6174
242	5779
243	5705
244	5371
245	5113
246	5100
247	4851
248	4548
249	4399
250	4378
251	4433
252	4392
253	4332
254	4282
255	4198
256	4050
257	3860
258	3857
259	3786
260	3851
261	3843
262	3981
263	4041
264	4086
265	3974
266	3908
267	3861
268	3993

