## htsjdk.samtools.metrics.StringHeader
# CollectInsertSizeMetrics HISTOGRAM_FILE=/home/dnaase/startup/data/public_cfdna/sun2019gr/TBR917.rep1/TBR917.hg19.insert_size_histogram.pdf INPUT=/home/dnaase/startup/data/public_cfdna/sun2019gr/TBR917.rep1/TBR917.hg19.mdups.bam OUTPUT=/home/dnaase/startup/data/public_cfdna/sun2019gr/TBR917.rep1/TBR917.hg19.insert_size_metrics.txt    DEVIATIONS=10.0 MINIMUM_PCT=0.05 METRIC_ACCUMULATION_LEVEL=[ALL_READS] INCLUDE_DUPLICATES=false ASSUME_SORTED=true STOP_AFTER=0 VERBOSITY=INFO QUIET=false VALIDATION_STRINGENCY=STRICT COMPRESSION_LEVEL=5 MAX_RECORDS_IN_RAM=500000 CREATE_INDEX=false CREATE_MD5_FILE=false GA4GH_CLIENT_SECRETS=client_secrets.json USE_JDK_DEFLATER=false USE_JDK_INFLATER=false
## htsjdk.samtools.metrics.StringHeader
# Started on: Tue Dec 31 19:12:48 EST 2019

## METRICS CLASS	picard.analysis.InsertSizeMetrics
MEDIAN_INSERT_SIZE	MODE_INSERT_SIZE	MEDIAN_ABSOLUTE_DEVIATION	MIN_INSERT_SIZE	MAX_INSERT_SIZE	MEAN_INSERT_SIZE	STANDARD_DEVIATION	READ_PAIRS	PAIR_ORIENTATION	WIDTH_OF_10_PERCENT	WIDTH_OF_20_PERCENT	WIDTH_OF_30_PERCENT	WIDTH_OF_40_PERCENT	WIDTH_OF_50_PERCENT	WIDTH_OF_60_PERCENT	WIDTH_OF_70_PERCENT	WIDTH_OF_80_PERCENT	WIDTH_OF_90_PERCENT	WIDTH_OF_95_PERCENT	WIDTH_OF_99_PERCENT	SAMPLE	LIBRARY	READ_GROUP
133	20	30	2	247363635	116.538043	55.949772	29170262	FR	13	23	35	49	61	77	105	187	225	227	229			

## HISTOGRAM	java.lang.Integer
insert_size	All_Reads.fr_count
2	996
3	1214
4	1428
5	1854
6	2794
7	2713
8	3177
9	3665
10	3933
11	4711
12	5165
13	5824
14	6867
15	7673
16	9001
17	10154
18	12807
19	833990
20	1036862
21	941858
22	690796
23	444743
24	286932
25	195882
26	152206
27	114530
28	92509
29	84399
30	75141
31	71821
32	63475
33	60149
34	54817
35	50494
36	46119
37	44884
38	43246
39	39057
40	37677
41	35962
42	35892
43	39001
44	39356
45	39013
46	36685
47	38692
48	37303
49	35991
50	33454
51	34106
52	32589
53	36280
54	34950
55	34169
56	35582
57	34256
58	35739
59	39763
60	40476
61	41185
62	40708
63	41398
64	43186
65	43863
66	41889
67	43383
68	44373
69	45539
70	47234
71	49608
72	48525
73	49895
74	53387
75	55478
76	54288
77	56623
78	59219
79	64454
80	63129
81	64501
82	61453
83	62441
84	62840
85	64515
86	66391
87	70208
88	74118
89	76586
90	80781
91	85809
92	84515
93	83343
94	86515
95	86302
96	88079
97	90273
98	95452
99	100715
100	106948
101	111498
102	115797
103	122260
104	120435
105	123191
106	126056
107	132265
108	135807
109	150139
110	154412
111	161231
112	158465
113	160900
114	164235
115	164163
116	171306
117	178636
118	188836
119	196626
120	202066
121	214323
122	214180
123	211443
124	207455
125	208672
126	208096
127	211896
128	217994
129	229276
130	242834
131	250594
132	268025
133	271132
134	271676
135	265886
136	265921
137	269956
138	279787
139	288736
140	296224
141	302719
142	298601
143	298391
144	295968
145	295661
146	295865
147	296257
148	300801
149	306227
150	307677
151	308366
152	309484
153	303477
154	298844
155	297262
156	299393
157	304634
158	311639
159	315633
160	315596
161	313655
162	310018
163	310721
164	312386
165	311465
166	301384
167	284496
168	266738
169	248869
170	229529
171	212031
172	196655
173	185465
174	175930
175	166750
176	156221
177	145366
178	135415
179	123974
180	110061
181	101225
182	94915
183	87665
184	82080
185	78334
186	73758
187	69485
188	65860
189	62464
190	58171
191	53875
192	50347
193	46847
194	44187
195	41323
196	39739
197	38074
198	34696
199	32330
200	31419
201	29354
202	26451
203	24583
204	21368
205	19800
206	18260
207	17409
208	16058
209	15332
210	14725
211	13271
212	12705
213	12012
214	11343
215	10867
216	9759
217	9305
218	9310
219	9458
220	8568
221	8149
222	7886
223	6330
224	6002
225	5677
226	5500
227	5312
228	4919
229	4731
230	4946
231	4464
232	4174
233	4313
234	4294
235	4131
236	3917
237	3747
238	3799
239	3200
240	2978
241	3379
242	3040
243	3019
244	3270
245	2879
246	3137
247	2806
248	3005
249	3083
250	2936
251	2834
252	2379
253	2264
254	2372
255	2437
256	2386
257	2326
258	2963
259	2734
260	2479
261	2374
262	2761
263	2753
264	2958
265	2533
266	2347
267	2445
268	2298
269	2618
270	2329
271	2374
272	2492
273	2561
274	2613
275	2778
276	2493
277	2485
278	2535
279	2642
280	2886
281	2818
282	2996
283	3021
284	3532
285	3772
286	4016
287	3966
288	3972
289	9132
290	3951
291	1634
292	3682
293	1940
294	300
295	309
296	259
297	267
298	308
299	309
300	321
301	346
302	327
303	347
304	333
305	341
306	409
307	352
308	385
309	421
310	374
311	413
312	409
313	394
314	430
315	396
316	413
317	391
318	376
319	360
320	393
321	401
322	375
323	400
324	413
325	388
326	370
327	382
328	367
329	340
330	378
331	390
332	385
333	362
334	311
335	349
336	399
337	360
338	396
339	336
340	329
341	342
342	346
343	327
344	283
345	296
346	307
347	307
348	294
349	301
350	308
351	283
352	269
353	266
354	259
355	258
356	231
357	245
358	241
359	229
360	230
361	239
362	237
363	227
364	237
365	204
366	191
367	192
368	189
369	187
370	183
371	180
372	148
373	166
374	149
375	159
376	155
377	126
378	125
379	123
380	135
381	110
382	96
383	119
384	99
385	105
386	99
387	78
388	92
389	88
390	99
391	77
392	65
393	73
394	81
395	69
396	77
397	51
398	59
399	60
400	46
401	51
402	47
403	35
404	38
405	29
406	31
407	31
408	35
409	34
410	40
411	29
412	35
413	26
414	29
415	26
416	27
417	24
418	21
419	20
420	16
421	11
422	16
423	13
424	17
425	17
426	20
427	14
428	17
429	7
430	13
431	19
432	17
433	10

