## htsjdk.samtools.metrics.StringHeader
# CollectInsertSizeMetrics HISTOGRAM_FILE=/home/dnaase/startup/data/public_cfdna/sun2019gr/TBR911.rep2/TBR911.hg19.insert_size_histogram.pdf INPUT=/home/dnaase/startup/data/public_cfdna/sun2019gr/TBR911.rep2/TBR911.hg19.mdups.bam OUTPUT=/home/dnaase/startup/data/public_cfdna/sun2019gr/TBR911.rep2/TBR911.hg19.insert_size_metrics.txt    DEVIATIONS=10.0 MINIMUM_PCT=0.05 METRIC_ACCUMULATION_LEVEL=[ALL_READS] INCLUDE_DUPLICATES=false ASSUME_SORTED=true STOP_AFTER=0 VERBOSITY=INFO QUIET=false VALIDATION_STRINGENCY=STRICT COMPRESSION_LEVEL=5 MAX_RECORDS_IN_RAM=500000 CREATE_INDEX=false CREATE_MD5_FILE=false GA4GH_CLIENT_SECRETS=client_secrets.json USE_JDK_DEFLATER=false USE_JDK_INFLATER=false
## htsjdk.samtools.metrics.StringHeader
# Started on: Tue Dec 31 19:05:54 EST 2019

## METRICS CLASS	picard.analysis.InsertSizeMetrics
MEDIAN_INSERT_SIZE	MODE_INSERT_SIZE	MEDIAN_ABSOLUTE_DEVIATION	MIN_INSERT_SIZE	MAX_INSERT_SIZE	MEAN_INSERT_SIZE	STANDARD_DEVIATION	READ_PAIRS	PAIR_ORIENTATION	WIDTH_OF_10_PERCENT	WIDTH_OF_20_PERCENT	WIDTH_OF_30_PERCENT	WIDTH_OF_40_PERCENT	WIDTH_OF_50_PERCENT	WIDTH_OF_60_PERCENT	WIDTH_OF_70_PERCENT	WIDTH_OF_80_PERCENT	WIDTH_OF_90_PERCENT	WIDTH_OF_95_PERCENT	WIDTH_OF_99_PERCENT	SAMPLE	LIBRARY	READ_GROUP
146	165	20	2	243004679	140.784684	37.056431	22604269	FR	9	17	25	33	41	51	63	83	123	175	235			

## HISTOGRAM	java.lang.Integer
insert_size	All_Reads.fr_count
2	4
3	6
4	2
5	10
6	7
7	5
8	13
9	4
10	6
11	6
12	6
13	8
14	15
15	14
16	10
17	15
18	14
19	12
20	20
21	21
22	31
23	20
24	3941
25	3434
26	3249
27	6305
28	63570
29	52474
30	47690
31	47366
32	41838
33	38044
34	33938
35	31437
36	27527
37	27110
38	25293
39	26296
40	26532
41	24153
42	23351
43	23882
44	22661
45	22258
46	20131
47	22267
48	22267
49	22539
50	20790
51	21127
52	20030
53	22548
54	21285
55	20456
56	21429
57	20821
58	21754
59	25023
60	24677
61	25024
62	24627
63	25093
64	25895
65	26510
66	25334
67	26196
68	26957
69	28119
70	31113
71	33639
72	33449
73	34704
74	36561
75	37885
76	36086
77	37441
78	37558
79	39908
80	39312
81	40444
82	40549
83	43509
84	43761
85	45724
86	46732
87	49925
88	52712
89	54294
90	56522
91	60338
92	60256
93	60493
94	64307
95	65406
96	67373
97	68610
98	74026
99	78148
100	83967
101	86680
102	89209
103	94489
104	93539
105	97090
106	100434
107	106642
108	109528
109	123241
110	125400
111	130691
112	129874
113	132481
114	137057
115	138205
116	145915
117	151895
118	168671
119	176613
120	179619
121	191068
122	190971
123	190329
124	188583
125	189067
126	190671
127	192583
128	198324
129	208089
130	221606
131	228118
132	245466
133	245865
134	247370
135	247350
136	248705
137	253179
138	263722
139	272068
140	279160
141	285110
142	282756
143	282827
144	283410
145	283191
146	287538
147	288601
148	295386
149	302209
150	305051
151	306582
152	308491
153	303690
154	300089
155	300369
156	306081
157	313192
158	322012
159	326231
160	326566
161	325428
162	322337
163	324629
164	331224
165	333521
166	324418
167	307487
168	288185
169	268599
170	249417
171	232015
172	216894
173	206018
174	197275
175	189088
176	178409
177	165166
178	152868
179	139501
180	127578
181	116412
182	104436
183	97640
184	91867
185	87324
186	82404
187	78197
188	73353
189	69825
190	63760
191	58633
192	55187
193	51374
194	48595
195	45164
196	43396
197	42772
198	38169
199	36428
200	35112
201	31022
202	27651
203	26027
204	24624
205	22353
206	21380
207	20020
208	19146
209	17869
210	16762
211	15477
212	14481
213	13811
214	13370
215	12470
216	11371
217	9731
218	9544
219	9464
220	8433
221	8302
222	8093
223	7270
224	7113
225	6594
226	6102
227	6091
228	5698
229	5756
230	4816
231	4589
232	4342
233	4013
234	4083
235	4053
236	3711
237	3711
238	3883
239	3750
240	3463
241	3226
242	3212
243	3009
244	3229
245	3033
246	3105
247	2822
248	2951
249	3054
250	3058
251	2619
252	2524
253	2546
254	2616
255	2624
256	2567
257	2835
258	3315
259	3067
260	2778
261	2581
262	2942
263	3251
264	3441
265	3374
266	3171
267	4118
268	4735
269	4796
270	3438
271	3740
272	12013
273	680
274	249
275	423
276	228
277	195
278	259
279	268
280	267
281	284
282	278
283	299
284	307
285	324
286	322
287	333
288	344
289	365
290	389
291	401
292	413
293	420
294	416
295	414
296	475
297	437
298	478
299	464
300	468
301	509
302	509
303	510
304	510
305	516
306	572
307	524
308	570
309	557
310	565
311	556
312	569
313	594
314	579
315	597
316	568
317	568
318	539
319	563
320	549
321	587
322	589
323	516
324	543
325	525
326	525
327	506
328	481
329	526
330	545
331	482
332	505
333	472
334	477
335	475
336	471
337	457
338	415
339	447
340	411
341	413
342	463
343	451
344	371
345	416
346	346

