## htsjdk.samtools.metrics.StringHeader
# CollectInsertSizeMetrics HISTOGRAM_FILE=/home/dnaase/startup/data/public_cfdna/sun2019gr/TBR916.rep1/TBR916.hg19.insert_size_histogram.pdf INPUT=/home/dnaase/startup/data/public_cfdna/sun2019gr/TBR916.rep1/TBR916.hg19.mdups.bam OUTPUT=/home/dnaase/startup/data/public_cfdna/sun2019gr/TBR916.rep1/TBR916.hg19.insert_size_metrics.txt    DEVIATIONS=10.0 MINIMUM_PCT=0.05 METRIC_ACCUMULATION_LEVEL=[ALL_READS] INCLUDE_DUPLICATES=false ASSUME_SORTED=true STOP_AFTER=0 VERBOSITY=INFO QUIET=false VALIDATION_STRINGENCY=STRICT COMPRESSION_LEVEL=5 MAX_RECORDS_IN_RAM=500000 CREATE_INDEX=false CREATE_MD5_FILE=false GA4GH_CLIENT_SECRETS=client_secrets.json USE_JDK_DEFLATER=false USE_JDK_INFLATER=false
## htsjdk.samtools.metrics.StringHeader
# Started on: Tue Dec 31 17:39:42 EST 2019

## METRICS CLASS	picard.analysis.InsertSizeMetrics
MEDIAN_INSERT_SIZE	MODE_INSERT_SIZE	MEDIAN_ABSOLUTE_DEVIATION	MIN_INSERT_SIZE	MAX_INSERT_SIZE	MEAN_INSERT_SIZE	STANDARD_DEVIATION	READ_PAIRS	PAIR_ORIENTATION	WIDTH_OF_10_PERCENT	WIDTH_OF_20_PERCENT	WIDTH_OF_30_PERCENT	WIDTH_OF_40_PERCENT	WIDTH_OF_50_PERCENT	WIDTH_OF_60_PERCENT	WIDTH_OF_70_PERCENT	WIDTH_OF_80_PERCENT	WIDTH_OF_90_PERCENT	WIDTH_OF_95_PERCENT	WIDTH_OF_99_PERCENT	SAMPLE	LIBRARY	READ_GROUP
134	20	30	2	245558419	118.021401	56.236582	24330925	FR	13	25	35	49	61	77	101	185	227	229	233			

## HISTOGRAM	java.lang.Integer
insert_size	All_Reads.fr_count
2	715
3	854
4	1046
5	1286
6	1804
7	1819
8	2134
9	2811
10	3181
11	3614
12	4252
13	4640
14	5480
15	5791
16	6556
17	6950
18	9026
19	654438
20	836295
21	787680
22	586042
23	379634
24	244309
25	166822
26	130687
27	94623
28	73178
29	65633
30	57234
31	54720
32	49792
33	48616
34	45387
35	42645
36	38605
37	37173
38	35752
39	32672
40	31512
41	29034
42	27969
43	29279
44	29787
45	29598
46	28671
47	31461
48	30973
49	29862
50	27200
51	27624
52	26566
53	30199
54	28204
55	27640
56	28951
57	27887
58	27782
59	29582
60	30701
61	31677
62	32377
63	33242
64	34755
65	35334
66	33538
67	34528
68	35826
69	36950
70	38103
71	39888
72	38794
73	40133
74	43990
75	45091
76	43721
77	45166
78	45938
79	50911
80	51238
81	51898
82	49964
83	50319
84	49987
85	52048
86	52900
87	56139
88	58567
89	61308
90	65121
91	69296
92	67918
93	66175
94	68056
95	68181
96	69503
97	70248
98	74842
99	78642
100	83983
101	87073
102	87779
103	93781
104	93131
105	96226
106	99626
107	104316
108	107644
109	119439
110	122582
111	128589
112	126409
113	127510
114	130545
115	130285
116	136157
117	143080
118	151699
119	158063
120	162640
121	172864
122	173064
123	170162
124	168019
125	168617
126	168617
127	170829
128	176297
129	184997
130	196906
131	202608
132	217366
133	218914
134	219326
135	215819
136	216104
137	219763
138	227158
139	235776
140	241846
141	248680
142	246859
143	245484
144	245507
145	244030
146	245822
147	247446
148	251139
149	255589
150	257987
151	259308
152	262245
153	257780
154	253759
155	253866
156	257824
157	262061
158	269325
159	273014
160	274674
161	274819
162	273424
163	273134
164	276573
165	277934
166	272280
167	260249
168	246589
169	231533
170	214290
171	199620
172	187375
173	176852
174	168201
175	160158
176	149626
177	137558
178	127302
179	114562
180	104131
181	92134
182	84061
183	77682
184	72747
185	68286
186	63818
187	59267
188	55855
189	52577
190	48057
191	43511
192	40785
193	37465
194	34894
195	32821
196	31268
197	30628
198	27040
199	25630
200	24049
201	23178
202	20546
203	19338
204	18562
205	15343
206	14386
207	13489
208	12899
209	11949
210	11402
211	10496
212	9926
213	9277
214	8862
215	8366
216	7483
217	7065
218	7272
219	7064
220	6445
221	6149
222	5911
223	5534
224	4463
225	4244
226	4107
227	3955
228	3709
229	3702
230	3633
231	3241
232	3215
233	3261
234	3336
235	3089
236	3077
237	2757
238	3114
239	2612
240	2272
241	2464
242	2385
243	2348
244	2503
245	2288
246	2492
247	2165
248	2314
249	2589
250	2300
251	2341
252	2116
253	2244
254	1964
255	2064
256	2050
257	1991
258	2449
259	2319
260	2101
261	2126
262	2264
263	2485
264	2474
265	2181
266	2126
267	2018
268	1980
269	2303
270	2043
271	2211
272	2293
273	2328
274	2408
275	2499
276	2410
277	2432
278	2548
279	2385
280	2591
281	2614
282	2813
283	2869
284	3114
285	3152
286	3711
287	3852
288	4787
289	3984
290	3831
291	9416
292	2077
293	1933
294	6436
295	494
296	290
297	333
298	351
299	362
300	341
301	383
302	377
303	377
304	399
305	437
306	404
307	477
308	428
309	454
310	439
311	460
312	455
313	523
314	461
315	462
316	516
317	445
318	521
319	458
320	485
321	495
322	462
323	458
324	489
325	446
326	446
327	432
328	469
329	450
330	431
331	405
332	440
333	389
334	423
335	399
336	373
337	372
338	365
339	340
340	342
341	401
342	337
343	310
344	307
345	329
346	312
347	284
348	287
349	282
350	264
351	284
352	297
353	275
354	226
355	236
356	223
357	227
358	221
359	236
360	236
361	210
362	187
363	195
364	186
365	185
366	191
367	180
368	154
369	157
370	178
371	174
372	139
373	143
374	144
375	111
376	142
377	123
378	118
379	106
380	92
381	81
382	110
383	88
384	83
385	92
386	79
387	66
388	74
389	64
390	61
391	58
392	60
393	57
394	49
395	46
396	51
397	35
398	47
399	40
400	32
401	26
402	29
403	30
404	28
405	32
406	22
407	13
408	23
409	26
410	21
411	21
412	18
413	17
414	17
415	24
416	19
417	15
418	18
419	13
420	12
421	11
422	14
423	15
424	11
425	14
426	13
427	22
428	10
429	14
430	9
431	8
432	14
433	10
434	22

