## htsjdk.samtools.metrics.StringHeader
# CollectInsertSizeMetrics HISTOGRAM_FILE=/home/dnaase/startup/data/public_cfdna/jiang2015pnas/C354/C354.hg19.insert_size_histogram.pdf INPUT=/home/dnaase/startup/data/public_cfdna/jiang2015pnas/C354/C354.hg19.mdups.bam OUTPUT=/home/dnaase/startup/data/public_cfdna/jiang2015pnas/C354/C354.hg19.insert_size_metrics.txt    DEVIATIONS=10.0 MINIMUM_PCT=0.05 METRIC_ACCUMULATION_LEVEL=[ALL_READS] INCLUDE_DUPLICATES=false ASSUME_SORTED=true STOP_AFTER=0 VERBOSITY=INFO QUIET=false VALIDATION_STRINGENCY=STRICT COMPRESSION_LEVEL=5 MAX_RECORDS_IN_RAM=500000 CREATE_INDEX=false CREATE_MD5_FILE=false GA4GH_CLIENT_SECRETS=client_secrets.json USE_JDK_DEFLATER=false USE_JDK_INFLATER=false
## htsjdk.samtools.metrics.StringHeader
# Started on: Tue Dec 31 12:25:25 EST 2019

## METRICS CLASS	picard.analysis.InsertSizeMetrics
MEDIAN_INSERT_SIZE	MODE_INSERT_SIZE	MEDIAN_ABSOLUTE_DEVIATION	MIN_INSERT_SIZE	MAX_INSERT_SIZE	MEAN_INSERT_SIZE	STANDARD_DEVIATION	READ_PAIRS	PAIR_ORIENTATION	WIDTH_OF_10_PERCENT	WIDTH_OF_20_PERCENT	WIDTH_OF_30_PERCENT	WIDTH_OF_40_PERCENT	WIDTH_OF_50_PERCENT	WIDTH_OF_60_PERCENT	WIDTH_OF_70_PERCENT	WIDTH_OF_80_PERCENT	WIDTH_OF_90_PERCENT	WIDTH_OF_95_PERCENT	WIDTH_OF_99_PERCENT	SAMPLE	LIBRARY	READ_GROUP
174	168	12	2	243082431	174.145413	22.055374	32948073	FR	5	9	15	19	25	33	45	63	131	327	599			

## HISTOGRAM	java.lang.Integer
insert_size	All_Reads.fr_count
2	44
3	31
4	32
5	33
6	29
7	36
8	27
9	38
10	41
11	34
12	39
13	39
14	32
15	41
16	31
17	38
18	34
19	48
20	33
21	37
22	42
23	27
24	35
25	44
26	40
27	32
28	35
29	48
30	32
31	44
32	37
33	37
34	33
35	37
36	38
37	43
38	38
39	44
40	30
41	42
42	46
43	46
44	39
45	36
46	38
47	40
48	33
49	41
50	44
51	47
52	38
53	52
54	51
55	51
56	51
57	55
58	51
59	46
60	43
61	61
62	58
63	53
64	44
65	55
66	59
67	48
68	74
69	76
70	96
71	53
72	80
73	60
74	524
75	580
76	647
77	768
78	854
79	1215
80	1460
81	1447
82	1212
83	1020
84	940
85	1002
86	1465
87	1598
88	2012
89	2672
90	3308
91	3923
92	3732
93	3235
94	2998
95	2911
96	2953
97	3277
98	3748
99	4700
100	5452
101	5884
102	5854
103	5819
104	5541
105	5482
106	5778
107	6446
108	7205
109	8533
110	9871
111	11206
112	11618
113	10537
114	9696
115	9674
116	10179
117	11220
118	12886
119	15070
120	19223
121	25086
122	29261
123	28734
124	22848
125	18865
126	18698
127	20386
128	23490
129	28314
130	34440
131	44436
132	58486
133	72193
134	74826
135	66968
136	61001
137	64926
138	78574
139	101677
140	129602
141	152352
142	159824
143	159965
144	161614
145	166262
146	170212
147	176006
148	191008
149	210648
150	234565
151	262679
152	286371
153	290514
154	280610
155	279672
156	299613
157	336844
158	388007
159	443342
160	490638
161	526044
162	558252
163	611366
164	695621
165	776013
166	819534
167	839097
168	840312
169	832146
170	808651
171	778939
172	754228
173	745123
174	745123
175	742923
176	734453
177	709950
178	672473
179	628977
180	585539
181	543508
182	507054
183	472745
184	448154
185	427538
186	410454
187	394460
188	378393
189	359028
190	337135
191	312801
192	288365
193	266687
194	246152
195	230733
196	215332
197	206223
198	196957
199	188261
200	179780
201	170074
202	158502
203	146502
204	135247
205	125434
206	117410
207	110037
208	104333
209	99346
210	93754
211	88703
212	83631
213	76748
214	70749
215	65780
216	60335
217	56494
218	52792
219	48618
220	46618
221	43813
222	41465
223	37840
224	35335
225	32061
226	29509
227	27548
228	25286
229	23643
230	22317
231	20868
232	19844
233	17991
234	17326
235	15891
236	14378
237	13397
238	12360
239	12021
240	11391
241	10973
242	10304
243	9777
244	9082
245	8740
246	8158
247	7687
248	7399
249	7019
250	6632
251	6550
252	6456
253	6369
254	6241
255	5766
256	5601
257	5536
258	5548
259	5272
260	5125
261	5142
262	5211
263	5605
264	5299
265	4917
266	4928
267	5451
268	4619
269	4226
270	4491
271	4644
272	4799
273	4934
274	4969
275	4925
276	4951
277	5089
278	5261
279	5522
280	5947
281	6266
282	6709
283	7121
284	7242
285	7353
286	7680
287	8029
288	8563
289	8870
290	9618
291	10259
292	10593
293	11529
294	12019

