## htsjdk.samtools.metrics.StringHeader
# CollectInsertSizeMetrics HISTOGRAM_FILE=/home/dnaase/startup/data/public_cfdna/sun2019gr/TBR910/TBR910.hg19.insert_size_histogram.pdf INPUT=/home/dnaase/startup/data/public_cfdna/sun2019gr/TBR910/TBR910.hg19.mdups.bam OUTPUT=/home/dnaase/startup/data/public_cfdna/sun2019gr/TBR910/TBR910.hg19.insert_size_metrics.txt    DEVIATIONS=10.0 MINIMUM_PCT=0.05 METRIC_ACCUMULATION_LEVEL=[ALL_READS] INCLUDE_DUPLICATES=false ASSUME_SORTED=true STOP_AFTER=0 VERBOSITY=INFO QUIET=false VALIDATION_STRINGENCY=STRICT COMPRESSION_LEVEL=5 MAX_RECORDS_IN_RAM=500000 CREATE_INDEX=false CREATE_MD5_FILE=false GA4GH_CLIENT_SECRETS=client_secrets.json USE_JDK_DEFLATER=false USE_JDK_INFLATER=false
## htsjdk.samtools.metrics.StringHeader
# Started on: Tue Dec 31 18:11:15 EST 2019

## METRICS CLASS	picard.analysis.InsertSizeMetrics
MEDIAN_INSERT_SIZE	MODE_INSERT_SIZE	MEDIAN_ABSOLUTE_DEVIATION	MIN_INSERT_SIZE	MAX_INSERT_SIZE	MEAN_INSERT_SIZE	STANDARD_DEVIATION	READ_PAIRS	PAIR_ORIENTATION	WIDTH_OF_10_PERCENT	WIDTH_OF_20_PERCENT	WIDTH_OF_30_PERCENT	WIDTH_OF_40_PERCENT	WIDTH_OF_50_PERCENT	WIDTH_OF_60_PERCENT	WIDTH_OF_70_PERCENT	WIDTH_OF_80_PERCENT	WIDTH_OF_90_PERCENT	WIDTH_OF_95_PERCENT	WIDTH_OF_99_PERCENT	SAMPLE	LIBRARY	READ_GROUP
129	20	37	2	247631544	111.164685	59.971206	7937900	FR	15	29	43	59	75	93	135	209	217	221	243			

## HISTOGRAM	java.lang.Integer
insert_size	All_Reads.fr_count
2	542
3	542
4	728
5	875
6	1036
7	1146
8	1304
9	1717
10	1935
11	2513
12	2855
13	3315
14	3761
15	3906
16	4359
17	4641
18	5469
19	309042
20	343343
21	294107
22	215657
23	141592
24	101128
25	73946
26	61573
27	45314
28	35287
29	31950
30	27138
31	24757
32	21704
33	20342
34	18832
35	17319
36	16554
37	16581
38	17012
39	15842
40	15005
41	13906
42	13321
43	13312
44	12680
45	12322
46	10849
47	11602
48	11117
49	10609
50	9648
51	9841
52	9279
53	10865
54	10461
55	10504
56	11232
57	10702
58	10518
59	11418
60	11140
61	11184
62	10955
63	11092
64	11591
65	11754
66	10995
67	11418
68	11900
69	12313
70	12500
71	13417
72	12889
73	14039
74	15425
75	16969
76	15577
77	15906
78	15979
79	17120
80	17019
81	17277
82	16085
83	16383
84	16062
85	16471
86	17063
87	18378
88	19070
89	19734
90	21153
91	22694
92	21895
93	21025
94	21681
95	21510
96	22115
97	22474
98	23878
99	25686
100	28228
101	29023
102	29062
103	30521
104	29174
105	29777
106	31121
107	32417
108	33759
109	37532
110	38589
111	40356
112	38860
113	39166
114	40520
115	39909
116	41591
117	43892
118	46305
119	48367
120	48999
121	51960
122	52110
123	50366
124	49662
125	50396
126	49990
127	51018
128	52226
129	53895
130	58231
131	59167
132	63980
133	63419
134	63918
135	63262
136	62747
137	64062
138	65978
139	68064
140	70500
141	72146
142	70966
143	70498
144	70378
145	69748
146	70214
147	70450
148	71666
149	73954
150	74186
151	74164
152	74737
153	73724
154	72604
155	72695
156	73404
157	74717
158	77238
159	78341
160	78999
161	78728
162	77679
163	77193
164	79575
165	79817
166	78498
167	74714
168	71465
169	67331
170	63298
171	59449
172	55352
173	52553
174	50065
175	48422
176	45562
177	43240
178	39687
179	36329
180	33426
181	29504
182	26919
183	25212
184	23403
185	22828
186	21623
187	20028
188	19139
189	18282
190	16481
191	15242
192	14355
193	13355
194	12297
195	11776
196	11300
197	11142
198	9644
199	9204
200	8745
201	8282
202	7211
203	7023
204	6487
205	5869
206	5093
207	4918
208	4510
209	4232
210	3985
211	3777
212	3435
213	3227
214	3198
215	2957
216	2646
217	2546
218	2658
219	2577
220	2450
221	2221
222	2332
223	1996
224	1856
225	1768
226	1452
227	1353
228	1283
229	1321
230	1364
231	1266
232	1211
233	1166
234	1222
235	1190
236	1047
237	1043
238	1061
239	1019
240	1013
241	1054
242	909
243	834
244	881
245	791
246	952
247	737
248	742
249	907
250	860
251	847
252	788
253	810
254	860
255	814
256	782
257	769
258	845
259	778
260	652
261	727
262	785
263	775
264	827
265	828
266	756
267	763
268	780
269	828
270	758
271	670
272	686
273	737
274	718
275	707
276	738
277	738
278	857
279	802
280	777
281	783
282	767
283	712
284	767
285	894
286	781
287	925
288	916
289	1142
290	939
291	1016
292	1033
293	1029
294	1060
295	1061
296	1291
297	1316
298	1231
299	2869
300	740
301	705
302	2009
303	571
304	203
305	467
306	112
307	114
308	104
309	123
310	91
311	124
312	116
313	103
314	102
315	116
316	136
317	135
318	116
319	110
320	133
321	128
322	130
323	115
324	103
325	119
326	111
327	128
328	108
329	106
330	103
331	109
332	110
333	96
334	106
335	115
336	107
337	119
338	98
339	88
340	94
341	97
342	93
343	93
344	87
345	88
346	96
347	74
348	84
349	97
350	78
351	81
352	64
353	74
354	80
355	64
356	60
357	69
358	78
359	72
360	75
361	44
362	60
363	60
364	54
365	64
366	48
367	54
368	30
369	45
370	50
371	43
372	38
373	44
374	39
375	34
376	38
377	24
378	32
379	26
380	15
381	25
382	30
383	15
384	30
385	29
386	25
387	19
388	21
389	16
390	15
391	12
392	18
393	9
394	10
395	19
396	8
397	15
398	8
399	10
400	14
401	7
402	12
403	6
404	9
405	5
406	6
407	6
408	8
409	5
410	8
411	5
412	4
413	5
414	1
415	2
416	8
417	4
418	4
419	5
420	8
421	4
422	5
423	2
424	5
425	3
426	2
427	1
428	1
429	3
430	6
431	5
432	4
433	2
434	3
435	2
436	2
437	3
438	5
439	3
440	5
442	1
443	3
444	2
445	2
446	1
447	5
448	7
449	2
450	2
451	3
452	1
453	1
454	2
455	6
456	5
457	1
458	2
459	3
461	3
462	2
463	5
464	4
465	7
466	4
467	5
468	3
469	1
470	3
471	2
472	3
473	2
474	2
475	4
476	5
477	1
478	4
479	2
480	4
481	3
482	1
483	6
484	3
485	4
486	4
487	2
488	1
489	5
490	4
491	3
492	2
493	2
494	4
495	4
496	1
497	1
498	6
499	4

