## htsjdk.samtools.metrics.StringHeader
# CollectInsertSizeMetrics HISTOGRAM_FILE=/home/dnaase/startup/data/public_cfdna/jiang2015pnas/C331/C331.hg19.insert_size_histogram.pdf INPUT=/home/dnaase/startup/data/public_cfdna/jiang2015pnas/C331/C331.hg19.mdups.bam OUTPUT=/home/dnaase/startup/data/public_cfdna/jiang2015pnas/C331/C331.hg19.insert_size_metrics.txt    DEVIATIONS=10.0 MINIMUM_PCT=0.05 METRIC_ACCUMULATION_LEVEL=[ALL_READS] INCLUDE_DUPLICATES=false ASSUME_SORTED=true STOP_AFTER=0 VERBOSITY=INFO QUIET=false VALIDATION_STRINGENCY=STRICT COMPRESSION_LEVEL=5 MAX_RECORDS_IN_RAM=500000 CREATE_INDEX=false CREATE_MD5_FILE=false GA4GH_CLIENT_SECRETS=client_secrets.json USE_JDK_DEFLATER=false USE_JDK_INFLATER=false
## htsjdk.samtools.metrics.StringHeader
# Started on: Tue Dec 31 12:19:39 EST 2019

## METRICS CLASS	picard.analysis.InsertSizeMetrics
MEDIAN_INSERT_SIZE	MODE_INSERT_SIZE	MEDIAN_ABSOLUTE_DEVIATION	MIN_INSERT_SIZE	MAX_INSERT_SIZE	MEAN_INSERT_SIZE	STANDARD_DEVIATION	READ_PAIRS	PAIR_ORIENTATION	WIDTH_OF_10_PERCENT	WIDTH_OF_20_PERCENT	WIDTH_OF_30_PERCENT	WIDTH_OF_40_PERCENT	WIDTH_OF_50_PERCENT	WIDTH_OF_60_PERCENT	WIDTH_OF_70_PERCENT	WIDTH_OF_80_PERCENT	WIDTH_OF_90_PERCENT	WIDTH_OF_95_PERCENT	WIDTH_OF_99_PERCENT	SAMPLE	LIBRARY	READ_GROUP
172	166	11	2	243087095	171.651538	20.371162	39881448	FR	5	9	13	17	23	31	41	57	97	303	461			

## HISTOGRAM	java.lang.Integer
insert_size	All_Reads.fr_count
2	65
3	40
4	51
5	38
6	31
7	50
8	39
9	44
10	46
11	44
12	55
13	43
14	56
15	48
16	51
17	36
18	44
19	46
20	42
21	47
22	44
23	53
24	41
25	62
26	43
27	53
28	61
29	60
30	53
31	51
32	40
33	50
34	51
35	56
36	64
37	42
38	50
39	53
40	49
41	57
42	51
43	49
44	42
45	66
46	52
47	39
48	60
49	59
50	58
51	58
52	49
53	70
54	67
55	64
56	70
57	65
58	83
59	92
60	75
61	78
62	69
63	73
64	71
65	95
66	84
67	98
68	99
69	88
70	109
71	92
72	109
73	93
74	1023
75	1211
76	1286
77	1364
78	1558
79	1828
80	2200
81	2235
82	1999
83	1604
84	1596
85	1552
86	1790
87	1902
88	2053
89	2581
90	3807
91	4521
92	4446
93	4258
94	4039
95	4130
96	4128
97	4389
98	4900
99	6018
100	6812
101	7711
102	7828
103	7741
104	7611
105	7253
106	7470
107	8764
108	9297
109	10571
110	12667
111	14252
112	14956
113	14387
114	13359
115	13548
116	14106
117	15215
118	16991
119	19892
120	24894
121	32998
122	38831
123	38813
124	31939
125	26800
126	26347
127	28825
128	32546
129	38812
130	46651
131	59385
132	79422
133	100233
134	106664
135	97200
136	87940
137	93564
138	111745
139	141788
140	176724
141	205093
142	218237
143	223188
144	229897
145	238623
146	244520
147	251965
148	271433
149	297152
150	326950
151	362941
152	393873
153	401543
154	393682
155	399162
156	426137
157	476647
158	539253
159	606505
160	663804
161	711133
162	763971
163	851123
164	984331
165	1104579
166	1156418
167	1155190
168	1129838
169	1091899
170	1038278
171	985235
172	941751
173	920703
174	908942
175	898743
176	872898
177	828721
178	769273
179	708903
180	649623
181	595451
182	549041
183	510570
184	478606
185	456021
186	436566
187	418139
188	398765
189	376526
190	351164
191	323877
192	297908
193	271780
194	252595
195	237897
196	224803
197	215505
198	206467
199	198296
200	188597
201	177772
202	165984
203	153748
204	142682
205	131070
206	123037
207	116152
208	110750
209	105276
210	99375
211	93967
212	87514
213	81261
214	75057
215	68252
216	63220
217	59402
218	55510
219	52351
220	49089
221	46414
222	43322
223	39599
224	36136
225	33406
226	30269
227	28257
228	26536
229	24830
230	23120
231	21342
232	19971
233	18912
234	17474
235	16165
236	14903
237	13638
238	12588
239	11820
240	11615
241	10657
242	10371
243	9781
244	8796
245	8356
246	7906
247	7571
248	7035
249	6856
250	6453
251	6330
252	6284
253	6729
254	5823
255	5044
256	4714
257	5195
258	4343
259	3955
260	3954
261	4016
262	4051
263	3986
264	4150
265	3906
266	3978
267	3889
268	3884
269	4025
270	4124
271	4392
272	4465
273	4734
274	4754
275	4842
276	4872
277	4981
278	5256
279	5757
280	6060
281	6561
282	7040

