## htsjdk.samtools.metrics.StringHeader
# CollectInsertSizeMetrics HISTOGRAM_FILE=/pylon5/mc5phmp/zhu1lx/SRR2130010/SRR2130010.hg19.insert_size_histogram.pdf INPUT=/pylon5/mc5phmp/zhu1lx/SRR2130010/SRR2130010.hg19.mdups.bam OUTPUT=/pylon5/mc5phmp/zhu1lx/SRR2130010/SRR2130010.hg19.insert_size_metrics.txt    DEVIATIONS=10.0 MINIMUM_PCT=0.05 METRIC_ACCUMULATION_LEVEL=[ALL_READS] INCLUDE_DUPLICATES=false ASSUME_SORTED=true STOP_AFTER=0 VERBOSITY=INFO QUIET=false VALIDATION_STRINGENCY=STRICT COMPRESSION_LEVEL=5 MAX_RECORDS_IN_RAM=500000 CREATE_INDEX=false CREATE_MD5_FILE=false GA4GH_CLIENT_SECRETS=client_secrets.json USE_JDK_DEFLATER=false USE_JDK_INFLATER=false
## htsjdk.samtools.metrics.StringHeader
# Started on: Wed Jul 17 17:08:50 EDT 2019

## METRICS CLASS	picard.analysis.InsertSizeMetrics
MEDIAN_INSERT_SIZE	MODE_INSERT_SIZE	MEDIAN_ABSOLUTE_DEVIATION	MIN_INSERT_SIZE	MAX_INSERT_SIZE	MEAN_INSERT_SIZE	STANDARD_DEVIATION	READ_PAIRS	PAIR_ORIENTATION	WIDTH_OF_10_PERCENT	WIDTH_OF_20_PERCENT	WIDTH_OF_30_PERCENT	WIDTH_OF_40_PERCENT	WIDTH_OF_50_PERCENT	WIDTH_OF_60_PERCENT	WIDTH_OF_70_PERCENT	WIDTH_OF_80_PERCENT	WIDTH_OF_90_PERCENT	WIDTH_OF_95_PERCENT	WIDTH_OF_99_PERCENT	SAMPLE	LIBRARY	READ_GROUP
137	166	34	2	243158468	129.913377	54.166492	43225062	FR	15	27	41	55	69	87	111	141	171	189	363			

## HISTOGRAM	java.lang.Integer
insert_size	All_Reads.fr_count
2	1388
3	1640
4	1621
5	1657
6	1592
7	1574
8	1782
9	1711
10	1801
11	1706
12	1888
13	1904
14	1819
15	2443
16	2429
17	2609
18	2854
19	53961
20	33335
21	18506
22	10817
23	8236
24	7331
25	7392
26	7426
27	7358
28	7568
29	8235
30	8811
31	9614
32	10690
33	11713
34	13300
35	13985
36	14226
37	15229
38	16589
39	17993
40	19365
41	20284
42	253240
43	249057
44	242825
45	240202
46	238710
47	239495
48	243483
49	248610
50	253346
51	256394
52	262840
53	262442
54	253128
55	244071
56	239460
57	239289
58	240786
59	244751
60	249343
61	249673
62	247488
63	243083
64	236032
65	228551
66	222636
67	222974
68	221677
69	221631
70	221731
71	222684
72	227071
73	229323
74	221665
75	209769
76	203028
77	198062
78	197267
79	201257
80	204878
81	211131
82	225322
83	240520
84	237351
85	215442
86	194664
87	182340
88	179372
89	180813
90	186620
91	191643
92	199469
93	214201
94	224173
95	222650
96	203642
97	186768
98	180381
99	181085
100	184633
101	189411
102	195191
103	202005
104	201604
105	199068
106	193915
107	187803
108	184251
109	182323
110	183728
111	187570
112	194733
113	202531
114	209963
115	210416
116	199050
117	187951
118	183202
119	185127
120	193514
121	203374
122	216595
123	239578
124	271842
125	300164
126	297714
127	266704
128	230857
129	211736
130	210122
131	220988
132	239387
133	260086
134	287793
135	324106
136	354057
137	361209
138	340230
139	311881
140	306112
141	326651
142	360654
143	404399
144	435890
145	442769
146	432150
147	419804
148	407778
149	396050
150	388210
151	384275
152	386208
153	395245
154	404885
155	411448
156	414696
157	407287
158	397930
159	398090
160	406537
161	415827
162	426892
163	438134
164	451070
165	461730
166	469416
167	468324
168	457923
169	435910
170	410535
171	384282
172	360544
173	343659
174	334041
175	324848
176	316152
177	300301
178	278907
179	255251
180	234484
181	213965
182	198965
183	184992
184	171129
185	161835
186	152821
187	146346
188	137997
189	129404
190	120854
191	112959
192	104580
193	98356
194	91814
195	86880
196	82005
197	77698
198	74064
199	70620
200	66341
201	62403
202	59239
203	55680
204	52891
205	50337
206	47680
207	45314
208	42927
209	41243
210	38802
211	36948
212	35373
213	33054
214	31753
215	30371
216	29053
217	27916
218	26918
219	25375
220	23525
221	23071
222	21991
223	20988
224	20148
225	19577
226	18870
227	17752
228	17425
229	16762
230	16509
231	15750
232	15470
233	15125
234	14580
235	14158
236	13886
237	13247
238	13173
239	12856
240	12154
241	11999
242	12244
243	12024
244	11809
245	11645
246	10844
247	11029
248	10607
249	10215
250	9958
251	9950
252	9917
253	10006
254	9589
255	9705
256	9609
257	9407
258	9234
259	8982
260	8950
261	8841
262	8799
263	8849
264	8760
265	8818
266	8719
267	8774
268	8576
269	8324
270	8343
271	8065
272	8018
273	8206
274	8436
275	8333
276	8336
277	8293
278	7937
279	7655
280	7972
281	7837
282	7914
283	8130
284	8272
285	8473
286	8632
287	8754
288	8450
289	8387
290	8332
291	8348
292	8470
293	8506
294	8618
295	8769
296	8986
297	9061
298	9167
299	9212
300	9389
301	9537
302	9349
303	9348
304	9223
305	9306
306	9353
307	9542
308	9342
309	9657
310	10111
311	9933
312	9629
313	9464
314	9310
315	9092
316	9166
317	9164
318	9115
319	9097
320	8942
321	9013
322	8710
323	8671
324	8384
325	8289
326	8278
327	8318
328	7996
329	7929
330	7720
331	7668
332	7624
333	7522
334	7425
335	7255
336	7150
337	7020
338	7060
339	6848
340	6592
341	6523
342	6470
343	6294
344	5993
345	5909
346	5890
347	5780
348	5775
349	5663
350	5544
351	5386
352	5183
353	5215
354	4970
355	4852
356	4767
357	4758
358	4548
359	4422
360	4286
361	4208
362	4174
363	4044
364	4017
365	3793
366	3723
367	3672
368	3531
369	3441
370	3394
371	3072
372	3001
373	2930
374	2763
375	2761
376	2658
377	2599
378	2454
379	2384
380	2326
381	2224
382	2083
383	2146
384	2031
385	1902
386	1779
387	1839
388	1774
389	1735
390	1724
391	1620
392	1462
393	1404
394	1550
395	1218
396	1256
397	1187
398	1021
399	862
400	882
401	776
402	744
403	764
404	744
405	749
406	714
407	718
408	784
409	616
410	600
411	534
412	538
413	511
414	498
415	499
416	481
417	471
418	458
419	433
420	403
421	383
422	394
423	418
424	364
425	401
426	374
427	344
428	347
429	327
430	316
431	310
432	312
433	327
434	340
435	307
436	296
437	265
438	264
439	267
440	237
441	280
442	238
443	239
444	230
445	259
446	253
447	252
448	224
449	223
450	187
451	292
452	197
453	190
454	187
455	182
456	223
457	177
458	184
459	161
460	175
461	153
462	160
463	144
464	165
465	140
466	127
467	160
468	151
469	136
470	139
471	120
472	131
473	148
474	116
475	112
476	115
477	96

