## htsjdk.samtools.metrics.StringHeader
# CollectInsertSizeMetrics HISTOGRAM_FILE=/pylon5/mc5phmp/zhu1lx/SRR2130031/SRR2130031.hg19.insert_size_histogram.pdf INPUT=/pylon5/mc5phmp/zhu1lx/SRR2130031/SRR2130031.hg19.mdups.bam OUTPUT=/pylon5/mc5phmp/zhu1lx/SRR2130031/SRR2130031.hg19.insert_size_metrics.txt    DEVIATIONS=10.0 MINIMUM_PCT=0.05 METRIC_ACCUMULATION_LEVEL=[ALL_READS] INCLUDE_DUPLICATES=false ASSUME_SORTED=true STOP_AFTER=0 VERBOSITY=INFO QUIET=false VALIDATION_STRINGENCY=STRICT COMPRESSION_LEVEL=5 MAX_RECORDS_IN_RAM=500000 CREATE_INDEX=false CREATE_MD5_FILE=false GA4GH_CLIENT_SECRETS=client_secrets.json USE_JDK_DEFLATER=false USE_JDK_INFLATER=false
## htsjdk.samtools.metrics.StringHeader
# Started on: Wed Jul 17 16:39:09 EDT 2019

## METRICS CLASS	picard.analysis.InsertSizeMetrics
MEDIAN_INSERT_SIZE	MODE_INSERT_SIZE	MEDIAN_ABSOLUTE_DEVIATION	MIN_INSERT_SIZE	MAX_INSERT_SIZE	MEAN_INSERT_SIZE	STANDARD_DEVIATION	READ_PAIRS	PAIR_ORIENTATION	WIDTH_OF_10_PERCENT	WIDTH_OF_20_PERCENT	WIDTH_OF_30_PERCENT	WIDTH_OF_40_PERCENT	WIDTH_OF_50_PERCENT	WIDTH_OF_60_PERCENT	WIDTH_OF_70_PERCENT	WIDTH_OF_80_PERCENT	WIDTH_OF_90_PERCENT	WIDTH_OF_95_PERCENT	WIDTH_OF_99_PERCENT	SAMPLE	LIBRARY	READ_GROUP
122	167	41	2	241134787	120.664796	52.628512	42971586	FR	21	39	53	69	83	97	111	129	149	161	337			

## HISTOGRAM	java.lang.Integer
insert_size	All_Reads.fr_count
2	1477
3	1505
4	1465
5	1361
6	1370
7	1382
8	1447
9	1510
10	1931
11	1951
12	2097
13	2084
14	2195
15	2306
16	2401
17	2754
18	3352
19	68857
20	41416
21	22405
22	13253
23	10242
24	11090
25	11521
26	12139
27	12809
28	13438
29	15720
30	17217
31	18172
32	20312
33	22508
34	26555
35	28583
36	29488
37	29595
38	29727
39	32492
40	35777
41	38048
42	45059
43	43276
44	328114
45	329340
46	330205
47	334282
48	338349
49	343505
50	347328
51	348097
52	353062
53	350876
54	340932
55	329663
56	323740
57	321842
58	321139
59	324419
60	326726
61	324715
62	319934
63	313966
64	307110
65	300804
66	295566
67	294770
68	292170
69	291097
70	287580
71	286139
72	286021
73	284385
74	278054
75	267660
76	261482
77	255572
78	253732
79	254677
80	256187
81	258863
82	267207
83	276486
84	272798
85	254300
86	238295
87	228861
88	226042
89	224799
90	227952
91	230826
92	235154
93	244154
94	251763
95	247439
96	233800
97	220470
98	215275
99	214958
100	218480
101	221458
102	222804
103	223804
104	223259
105	220296
106	216742
107	211404
108	208683
109	206565
110	206178
111	205974
112	208734
113	211275
114	216577
115	214624
116	206831
117	198207
118	194477
119	194395
120	197967
121	201633
122	210072
123	223700
124	246391
125	266514
126	265018
127	241430
128	214689
129	199707
130	197939
131	205091
132	216536
133	231384
134	251102
135	277521
136	302628
137	307688
138	290124
139	269683
140	264591
141	278592
142	306087
143	338894
144	364053
145	368494
146	360315
147	351095
148	342765
149	335001
150	326179
151	323956
152	326112
153	334163
154	341770
155	349797
156	351748
157	344445
158	339980
159	339642
160	345648
161	355775
162	363640
163	374712
164	382959
165	392881
166	400138
167	400301
168	390683
169	370881
170	349658
171	328603
172	308983
173	293792
174	286000
175	280963
176	269387
177	257568
178	239423
179	218196
180	199745
181	181934
182	168414
183	156828
184	148051
185	139195
186	131722
187	125274
188	118324
189	111234
190	103010
191	95716
192	89280
193	83371
194	78873
195	73529
196	70057
197	65599
198	62468
199	59022
200	55911
201	52295
202	49076
203	46055
204	44138
205	41281
206	38946
207	37117
208	35251
209	33453
210	31618
211	29297
212	28122
213	26436
214	25040
215	23675
216	22773
217	21856
218	20656
219	19823
220	18843
221	18121
222	17173
223	16422
224	15784
225	15328
226	14733
227	13833
228	13472
229	13011
230	12626
231	12511
232	11954
233	11514
234	11403
235	10956
236	10319
237	10144
238	9739
239	9410
240	9112
241	8930
242	8936
243	8686
244	8443
245	8228
246	8177
247	8081
248	7876
249	7593
250	7487
251	7432
252	7377
253	7163
254	7171
255	7085
256	6978
257	7069
258	6762
259	6656
260	6338
261	6327
262	6216
263	6109
264	6189
265	6032
266	5925
267	6043
268	5893
269	5819
270	5733
271	5783
272	5638
273	5631
274	5717
275	5702
276	5676
277	5566
278	5435
279	5384
280	5457
281	5390
282	5098
283	5172
284	5308
285	5422
286	5482
287	5365
288	5332
289	5490
290	5269
291	5338
292	5334
293	5421
294	5300
295	5503
296	5726
297	5580
298	5557
299	5490
300	5603
301	5711
302	5491
303	5601
304	5368
305	5511
306	5528
307	5616
308	5614
309	5764
310	5842
311	5900
312	5884
313	5776
314	5620
315	5473
316	5514
317	5577
318	5355
319	5452
320	5343
321	5419
322	5154
323	5112
324	5086
325	5146
326	5174
327	5153
328	4976
329	5037
330	4716
331	4649
332	4614
333	4691
334	4595
335	4637
336	4295
337	4345
338	4380
339	4275
340	4200
341	4137
342	4150
343	4060
344	3807
345	3731
346	3614
347	3608
348	3624
349	3362
350	3406
351	3283
352	3222
353	3251
354	3057
355	2989
356	2948
357	2936
358	2886
359	2636
360	2746
361	2640
362	2447
363	2449
364	2404
365	2388
366	2310
367	2327
368	2154
369	2084
370	2035
371	2061
372	1958
373	1846
374	1782
375	1784
376	1629
377	1635
378	1629
379	1527
380	1487
381	1419
382	1342
383	1299
384	1240
385	1212
386	1093
387	1029
388	1066
389	1055
390	970
391	933
392	906
393	913
394	828
395	787
396	727
397	727
398	713
399	734
400	665
401	627
402	618
403	656
404	697
405	639
406	607
407	734
408	470
409	402
410	420
411	373
412	324
413	348
414	325
415	324
416	308
417	329
418	325
419	264
420	264
421	267
422	255
423	254
424	249
425	246
426	255
427	228
428	236
429	255
430	222
431	206
432	214
433	178
434	175
435	194
436	192
437	177
438	192
439	255
440	134
441	110
442	121
443	92
444	111
445	103
446	135
447	126
448	116
449	83
450	90
451	107
452	102
453	104
454	95
455	94
456	116
457	109
458	102
459	106
460	100
461	83
462	98
463	86
464	78
465	87
466	85
467	80
468	83
469	71
470	67
471	92
472	75
473	75
474	75
475	83
476	70
477	72
478	90
479	92
480	53
481	74
482	70
483	66
484	53
485	68
486	63
487	69
488	57
489	54
490	70
491	53
492	45
493	55
494	71
495	54
496	54
497	49
498	48
499	58
500	59
501	54
502	55
503	53
504	49
505	61
506	54
507	46
508	57
509	50
510	42
511	39
512	42
513	43
514	42
515	34
516	37
517	33
518	45
519	35
520	33
521	34
522	45
523	44
524	42
525	39
526	37
527	43
528	34
529	35
530	35
531	28
532	34

