## htsjdk.samtools.metrics.StringHeader
# CollectInsertSizeMetrics HISTOGRAM_FILE=/pylon5/mc5phmp/zhu1lx/SRR2130035/SRR2130035.hg19.insert_size_histogram.pdf INPUT=/pylon5/mc5phmp/zhu1lx/SRR2130035/SRR2130035.hg19.mdups.bam OUTPUT=/pylon5/mc5phmp/zhu1lx/SRR2130035/SRR2130035.hg19.insert_size_metrics.txt    DEVIATIONS=10.0 MINIMUM_PCT=0.05 METRIC_ACCUMULATION_LEVEL=[ALL_READS] INCLUDE_DUPLICATES=false ASSUME_SORTED=true STOP_AFTER=0 VERBOSITY=INFO QUIET=false VALIDATION_STRINGENCY=STRICT COMPRESSION_LEVEL=5 MAX_RECORDS_IN_RAM=500000 CREATE_INDEX=false CREATE_MD5_FILE=false GA4GH_CLIENT_SECRETS=client_secrets.json USE_JDK_DEFLATER=false USE_JDK_INFLATER=false
## htsjdk.samtools.metrics.StringHeader
# Started on: Thu Jul 18 12:29:24 EDT 2019

## METRICS CLASS	picard.analysis.InsertSizeMetrics
MEDIAN_INSERT_SIZE	MODE_INSERT_SIZE	MEDIAN_ABSOLUTE_DEVIATION	MIN_INSERT_SIZE	MAX_INSERT_SIZE	MEAN_INSERT_SIZE	STANDARD_DEVIATION	READ_PAIRS	PAIR_ORIENTATION	WIDTH_OF_10_PERCENT	WIDTH_OF_20_PERCENT	WIDTH_OF_30_PERCENT	WIDTH_OF_40_PERCENT	WIDTH_OF_50_PERCENT	WIDTH_OF_60_PERCENT	WIDTH_OF_70_PERCENT	WIDTH_OF_80_PERCENT	WIDTH_OF_90_PERCENT	WIDTH_OF_95_PERCENT	WIDTH_OF_99_PERCENT	SAMPLE	LIBRARY	READ_GROUP
120	166	39	2	248737243	120.48009	50.95766	758731148	FR	19	37	51	65	79	93	105	121	139	153	349			

## HISTOGRAM	java.lang.Integer
insert_size	All_Reads.fr_count
2	14695
3	13934
4	14036
5	13933
6	13663
7	14193
8	14974
9	15536
10	15790
11	15860
12	16783
13	17338
14	18266
15	19389
16	20914
17	23302
18	28696
19	1096874
20	646179
21	329726
22	175076
23	117375
24	110473
25	111195
26	117252
27	120219
28	123102
29	141182
30	149227
31	162625
32	179061
33	199168
34	228089
35	243022
36	250815
37	256693
38	261434
39	289819
40	315390
41	335744
42	381522
43	372144
44	2986394
45	2955353
46	2946553
47	2964916
48	3020101
49	3084887
50	6448779
51	6590558
52	6708573
53	6652581
54	6356219
55	6127317
56	6021755
57	6035292
58	6100039
59	6209441
60	6265184
61	6243736
62	6191297
63	6053227
64	5821411
65	5575465
66	5464948
67	5453035
68	5442806
69	5456261
70	5460987
71	5476856
72	5553691
73	5563324
74	5308497
75	5030098
76	4860629
77	4743115
78	4725847
79	4780094
80	4855485
81	4924472
82	5121228
83	5403268
84	5361270
85	4973671
86	4596858
87	4366252
88	4276592
89	4332620
90	4513616
91	4617888
92	4754414
93	4982144
94	5109265
95	4948155
96	4594917
97	4303990
98	4204959
99	4227655
100	4339099
101	4440738
102	4502300
103	4550030
104	4530606
105	4433375
106	4301812
107	4174027
108	4102403
109	4104265
110	4126890
111	4147170
112	4162139
113	4212084
114	4267806
115	4190787
116	3987118
117	3806752
118	3731893
119	3757337
120	3849237
121	3968006
122	4090158
123	4282531
124	4566183
125	4776332
126	4696229
127	4345029
128	4009697
129	3872341
130	3943552
131	4166028
132	4432784
133	4677828
134	4905948
135	5166627
136	5334657
137	5311695
138	5137946
139	5011832
140	5127012
141	5463876
142	5873324
143	6278314
144	6514672
145	6501178
146	6275168
147	6028177
148	5837934
149	5732186
150	5720632
151	5765501
152	5821431
153	5853159
154	5859614
155	5873305
156	5884340
157	5876020
158	5900241
159	6035953
160	6235802
161	6445417
162	6630962
163	6808082
164	6978447
165	7130120
166	7210477
167	7152923
168	6937201
169	6572159
170	6105021
171	5608311
172	5154408
173	4806357
174	4573734
175	4398014
176	4230760
177	3991628
178	3682896
179	3340501
180	3015312
181	2720292
182	2474138
183	2269452
184	2103297
185	1971379
186	1863703
187	1764925
188	1665678
189	1562463
190	1453146
191	1345577
192	1242145
193	1149807
194	1071099
195	1005093
196	946851
197	896799
198	851669
199	808487
200	765606
201	720602
202	678098
203	635805
204	597070
205	560599
206	528508
207	500071
208	476260
209	455329
210	434574
211	414210
212	393339
213	372988
214	354963
215	335716
216	320924
217	306448
218	294327
219	282591
220	272706
221	263432
222	255250
223	247261
224	238709
225	228862
226	220455
227	211259
228	205812
229	199094
230	194966
231	191551
232	187581
233	183539
234	180013
235	175083
236	169459
237	165448
238	161653
239	158614
240	156066
241	155730
242	155142
243	153540
244	152521
245	150265
246	145970
247	143426
248	140367
249	137975
250	136898
251	134955
252	134254
253	133412
254	132796
255	131203
256	129522
257	127808
258	123800
259	122634
260	120273
261	119470
262	119112
263	119046
264	119365
265	118921
266	118074
267	116220
268	114636
269	112776
270	111503
271	111009
272	111380
273	111101
274	111870
275	112502
276	111109
277	109163
278	107298
279	106447
280	105486
281	106352
282	106866
283	108368
284	109970
285	110458
286	109912
287	109109
288	107759
289	107620
290	107542
291	107523
292	108173
293	109263
294	110477
295	110163
296	110195
297	111215
298	111271
299	112853
300	114616
301	115622
302	114576
303	114971
304	113601
305	111477
306	110805
307	110469
308	110358
309	110831
310	112051
311	112061
312	110199
313	109225
314	106267
315	104303
316	102763
317	100196
318	98803
319	96722
320	95136
321	93310
322	91545
323	90908
324	89595
325	88002
326	85813
327	83632
328	82129
329	80316
330	78401
331	76932
332	76119
333	74801
334	74182
335	72888
336	71492
337	69917
338	68693
339	66797
340	65601
341	63953
342	63330
343	61437
344	60393
345	59256
346	58077
347	56808
348	55656
349	54545
350	52640
351	51534
352	50382
353	49789
354	48554
355	47368
356	46400
357	45626
358	44434
359	43308
360	42015
361	41183
362	40069
363	38599
364	37638
365	36797
366	35704
367	34827
368	33612
369	33124
370	32000
371	30916
372	30017
373	29005
374	28288
375	27693
376	26641
377	25680
378	25126
379	24209
380	23752
381	23319
382	22652
383	22157
384	21156
385	20650
386	20412
387	19389
388	18764
389	18237
390	18039
391	16720
392	15871
393	15162
394	14255
395	13704
396	13076
397	12455
398	12124
399	11634
400	11304
401	11113
402	10916
403	10356
404	10241
405	10094
406	9766
407	9691
408	9475
409	9265
410	9014
411	8734
412	8646
413	8564
414	8168
415	7997
416	7832
417	7711
418	7727
419	7612
420	7409
421	7220
422	7024
423	6943
424	6901
425	6871
426	6788
427	6478
428	6399
429	6302
430	6211
431	6212
432	6109
433	5920
434	5989
435	5871
436	5864
437	5790
438	5810
439	5525
440	5559
441	5411
442	5303
443	5230
444	5238
445	5122
446	5192
447	5099
448	5105
449	4970
450	4947
451	4720
452	4766
453	4776
454	4744
455	4689
456	4511
457	4533
458	4554
459	4387
460	4355
461	4309
462	4266
463	4225
464	4180
465	4101
466	4035
467	4035
468	4015
469	3959
470	3865
471	3854
472	3864
473	3801
474	3707
475	3710
476	3559
477	3623
478	3493
479	3529
480	3394
481	3475
482	3384
483	3292
484	3330
485	3197
486	3193
487	3156
488	3102
489	3062
490	3077
491	2999
492	2966
493	2939
494	2932
495	2785
496	2801
497	2786
498	2787
499	2710
500	2693
501	2610
502	2567
503	2588
504	2439
505	2419
506	2448
507	2359
508	2350
509	2345
510	2355

