## htsjdk.samtools.metrics.StringHeader
# CollectInsertSizeMetrics HISTOGRAM_FILE=/pylon5/mc5phmp/zhu1lx/SRR2130051/SRR2130051.hg19.insert_size_histogram.pdf INPUT=/pylon5/mc5phmp/zhu1lx/SRR2130051/SRR2130051.hg19.mdups.bam OUTPUT=/pylon5/mc5phmp/zhu1lx/SRR2130051/SRR2130051.hg19.insert_size_metrics.txt    DEVIATIONS=10.0 MINIMUM_PCT=0.05 METRIC_ACCUMULATION_LEVEL=[ALL_READS] INCLUDE_DUPLICATES=false ASSUME_SORTED=true STOP_AFTER=0 VERBOSITY=INFO QUIET=false VALIDATION_STRINGENCY=STRICT COMPRESSION_LEVEL=5 MAX_RECORDS_IN_RAM=500000 CREATE_INDEX=false CREATE_MD5_FILE=false GA4GH_CLIENT_SECRETS=client_secrets.json USE_JDK_DEFLATER=false USE_JDK_INFLATER=false
## htsjdk.samtools.metrics.StringHeader
# Started on: Thu Jul 18 08:35:39 EDT 2019

## METRICS CLASS	picard.analysis.InsertSizeMetrics
MEDIAN_INSERT_SIZE	MODE_INSERT_SIZE	MEDIAN_ABSOLUTE_DEVIATION	MIN_INSERT_SIZE	MAX_INSERT_SIZE	MEAN_INSERT_SIZE	STANDARD_DEVIATION	READ_PAIRS	PAIR_ORIENTATION	WIDTH_OF_10_PERCENT	WIDTH_OF_20_PERCENT	WIDTH_OF_30_PERCENT	WIDTH_OF_40_PERCENT	WIDTH_OF_50_PERCENT	WIDTH_OF_60_PERCENT	WIDTH_OF_70_PERCENT	WIDTH_OF_80_PERCENT	WIDTH_OF_90_PERCENT	WIDTH_OF_95_PERCENT	WIDTH_OF_99_PERCENT	SAMPLE	LIBRARY	READ_GROUP
145	167	31	2	246946508	136.682942	54.313094	475609161	FR	13	25	39	49	63	81	107	141	175	193	389			

## HISTOGRAM	java.lang.Integer
insert_size	All_Reads.fr_count
2	8453
3	8554
4	8728
5	9039
6	9042
7	9393
8	9563
9	9808
10	9824
11	9685
12	10419
13	10164
14	10510
15	10932
16	11161
17	12027
18	14282
19	1368664
20	828719
21	427274
22	217184
23	122356
24	77970
25	68794
26	60832
27	55737
28	54442
29	56566
30	58891
31	62064
32	67333
33	72978
34	79043
35	82465
36	84073
37	87596
38	89362
39	98778
40	105480
41	111678
42	125599
43	125160
44	829867
45	826119
46	837492
47	857121
48	879641
49	907673
50	2677784
51	2735608
52	2828098
53	2857542
54	2736805
55	2627199
56	2578660
57	2592614
58	2635682
59	2701443
60	2754300
61	2759758
62	2726289
63	2651280
64	2567451
65	2488817
66	2445507
67	2451435
68	2452897
69	2451979
70	2414960
71	2386314
72	2413324
73	2438841
74	2345092
75	2238875
76	2167175
77	2117090
78	2106073
79	2138725
80	2170284
81	2244649
82	2421855
83	2622184
84	2540856
85	2262053
86	2036744
87	1926455
88	1889274
89	1887865
90	1925365
91	1966092
92	2049871
93	2223787
94	2374141
95	2354321
96	2145517
97	1963906
98	1905013
99	1933536
100	1989423
101	2031213
102	2081770
103	2123174
104	2118131
105	2086584
106	2043118
107	1986324
108	1948271
109	1929951
110	1924208
111	1937024
112	1965121
113	2034543
114	2115922
115	2084687
116	1959505
117	1849571
118	1806596
119	1817759
120	1858859
121	1918503
122	2026361
123	2251299
124	2591665
125	2828741
126	2749466
127	2401972
128	2064476
129	1907731
130	1894175
131	1987246
132	2123532
133	2313175
134	2583912
135	2981966
136	3351572
137	3423750
138	3201437
139	2969256
140	2997650
141	3285812
142	3679898
143	4092411
144	4367672
145	4409691
146	4293618
147	4216802
148	4190944
149	4166967
150	4165816
151	4232514
152	4363717
153	4492645
154	4590185
155	4673383
156	4695850
157	4659878
158	4662781
159	4794124
160	5011801
161	5238245
162	5451020
163	5641419
164	5820995
165	5996476
166	6162305
167	6286154
168	6274737
169	6094817
170	5799280
171	5461786
172	5151468
173	4940993
174	4846192
175	4812730
176	4789805
177	4661675
178	4377891
179	3986434
180	3586361
181	3230861
182	2953127
183	2738779
184	2579894
185	2460762
186	2350694
187	2230893
188	2047667
189	1889887
190	1733852
191	1587791
192	1463703
193	1356003
194	1267016
195	1189559
196	1124354
197	1056280
198	993476
199	925796
200	860016
201	798870
202	740623
203	693866
204	649888
205	608888
206	573725
207	541497
208	508616
209	477788
210	448290
211	419869
212	394401
213	371477
214	350102
215	331404
216	312912
217	297725
218	283860
219	269737
220	257163
221	240978
222	228479
223	218051
224	207753
225	199630
226	191475
227	183573
228	176339
229	169141
230	164387
231	159488
232	154539
233	150065
234	145764
235	140944
236	135521
237	131797
238	127784
239	124893
240	121768
241	119395
242	117972
243	117000
244	115260
245	113853
246	110695
247	107236
248	104122
249	101757
250	100063
251	98632
252	97281
253	96311
254	95608
255	94539
256	94723
257	92767
258	91582
259	89438
260	88110
261	86760
262	85784
263	85378
264	85215
265	85133
266	85428
267	83837
268	83715
269	81884
270	80579
271	79808
272	79500
273	80365
274	80398
275	80326
276	79944
277	79089
278	78137
279	76954
280	76309
281	77462
282	77662
283	79054
284	80843
285	82574
286	82898
287	83040
288	81829
289	81188
290	81411
291	82241
292	83271
293	84138
294	85701
295	86726
296	88005
297	89173
298	90348
299	91915
300	93051
301	94629
302	95635
303	95099
304	95917
305	96229
306	96924
307	97798
308	99862
309	102101
310	104643
311	105944
312	105497
313	104589
314	103758
315	103879
316	103033
317	103300
318	103999
319	104580
320	104234
321	104529
322	102929
323	103165
324	102577
325	102313
326	101899
327	102052
328	100782
329	100029
330	98787
331	98501
332	97900
333	97622
334	97892
335	96389
336	96329
337	94928
338	93335
339	92418
340	91152
341	90263
342	89879
343	88553
344	87557
345	86616
346	86296
347	85682
348	84460
349	83671
350	81778
351	80222
352	78328
353	77345
354	76749
355	75707
356	74353
357	73966
358	73220
359	71465
360	70097
361	68693
362	67093
363	65177
364	63697
365	62293
366	61006
367	59634
368	58760
369	57042
370	55930
371	54705
372	53372
373	51513
374	50052
375	48896
376	46830
377	45271
378	44421
379	43044
380	41913
381	40713
382	39266
383	38572
384	37790
385	36473
386	37022
387	34957
388	31501
389	31590
390	29554
391	26480
392	25803
393	24104
394	22910
395	22376
396	21343
397	20548
398	20016
399	19328
400	18669
401	18128
402	17471
403	17227
404	16472
405	16038
406	15649
407	15114
408	14605
409	14251
410	13469
411	13656
412	12965
413	12463
414	12336
415	12011
416	11899
417	11448
418	11108
419	10832
420	10829
421	10340
422	10096
423	9767
424	9556
425	9410
426	9179
427	9115
428	8791
429	8533
430	8478
431	8529
432	8179
433	8056
434	7818
435	7548
436	7603
437	7520
438	7424
439	7388
440	7152
441	7095
442	6847
443	6879
444	6863
445	6577
446	6585
447	6673
448	6458
449	6412
450	6259
451	6299
452	6207
453	6336
454	6014
455	6121

