## htsjdk.samtools.metrics.StringHeader
# CollectInsertSizeMetrics HISTOGRAM_FILE=/pylon5/mc5phmp/zhu1lx/SRR2130052/SRR2130052.hg19.insert_size_histogram.pdf INPUT=/pylon5/mc5phmp/zhu1lx/SRR2130052/SRR2130052.hg19.mdups.bam OUTPUT=/pylon5/mc5phmp/zhu1lx/SRR2130052/SRR2130052.hg19.insert_size_metrics.txt    DEVIATIONS=10.0 MINIMUM_PCT=0.05 METRIC_ACCUMULATION_LEVEL=[ALL_READS] INCLUDE_DUPLICATES=false ASSUME_SORTED=true STOP_AFTER=0 VERBOSITY=INFO QUIET=false VALIDATION_STRINGENCY=STRICT COMPRESSION_LEVEL=5 MAX_RECORDS_IN_RAM=500000 CREATE_INDEX=false CREATE_MD5_FILE=false GA4GH_CLIENT_SECRETS=client_secrets.json USE_JDK_DEFLATER=false USE_JDK_INFLATER=false
## htsjdk.samtools.metrics.StringHeader
# Started on: Wed Jul 17 16:12:47 EDT 2019

## METRICS CLASS	picard.analysis.InsertSizeMetrics
MEDIAN_INSERT_SIZE	MODE_INSERT_SIZE	MEDIAN_ABSOLUTE_DEVIATION	MIN_INSERT_SIZE	MAX_INSERT_SIZE	MEAN_INSERT_SIZE	STANDARD_DEVIATION	READ_PAIRS	PAIR_ORIENTATION	WIDTH_OF_10_PERCENT	WIDTH_OF_20_PERCENT	WIDTH_OF_30_PERCENT	WIDTH_OF_40_PERCENT	WIDTH_OF_50_PERCENT	WIDTH_OF_60_PERCENT	WIDTH_OF_70_PERCENT	WIDTH_OF_80_PERCENT	WIDTH_OF_90_PERCENT	WIDTH_OF_95_PERCENT	WIDTH_OF_99_PERCENT	SAMPLE	LIBRARY	READ_GROUP
156	167	23	2	248759233	149.205076	53.804923	34205901	FR	11	19	27	37	47	65	93	135	193	229	401			

## HISTOGRAM	java.lang.Integer
insert_size	All_Reads.fr_count
2	558
3	615
4	573
5	582
6	571
7	600
8	660
9	651
10	561
11	605
12	683
13	706
14	744
15	705
16	730
17	832
18	1065
19	60262
20	34051
21	16826
22	8385
23	4786
24	3524
25	3131
26	2984
27	2818
28	2885
29	2942
30	3416
31	3462
32	3765
33	4004
34	4513
35	7270
36	5966
37	5695
38	5650
39	73980
40	77509
41	81245
42	83566
43	83261
44	82338
45	81961
46	82078
47	82910
48	84180
49	86246
50	88857
51	92248
52	97110
53	99447
54	96814
55	94276
56	92073
57	92647
58	93143
59	95524
60	98701
61	100372
62	102189
63	102552
64	101006
65	99086
66	97091
67	97176
68	96836
69	97451
70	98506
71	99836
72	103917
73	106799
74	103827
75	99669
76	96480
77	93802
78	94149
79	95703
80	98560
81	102167
82	111334
83	122285
84	121953
85	110118
86	97622
87	91769
88	89903
89	89963
90	93160
91	96506
92	103603
93	114377
94	123685
95	123929
96	112670
97	101196
98	97204
99	97847
100	100619
101	105018
102	109360
103	113329
104	115160
105	114775
106	113125
107	108528
108	106177
109	106227
110	107027
111	108234
112	111924
113	117844
114	123769
115	123801
116	117052
117	110278
118	107940
119	108955
120	112375
121	117119
122	124836
123	139051
124	161273
125	181146
126	183393
127	161780
128	136283
129	123382
130	122972
131	130563
132	142890
133	157943
134	179494
135	209581
136	239742
137	249892
138	237500
139	219124
140	218842
141	236752
142	266467
143	302763
144	333251
145	344411
146	341871
147	337043
148	332062
149	328990
150	326855
151	329490
152	337978
153	348881
154	361732
155	374367
156	384329
157	386447
158	387660
159	396282
160	413959
161	432409
162	451391
163	470172
164	491602
165	514114
166	530628
167	542145
168	539367
169	522039
170	495488
171	468743
172	440899
173	422677
174	415024
175	408711
176	403051
177	388647
178	366608
179	337365
180	308843
181	283948
182	262553
183	245836
184	231791
185	220391
186	211234
187	202381
188	193184
189	182832
190	171847
191	160065
192	150100
193	140082
194	132413
195	125862
196	116919
197	111672
198	106883
199	101931
200	96007
201	90141
202	85061
203	79958
204	75598
205	71950
206	68500
207	65040
208	61646
209	58292
210	55258
211	52567
212	49222
213	46248
214	44076
215	41777
216	39510
217	37655
218	35587
219	34078
220	32210
221	30469
222	29325
223	27823
224	26347
225	25324
226	24209
227	22738
228	21393
229	20495
230	19755
231	19079
232	18532
233	17689
234	17076
235	16287
236	15678
237	15053
238	14500
239	14136
240	13646
241	13254
242	13135
243	12723
244	12630
245	12104
246	11869
247	11601
248	11319
249	10935
250	10980
251	10511
252	10208
253	10200
254	10057
255	9629
256	9482
257	9312
258	9307
259	9028
260	8834
261	8775
262	8778
263	8661
264	8809
265	8536
266	8641
267	8637
268	8298
269	8392
270	8268
271	8114
272	8032
273	8148
274	8320
275	8265
276	8433
277	8097
278	8037
279	7798
280	7905
281	7851
282	8070
283	8170
284	8342
285	8512
286	8886
287	8775
288	8811
289	8700
290	8686
291	8694
292	8918
293	8999
294	9108
295	9413
296	9674
297	9711
298	10109
299	10203
300	10275
301	10636
302	10539
303	10631
304	10922
305	10998
306	10918
307	11223
308	11500
309	11825
310	12186
311	12402
312	12221
313	12281
314	11959
315	12038
316	12180
317	12478
318	12330
319	12747
320	12473
321	12604
322	12642
323	12712
324	12536
325	12683
326	12911
327	15582
328	12835
329	11814
330	12860
331	11010
332	10752
333	13105
334	10374
335	10395
336	10464
337	9440
338	9434
339	9251
340	9177
341	9592
342	9738
343	8519
344	8088
345	8122
346	8344
347	8145
348	7962
349	7936
350	7793
351	7890
352	7761
353	7590
354	7666
355	7512
356	7590
357	7289
358	7138
359	7135
360	7091
361	6924
362	6849
363	6734
364	6671
365	6427
366	6213
367	6188
368	6117
369	6108
370	5854
371	5772
372	5608
373	5474
374	5303
375	5200
376	5099
377	4746
378	4841
379	4865
380	4698
381	4520
382	4390
383	4215
384	3948
385	3974
386	3846

