## htsjdk.samtools.metrics.StringHeader
# CollectInsertSizeMetrics  --Histogram_FILE pandisease.epifluidlab.cchmc.org/results/20200420-week-17/jhu-cfdna-frag/picard_metrics/EGAR00002027885.hg19.insert_size.pdf --INPUT pandisease.epifluidlab.cchmc.org/results/20200420-week-17/jhu-cfdna-frag/filtered_bam/EGAR00002027885.hg19.filtered.bam --OUTPUT pandisease.epifluidlab.cchmc.org/results/20200420-week-17/jhu-cfdna-frag/picard_metrics/EGAR00002027885.hg19.insert_size.txt  --DEVIATIONS 10.0 --MINIMUM_PCT 0.05 --METRIC_ACCUMULATION_LEVEL ALL_READS --INCLUDE_DUPLICATES false --ASSUME_SORTED true --STOP_AFTER 0 --VERBOSITY INFO --QUIET false --VALIDATION_STRINGENCY STRICT --COMPRESSION_LEVEL 5 --MAX_RECORDS_IN_RAM 500000 --CREATE_INDEX false --CREATE_MD5_FILE false --GA4GH_CLIENT_SECRETS client_secrets.json --help false --version false --showHidden false --USE_JDK_DEFLATER false --USE_JDK_INFLATER false
## htsjdk.samtools.metrics.StringHeader
# Started on: Sun May 03 14:42:58 UTC 2020

## METRICS CLASS	picard.analysis.InsertSizeMetrics
MEDIAN_INSERT_SIZE	MODE_INSERT_SIZE	MEDIAN_ABSOLUTE_DEVIATION	MIN_INSERT_SIZE	MAX_INSERT_SIZE	MEAN_INSERT_SIZE	STANDARD_DEVIATION	READ_PAIRS	PAIR_ORIENTATION	WIDTH_OF_10_PERCENT	WIDTH_OF_20_PERCENT	WIDTH_OF_30_PERCENT	WIDTH_OF_40_PERCENT	WIDTH_OF_50_PERCENT	WIDTH_OF_60_PERCENT	WIDTH_OF_70_PERCENT	WIDTH_OF_80_PERCENT	WIDTH_OF_90_PERCENT	WIDTH_OF_95_PERCENT	WIDTH_OF_99_PERCENT	SAMPLE	LIBRARY	READ_GROUP
166	166	11	82	249	164.447611	19.735369	38793566	FR	5	9	13	17	23	29	39	49	67	85	119			

## HISTOGRAM	java.lang.Integer
insert_size	All_Reads.fr_count
82	2000
83	2285
84	2728
85	2454
86	3130
87	2578
88	2950
89	3295
90	3330
91	3280
92	3510
93	3637
94	3821
95	4019
96	4184
97	3495
98	4490
99	13200
100	15019
101	16140
102	17267
103	17734
104	18608
105	18671
106	19859
107	22177
108	24522
109	28435
110	36171
111	41798
112	44391
113	40876
114	38119
115	38644
116	41151
117	45088
118	50732
119	59706
120	75655
121	97950
122	116157
123	114095
124	92627
125	76207
126	72330
127	77095
128	85181
129	97197
130	117978
131	148603
132	193972
133	240679
134	250067
135	222011
136	196021
137	201653
138	233847
139	289294
140	357066
141	410065
142	427613
143	427079
144	430150
145	434965
146	428801
147	429957
148	440177
149	466276
150	496138
151	535179
152	568662
153	566596
154	542899
155	537070
156	561877
157	610239
158	669066
159	733620
160	783741
161	818693
162	853288
163	919853
164	1024085
165	1114989
166	1150641
167	1143491
168	1109472
169	1061211
170	998566
171	932503
172	879463
173	843312
174	817533
175	795712
176	761552
177	714078
178	657051
179	598257
180	540234
181	489530
182	442466
183	404797
184	373952
185	350089
186	329344
187	310393
188	292174
189	269893
190	247149
191	223788
192	203380
193	184711
194	168516
195	156864
196	146031
197	138195
198	129506
199	123188
200	115475
201	106344
202	98073
203	89814
204	82663
205	75523
206	70011
207	65759
208	61593
209	58129
210	54629
211	51018
212	46767
213	43137
214	38801
215	35712
216	32936
217	30423
218	28350
219	26338
220	25039
221	22998
222	21578
223	19581
224	18230
225	16614
226	15073
227	14161
228	12954
229	12291
230	11849
231	10992
232	10318
233	9517
234	8749
235	8210
236	7562
237	7195
238	6704
239	6509
240	6521
241	6245
242	6748
243	5509
244	4763
245	4583
246	3997
247	100
248	97
249	85

