## htsjdk.samtools.metrics.StringHeader
# CollectInsertSizeMetrics  --Histogram_FILE pandisease.epifluidlab.cchmc.org/results/20200420-week-17/jhu-cfdna-frag/picard_metrics/EGAR00002027865.hg19.insert_size.pdf --INPUT pandisease.epifluidlab.cchmc.org/results/20200420-week-17/jhu-cfdna-frag/filtered_bam/EGAR00002027865.hg19.filtered.bam --OUTPUT pandisease.epifluidlab.cchmc.org/results/20200420-week-17/jhu-cfdna-frag/picard_metrics/EGAR00002027865.hg19.insert_size.txt  --DEVIATIONS 10.0 --MINIMUM_PCT 0.05 --METRIC_ACCUMULATION_LEVEL ALL_READS --INCLUDE_DUPLICATES false --ASSUME_SORTED true --STOP_AFTER 0 --VERBOSITY INFO --QUIET false --VALIDATION_STRINGENCY STRICT --COMPRESSION_LEVEL 5 --MAX_RECORDS_IN_RAM 500000 --CREATE_INDEX false --CREATE_MD5_FILE false --GA4GH_CLIENT_SECRETS client_secrets.json --help false --version false --showHidden false --USE_JDK_DEFLATER false --USE_JDK_INFLATER false
## htsjdk.samtools.metrics.StringHeader
# Started on: Sun May 03 15:03:59 UTC 2020

## METRICS CLASS	picard.analysis.InsertSizeMetrics
MEDIAN_INSERT_SIZE	MODE_INSERT_SIZE	MEDIAN_ABSOLUTE_DEVIATION	MIN_INSERT_SIZE	MAX_INSERT_SIZE	MEAN_INSERT_SIZE	STANDARD_DEVIATION	READ_PAIRS	PAIR_ORIENTATION	WIDTH_OF_10_PERCENT	WIDTH_OF_20_PERCENT	WIDTH_OF_30_PERCENT	WIDTH_OF_40_PERCENT	WIDTH_OF_50_PERCENT	WIDTH_OF_60_PERCENT	WIDTH_OF_70_PERCENT	WIDTH_OF_80_PERCENT	WIDTH_OF_90_PERCENT	WIDTH_OF_95_PERCENT	WIDTH_OF_99_PERCENT	SAMPLE	LIBRARY	READ_GROUP
164	166	12	70	254	162.222071	20.800056	39107845	FR	5	9	13	19	25	31	41	51	69	89	123			

## HISTOGRAM	java.lang.Integer
insert_size	All_Reads.fr_count
70	165
71	124
72	151
73	721
74	1922
75	1551
76	1563
77	1990
78	2288
79	2351
80	2288
81	2182
82	2097
83	2617
84	3145
85	2921
86	3007
87	2632
88	3066
89	3144
90	3772
91	3868
92	3471
93	3654
94	3981
95	4145
96	4243
97	4000
98	4685
99	21592
100	25149
101	28539
102	30749
103	32398
104	32498
105	32896
106	34684
107	38202
108	42410
109	48933
110	59273
111	67651
112	69239
113	64368
114	61109
115	63181
116	67583
117	73183
118	80404
119	91233
120	108746
121	136978
122	156054
123	152158
124	126548
125	108574
126	106873
127	114530
128	124708
129	137006
130	159435
131	195539
132	249383
133	299303
134	309156
135	277163
136	248529
137	255525
138	290066
139	344156
140	406555
141	454378
142	467890
143	463986
144	465607
145	470920
146	465952
147	466107
148	481146
149	505201
150	531831
151	564988
152	589938
153	584475
154	557553
155	548423
156	565775
157	608291
158	663229
159	723886
160	768024
161	794968
162	828900
163	890127
164	987072
165	1073069
166	1096467
167	1083809
168	1047828
169	998883
170	940328
171	875129
172	820646
173	785111
174	762375
175	742549
176	713231
177	667648
178	613504
179	555986
180	500419
181	449827
182	408921
183	372387
184	344584
185	322301
186	305728
187	287854
188	270209
189	249751
190	228925
191	207550
192	187254
193	169874
194	155190
195	143549
196	134209
197	125137
198	118728
199	111372
200	102717
201	95161
202	86819
203	78704
204	72451
205	65727
206	61219
207	56859
208	53214
209	49938
210	47069
211	43313
212	40209
213	36601
214	33377
215	30410
216	28099
217	25998
218	24352
219	22615
220	21070
221	20111
222	18589
223	16936
224	15411
225	14306
226	12776
227	12173
228	11483
229	10732
230	10325
231	9618
232	8875
233	8125
234	7807
235	7061
236	6777
237	6446
238	5965
239	5914
240	5647
241	5602
242	5247
243	5076
244	4722
245	4688
246	4364
247	4478
248	4355
249	3777
250	3479
251	3240
252	315
253	279
254	222

