## htsjdk.samtools.metrics.StringHeader
# CollectInsertSizeMetrics  --Histogram_FILE pandisease.epifluidlab.cchmc.org/results/20200420-week-17/jhu-cfdna-frag/picard_metrics/EGAR00002027853.hg19.insert_size.pdf --INPUT pandisease.epifluidlab.cchmc.org/results/20200420-week-17/jhu-cfdna-frag/filtered_bam/EGAR00002027853.hg19.filtered.bam --OUTPUT pandisease.epifluidlab.cchmc.org/results/20200420-week-17/jhu-cfdna-frag/picard_metrics/EGAR00002027853.hg19.insert_size.txt  --DEVIATIONS 10.0 --MINIMUM_PCT 0.05 --METRIC_ACCUMULATION_LEVEL ALL_READS --INCLUDE_DUPLICATES false --ASSUME_SORTED true --STOP_AFTER 0 --VERBOSITY INFO --QUIET false --VALIDATION_STRINGENCY STRICT --COMPRESSION_LEVEL 5 --MAX_RECORDS_IN_RAM 500000 --CREATE_INDEX false --CREATE_MD5_FILE false --GA4GH_CLIENT_SECRETS client_secrets.json --help false --version false --showHidden false --USE_JDK_DEFLATER false --USE_JDK_INFLATER false
## htsjdk.samtools.metrics.StringHeader
# Started on: Sun May 03 15:37:42 UTC 2020

## METRICS CLASS	picard.analysis.InsertSizeMetrics
MEDIAN_INSERT_SIZE	MODE_INSERT_SIZE	MEDIAN_ABSOLUTE_DEVIATION	MIN_INSERT_SIZE	MAX_INSERT_SIZE	MEAN_INSERT_SIZE	STANDARD_DEVIATION	READ_PAIRS	PAIR_ORIENTATION	WIDTH_OF_10_PERCENT	WIDTH_OF_20_PERCENT	WIDTH_OF_30_PERCENT	WIDTH_OF_40_PERCENT	WIDTH_OF_50_PERCENT	WIDTH_OF_60_PERCENT	WIDTH_OF_70_PERCENT	WIDTH_OF_80_PERCENT	WIDTH_OF_90_PERCENT	WIDTH_OF_95_PERCENT	WIDTH_OF_99_PERCENT	SAMPLE	LIBRARY	READ_GROUP
168	167	11	85	249	167.441584	20.00826	30928847	FR	5	9	13	17	23	31	39	49	67	85	121			

## HISTOGRAM	java.lang.Integer
insert_size	All_Reads.fr_count
85	1572
86	1856
87	1519
88	1909
89	2462
90	2478
91	2356
92	2137
93	2202
94	2460
95	3054
96	3178
97	2655
98	2783
99	8253
100	8921
101	10335
102	10703
103	11307
104	11425
105	11367
106	11964
107	13882
108	15674
109	18065
110	22011
111	24673
112	25808
113	24073
114	23284
115	23995
116	25451
117	27974
118	31624
119	36675
120	44847
121	56963
122	67272
123	67601
124	56132
125	46431
126	45664
127	48862
128	54497
129	62298
130	73727
131	92773
132	120503
133	149703
134	156625
135	140023
136	125378
137	130057
138	152077
139	188934
140	231015
141	266066
142	278681
143	279346
144	283832
145	289265
146	290489
147	295256
148	308982
149	330039
150	354763
151	382481
152	408702
153	409372
154	393396
155	391470
156	408020
157	443270
158	492624
159	546289
160	587103
161	615047
162	640733
163	689044
164	765915
165	838261
166	872170
167	876005
168	862501
169	838435
170	799455
171	757051
172	718737
173	699731
174	689196
175	681080
176	665149
177	635979
178	592947
179	545160
180	500333
181	457709
182	419216
183	388396
184	362884
185	343825
186	326331
187	311138
188	294535
189	275695
190	253871
191	232850
192	211993
193	193667
194	178419
195	165383
196	155009
197	147662
198	138762
199	132589
200	123955
201	115110
202	105890
203	96207
204	89134
205	81864
206	76221
207	71661
208	67259
209	63161
210	59555
211	55203
212	51660
213	47269
214	43308
215	40007
216	36201
217	34280
218	31690
219	29893
220	28157
221	26480
222	24228
223	22332
224	20266
225	18714
226	17228
227	16029
228	15267
229	14411
230	13395
231	12298
232	11578
233	10942
234	10084
235	9431
236	8490
237	7999
238	7699
239	7275
240	7111
241	6853
242	6382
243	6106
244	5687
245	6011
246	4938
247	3632
248	3400
249	3120

