## htsjdk.samtools.metrics.StringHeader
# CollectInsertSizeMetrics  --Histogram_FILE pandisease.epifluidlab.cchmc.org/results/20200420-week-17/jhu-cfdna-frag/picard_metrics/EGAR00002027908.hg19.insert_size.pdf --INPUT pandisease.epifluidlab.cchmc.org/results/20200420-week-17/jhu-cfdna-frag/filtered_bam/EGAR00002027908.hg19.filtered.bam --OUTPUT pandisease.epifluidlab.cchmc.org/results/20200420-week-17/jhu-cfdna-frag/picard_metrics/EGAR00002027908.hg19.insert_size.txt  --DEVIATIONS 10.0 --MINIMUM_PCT 0.05 --METRIC_ACCUMULATION_LEVEL ALL_READS --INCLUDE_DUPLICATES false --ASSUME_SORTED true --STOP_AFTER 0 --VERBOSITY INFO --QUIET false --VALIDATION_STRINGENCY STRICT --COMPRESSION_LEVEL 5 --MAX_RECORDS_IN_RAM 500000 --CREATE_INDEX false --CREATE_MD5_FILE false --GA4GH_CLIENT_SECRETS client_secrets.json --help false --version false --showHidden false --USE_JDK_DEFLATER false --USE_JDK_INFLATER false
## htsjdk.samtools.metrics.StringHeader
# Started on: Sun May 03 15:45:34 UTC 2020

## METRICS CLASS	picard.analysis.InsertSizeMetrics
MEDIAN_INSERT_SIZE	MODE_INSERT_SIZE	MEDIAN_ABSOLUTE_DEVIATION	MIN_INSERT_SIZE	MAX_INSERT_SIZE	MEAN_INSERT_SIZE	STANDARD_DEVIATION	READ_PAIRS	PAIR_ORIENTATION	WIDTH_OF_10_PERCENT	WIDTH_OF_20_PERCENT	WIDTH_OF_30_PERCENT	WIDTH_OF_40_PERCENT	WIDTH_OF_50_PERCENT	WIDTH_OF_60_PERCENT	WIDTH_OF_70_PERCENT	WIDTH_OF_80_PERCENT	WIDTH_OF_90_PERCENT	WIDTH_OF_95_PERCENT	WIDTH_OF_99_PERCENT	SAMPLE	LIBRARY	READ_GROUP
166	166	11	82	247	165.280193	19.395883	31551655	FR	5	7	13	17	23	29	37	47	65	85	119			

## HISTOGRAM	java.lang.Integer
insert_size	All_Reads.fr_count
82	1
86	2
87	1480
88	1731
89	2023
90	2474
91	2456
92	2174
93	2263
94	2578
95	2780
96	3235
97	2800
98	3050
99	10725
100	12091
101	13819
102	14355
103	15140
104	15039
105	14915
106	16221
107	18074
108	20711
109	23933
110	28543
111	31478
112	32662
113	29620
114	28194
115	29411
116	31539
117	34968
118	39035
119	44478
120	53935
121	67986
122	79103
123	77733
124	64015
125	53635
126	51990
127	55495
128	61538
129	69951
130	83657
131	104857
132	136274
133	167905
134	174698
135	157463
136	143024
137	150311
138	177392
139	218272
140	264147
141	299035
142	310604
143	310159
144	314811
145	319980
146	322118
147	327871
148	344110
149	366432
150	391912
151	419549
152	445242
153	444934
154	429263
155	431227
156	455818
157	499634
158	555525
159	609576
160	650040
161	678820
162	712746
163	773671
164	868662
165	949555
166	979258
167	969552
168	934904
169	892230
170	838611
171	784800
172	735421
173	706041
174	685650
175	666178
176	636958
177	596404
178	548168
179	497060
180	448624
181	406551
182	366677
183	336313
184	310333
185	290938
186	274085
187	257384
188	241597
189	224656
190	205780
191	187272
192	169447
193	153955
194	141510
195	130829
196	122046
197	115525
198	109417
199	103151
200	97260
201	90385
202	83090
203	76703
204	70383
205	64290
206	60346
207	56362
208	53372
209	50292
210	47390
211	44211
212	40956
213	37681
214	34395
215	31678
216	29395
217	27142
218	25391
219	23720
220	22494
221	21006
222	19356
223	17945
224	16545
225	15026
226	13816
227	12623
228	12126
229	11371
230	10813
231	10235
232	9442
233	8706
234	8025
235	7544
236	7101
237	6761
238	6329
239	6240
240	6421
241	4016
242	3370
243	2979
244	587
245	135
246	111
247	92

