## htsjdk.samtools.metrics.StringHeader
# CollectInsertSizeMetrics  --Histogram_FILE pandisease.epifluidlab.cchmc.org/results/20200420-week-17/jhu-cfdna-frag/picard_metrics/EGAR00002027869.hg19.insert_size.pdf --INPUT pandisease.epifluidlab.cchmc.org/results/20200420-week-17/jhu-cfdna-frag/filtered_bam/EGAR00002027869.hg19.filtered.bam --OUTPUT pandisease.epifluidlab.cchmc.org/results/20200420-week-17/jhu-cfdna-frag/picard_metrics/EGAR00002027869.hg19.insert_size.txt  --DEVIATIONS 10.0 --MINIMUM_PCT 0.05 --METRIC_ACCUMULATION_LEVEL ALL_READS --INCLUDE_DUPLICATES false --ASSUME_SORTED true --STOP_AFTER 0 --VERBOSITY INFO --QUIET false --VALIDATION_STRINGENCY STRICT --COMPRESSION_LEVEL 5 --MAX_RECORDS_IN_RAM 500000 --CREATE_INDEX false --CREATE_MD5_FILE false --GA4GH_CLIENT_SECRETS client_secrets.json --help false --version false --showHidden false --USE_JDK_DEFLATER false --USE_JDK_INFLATER false
## htsjdk.samtools.metrics.StringHeader
# Started on: Sun May 03 13:03:58 UTC 2020

## METRICS CLASS	picard.analysis.InsertSizeMetrics
MEDIAN_INSERT_SIZE	MODE_INSERT_SIZE	MEDIAN_ABSOLUTE_DEVIATION	MIN_INSERT_SIZE	MAX_INSERT_SIZE	MEAN_INSERT_SIZE	STANDARD_DEVIATION	READ_PAIRS	PAIR_ORIENTATION	WIDTH_OF_10_PERCENT	WIDTH_OF_20_PERCENT	WIDTH_OF_30_PERCENT	WIDTH_OF_40_PERCENT	WIDTH_OF_50_PERCENT	WIDTH_OF_60_PERCENT	WIDTH_OF_70_PERCENT	WIDTH_OF_80_PERCENT	WIDTH_OF_90_PERCENT	WIDTH_OF_95_PERCENT	WIDTH_OF_99_PERCENT	SAMPLE	LIBRARY	READ_GROUP
166	166	11	79	251	165.121057	20.388852	41838140	FR	5	9	13	17	23	31	39	51	67	87	125			

## HISTOGRAM	java.lang.Integer
insert_size	All_Reads.fr_count
79	1618
80	1841
81	1711
82	1984
83	2376
84	2694
85	2714
86	2983
87	2557
88	2882
89	3273
90	3204
91	3880
92	3519
93	3596
94	3815
95	3917
96	4418
97	4103
98	4497
99	14036
100	16097
101	17370
102	18649
103	19277
104	19952
105	19946
106	20884
107	23461
108	25673
109	30300
110	36692
111	42046
112	43498
113	40244
114	37459
115	38400
116	40751
117	44759
118	50137
119	58014
120	72826
121	94286
122	110469
123	108451
124	88957
125	73658
126	72356
127	78224
128	87719
129	101213
130	124258
131	158690
132	208979
133	257337
134	266682
135	236579
136	211028
137	221324
138	260278
139	318494
140	389141
141	443264
142	461725
143	454977
144	456564
145	457031
146	450996
147	451320
148	468736
149	498521
150	535213
151	579570
152	618435
153	614632
154	586689
155	578360
156	605239
157	657949
158	728810
159	802742
160	862424
161	897508
162	936750
163	1008565
164	1115138
165	1208031
166	1233979
167	1215380
168	1175598
169	1119631
170	1050863
171	979482
172	913612
173	869731
174	839181
175	809376
176	771682
177	724994
178	670171
179	614013
180	560658
181	509409
182	463587
183	426268
184	393884
185	371117
186	350692
187	333265
188	315990
189	297659
190	277007
191	255243
192	233813
193	215772
194	198206
195	184226
196	172826
197	164518
198	157330
199	150108
200	142886
201	134208
202	124223
203	114763
204	106548
205	98007
206	90981
207	85104
208	81169
209	77091
210	73414
211	69229
212	64050
213	59458
214	54703
215	50047
216	46466
217	43465
218	40373
219	38623
220	36490
221	34121
222	31831
223	29587
224	27624
225	24886
226	23233
227	21439
228	20075
229	19134
230	18176
231	16987
232	16055
233	15189
234	13823
235	12815
236	11937
237	11376
238	10629
239	10400
240	10184
241	9610
242	9234
243	8720
244	8068
245	7809
246	8045
247	6880
248	3366
249	3452
250	3290
251	231

