## htsjdk.samtools.metrics.StringHeader
# CollectInsertSizeMetrics  --Histogram_FILE pandisease.epifluidlab.cchmc.org/results/20200420-week-17/jhu-cfdna-frag/picard_metrics/EGAR00002027903.hg19.insert_size.pdf --INPUT pandisease.epifluidlab.cchmc.org/results/20200420-week-17/jhu-cfdna-frag/filtered_bam/EGAR00002027903.hg19.filtered.bam --OUTPUT pandisease.epifluidlab.cchmc.org/results/20200420-week-17/jhu-cfdna-frag/picard_metrics/EGAR00002027903.hg19.insert_size.txt  --DEVIATIONS 10.0 --MINIMUM_PCT 0.05 --METRIC_ACCUMULATION_LEVEL ALL_READS --INCLUDE_DUPLICATES false --ASSUME_SORTED true --STOP_AFTER 0 --VERBOSITY INFO --QUIET false --VALIDATION_STRINGENCY STRICT --COMPRESSION_LEVEL 5 --MAX_RECORDS_IN_RAM 500000 --CREATE_INDEX false --CREATE_MD5_FILE false --GA4GH_CLIENT_SECRETS client_secrets.json --help false --version false --showHidden false --USE_JDK_DEFLATER false --USE_JDK_INFLATER false
## htsjdk.samtools.metrics.StringHeader
# Started on: Sun May 03 03:01:31 UTC 2020

## METRICS CLASS	picard.analysis.InsertSizeMetrics
MEDIAN_INSERT_SIZE	MODE_INSERT_SIZE	MEDIAN_ABSOLUTE_DEVIATION	MIN_INSERT_SIZE	MAX_INSERT_SIZE	MEAN_INSERT_SIZE	STANDARD_DEVIATION	READ_PAIRS	PAIR_ORIENTATION	WIDTH_OF_10_PERCENT	WIDTH_OF_20_PERCENT	WIDTH_OF_30_PERCENT	WIDTH_OF_40_PERCENT	WIDTH_OF_50_PERCENT	WIDTH_OF_60_PERCENT	WIDTH_OF_70_PERCENT	WIDTH_OF_80_PERCENT	WIDTH_OF_90_PERCENT	WIDTH_OF_95_PERCENT	WIDTH_OF_99_PERCENT	SAMPLE	LIBRARY	READ_GROUP
167	167	11	88	249	167.320504	19.698781	51144841	FR	5	9	13	17	23	29	37	49	67	85	121			

## HISTOGRAM	java.lang.Integer
insert_size	All_Reads.fr_count
88	167
89	3199
90	3117
91	2989
92	3300
93	3597
94	3920
95	4094
96	4244
97	3532
98	4484
99	14309
100	15970
101	17335
102	17778
103	18404
104	19336
105	19264
106	20387
107	22736
108	25243
109	29326
110	35490
111	39769
112	40599
113	37410
114	35132
115	35118
116	37872
117	42698
118	47823
119	55781
120	69192
121	91194
122	108413
123	106367
124	85736
125	69323
126	66126
127	70644
128	79443
129	91541
130	112238
131	147109
132	197005
133	247191
134	258369
135	227377
136	199323
137	206640
138	246415
139	310377
140	387277
141	448049
142	465927
143	461811
144	464561
145	470261
146	469321
147	474271
148	499280
149	538012
150	587735
151	645289
152	696152
153	696314
154	666014
155	660724
156	695454
157	767240
158	859701
159	953218
160	1023568
161	1062963
162	1104184
163	1189040
164	1320743
165	1445643
166	1501654
167	1503536
168	1469708
169	1413221
170	1334662
171	1249545
172	1179696
173	1141081
174	1115865
175	1097700
176	1067775
177	1018801
178	952395
179	882044
180	807144
181	736424
182	673907
183	621862
184	580219
185	546668
186	521829
187	498872
188	470990
189	443204
190	409367
191	374165
192	340579
193	311560
194	285485
195	264534
196	247281
197	234755
198	223746
199	212360
200	200232
201	186308
202	171518
203	156881
204	144026
205	132399
206	122895
207	114937
208	108759
209	102210
210	96529
211	90127
212	83985
213	76644
214	70061
215	64553
216	59151
217	54858
218	51456
219	48496
220	45511
221	42346
222	39035
223	36308
224	33428
225	30491
226	27892
227	25779
228	23854
229	22743
230	21792
231	20287
232	19019
233	17399
234	16140
235	15019
236	14195
237	13211
238	12582
239	12039
240	11778
241	11294
242	11639
243	9856
244	8197
245	8036
246	7550
247	3968
248	4074
249	3522

