## htsjdk.samtools.metrics.StringHeader
# CollectInsertSizeMetrics  --Histogram_FILE pandisease.epifluidlab.cchmc.org/results/20200420-week-17/jhu-cfdna-frag/picard_metrics/EGAR00002027804.hg19.insert_size.pdf --INPUT pandisease.epifluidlab.cchmc.org/results/20200420-week-17/jhu-cfdna-frag/filtered_bam/EGAR00002027804.hg19.filtered.bam --OUTPUT pandisease.epifluidlab.cchmc.org/results/20200420-week-17/jhu-cfdna-frag/picard_metrics/EGAR00002027804.hg19.insert_size.txt  --DEVIATIONS 10.0 --MINIMUM_PCT 0.05 --METRIC_ACCUMULATION_LEVEL ALL_READS --INCLUDE_DUPLICATES false --ASSUME_SORTED true --STOP_AFTER 0 --VERBOSITY INFO --QUIET false --VALIDATION_STRINGENCY STRICT --COMPRESSION_LEVEL 5 --MAX_RECORDS_IN_RAM 500000 --CREATE_INDEX false --CREATE_MD5_FILE false --GA4GH_CLIENT_SECRETS client_secrets.json --help false --version false --showHidden false --USE_JDK_DEFLATER false --USE_JDK_INFLATER false
## htsjdk.samtools.metrics.StringHeader
# Started on: Sun May 03 01:37:45 UTC 2020

## METRICS CLASS	picard.analysis.InsertSizeMetrics
MEDIAN_INSERT_SIZE	MODE_INSERT_SIZE	MEDIAN_ABSOLUTE_DEVIATION	MIN_INSERT_SIZE	MAX_INSERT_SIZE	MEAN_INSERT_SIZE	STANDARD_DEVIATION	READ_PAIRS	PAIR_ORIENTATION	WIDTH_OF_10_PERCENT	WIDTH_OF_20_PERCENT	WIDTH_OF_30_PERCENT	WIDTH_OF_40_PERCENT	WIDTH_OF_50_PERCENT	WIDTH_OF_60_PERCENT	WIDTH_OF_70_PERCENT	WIDTH_OF_80_PERCENT	WIDTH_OF_90_PERCENT	WIDTH_OF_95_PERCENT	WIDTH_OF_99_PERCENT	SAMPLE	LIBRARY	READ_GROUP
159	166	16	38	284	161.261631	29.78976	53059136	FR	7	15	21	27	33	41	51	63	91	129	213			

## HISTOGRAM	java.lang.Integer
insert_size	All_Reads.fr_count
38	1
39	5
40	3
41	6
42	24
43	20
44	85
45	96
46	115
47	146
48	2407
49	2844
50	2152
51	2245
52	2497
53	2505
54	2834
55	2716
56	2343
57	2304
58	2864
59	3504
60	3684
61	3032
62	3037
63	3189
64	3550
65	3532
66	4251
67	3778
68	4273
69	5221
70	5171
71	4309
72	4197
73	5046
74	6437
75	5849
76	5536
77	5886
78	5990
79	6538
80	6443
81	6711
82	6853
83	7809
84	8410
85	7807
86	8163
87	7284
88	7825
89	8694
90	9335
91	10500
92	10006
93	10605
94	11226
95	12116
96	11374
97	10807
98	11477
99	40903
100	47026
101	54711
102	58520
103	59391
104	60729
105	61800
106	65374
107	71467
108	78608
109	85954
110	101953
111	117482
112	121794
113	114605
114	114965
115	122487
116	133056
117	144914
118	156546
119	172911
120	202958
121	247806
122	283354
123	289780
124	281467
125	284237
126	306119
127	335488
128	359571
129	384558
130	425868
131	490346
132	571620
133	634585
134	643491
135	601210
136	559003
137	544890
138	562510
139	600169
140	648155
141	711040
142	775515
143	848539
144	913674
145	947985
146	940657
147	904243
148	863108
149	833140
150	804255
151	783972
152	774235
153	756170
154	735365
155	722123
156	725279
157	744888
158	776531
159	806330
160	824689
161	828221
162	838332
163	868716
164	934144
165	994507
166	1015558
167	999051
168	970189
169	934218
170	884437
171	827252
172	777175
173	744617
174	726603
175	711022
176	684325
177	645112
178	597561
179	551549
180	506270
181	458049
182	414424
183	378514
184	349332
185	329507
186	313099
187	298686
188	285376
189	270516
190	254154
191	233328
192	212716
193	193230
194	175804
195	163439
196	154624
197	149259
198	145487
199	142865
200	138721
201	132737
202	122976
203	112301
204	103207
205	94835
206	89663
207	87016
208	86742
209	88083
210	88656
211	87719
212	82282
213	75365
214	68515
215	63178
216	59733
217	57470
218	57791
219	59603
220	61724
221	63074
222	62058
223	57735
224	53497
225	48768
226	45746
227	44923
228	44811
229	46697
230	48253
231	49504
232	49132
233	48218
234	45820
235	42937
236	41316
237	40910
238	41088
239	42120
240	44386
241	45847
242	46623
243	45412
244	43646
245	42368
246	41065
247	40837
248	41022
249	41747
250	43227
251	44803
252	46076
253	45941
254	44974
255	43889
256	42569
257	41801
258	41521
259	41775
260	42282
261	42819
262	43791
263	44940
264	47634
265	42087
266	38109
267	37077
268	36374
269	36025
270	36132
271	36348
272	36778
273	36996
274	36677
275	36882
276	36616
277	31623
278	18835
279	19339
280	16058
281	3040
282	1938
283	1951
284	1278

