## htsjdk.samtools.metrics.StringHeader
# CollectInsertSizeMetrics  --Histogram_FILE pandisease.epifluidlab.cchmc.org/results/20200420-week-17/jhu-cfdna-frag/picard_metrics/EGAR00002027842.hg19.insert_size.pdf --INPUT pandisease.epifluidlab.cchmc.org/results/20200420-week-17/jhu-cfdna-frag/filtered_bam/EGAR00002027842.hg19.filtered.bam --OUTPUT pandisease.epifluidlab.cchmc.org/results/20200420-week-17/jhu-cfdna-frag/picard_metrics/EGAR00002027842.hg19.insert_size.txt  --DEVIATIONS 10.0 --MINIMUM_PCT 0.05 --METRIC_ACCUMULATION_LEVEL ALL_READS --INCLUDE_DUPLICATES false --ASSUME_SORTED true --STOP_AFTER 0 --VERBOSITY INFO --QUIET false --VALIDATION_STRINGENCY STRICT --COMPRESSION_LEVEL 5 --MAX_RECORDS_IN_RAM 500000 --CREATE_INDEX false --CREATE_MD5_FILE false --GA4GH_CLIENT_SECRETS client_secrets.json --help false --version false --showHidden false --USE_JDK_DEFLATER false --USE_JDK_INFLATER false
## htsjdk.samtools.metrics.StringHeader
# Started on: Sun May 03 02:51:52 UTC 2020

## METRICS CLASS	picard.analysis.InsertSizeMetrics
MEDIAN_INSERT_SIZE	MODE_INSERT_SIZE	MEDIAN_ABSOLUTE_DEVIATION	MIN_INSERT_SIZE	MAX_INSERT_SIZE	MEAN_INSERT_SIZE	STANDARD_DEVIATION	READ_PAIRS	PAIR_ORIENTATION	WIDTH_OF_10_PERCENT	WIDTH_OF_20_PERCENT	WIDTH_OF_30_PERCENT	WIDTH_OF_40_PERCENT	WIDTH_OF_50_PERCENT	WIDTH_OF_60_PERCENT	WIDTH_OF_70_PERCENT	WIDTH_OF_80_PERCENT	WIDTH_OF_90_PERCENT	WIDTH_OF_95_PERCENT	WIDTH_OF_99_PERCENT	SAMPLE	LIBRARY	READ_GROUP
167	166	12	73	262	166.119238	21.287987	59659878	FR	5	9	13	19	25	33	41	53	71	91	129			

## HISTOGRAM	java.lang.Integer
insert_size	All_Reads.fr_count
73	5
74	1
75	6
76	6
77	483
78	694
79	656
80	2873
81	2901
82	3290
83	3720
84	4311
85	3766
86	3846
87	3462
88	4466
89	4964
90	4937
91	5121
92	4511
93	4874
94	5208
95	6076
96	6423
97	5464
98	5915
99	28714
100	33912
101	37664
102	39956
103	40139
104	38882
105	37464
106	38925
107	43406
108	48400
109	57314
110	70680
111	80573
112	80661
113	71034
114	63880
115	63757
116	66283
117	72127
118	82057
119	96527
120	124141
121	163407
122	193199
123	184268
124	143198
125	110508
126	101836
127	107860
128	118470
129	136799
130	169502
131	219474
132	292318
133	359505
134	367747
135	315976
136	273962
137	279868
138	329325
139	410473
140	514372
141	591883
142	613345
143	602308
144	602253
145	604570
146	593095
147	590493
148	610518
149	650998
150	700754
151	764740
152	817148
153	812685
154	772616
155	761509
156	794810
157	861825
158	953303
159	1050832
160	1128500
161	1173673
162	1214301
163	1293008
164	1425093
165	1543088
166	1591075
167	1588649
168	1566838
169	1521923
170	1456670
171	1375510
172	1301870
173	1263126
174	1234540
175	1219016
176	1191600
177	1140848
178	1072095
179	995826
180	921346
181	842972
182	773440
183	714455
184	668567
185	631953
186	605736
187	579554
188	551053
189	517486
190	479111
191	437082
192	398156
193	363558
194	333152
195	309721
196	289185
197	275358
198	262376
199	247665
200	231992
201	215862
202	197605
203	181257
204	165679
205	152459
206	142704
207	133391
208	125312
209	118800
210	111284
211	103680
212	96091
213	88394
214	79877
215	73743
216	67498
217	63170
218	58664
219	55129
220	51755
221	49078
222	45226
223	41783
224	38407
225	34788
226	31983
227	29913
228	27882
229	26548
230	25369
231	23958
232	22426
233	20503
234	19211
235	17673
236	16447
237	15514
238	14852
239	14479
240	14009
241	13476
242	13197
243	12660
244	12098
245	11525
246	10675
247	11692
248	9941
249	8512
250	8601
251	8464
252	8457
253	8064
254	7743
255	8071
256	7375
257	3115
258	3164
259	2887
260	111
261	134
262	119

