## htsjdk.samtools.metrics.StringHeader
# CollectInsertSizeMetrics  --Histogram_FILE pandisease.epifluidlab.cchmc.org/results/20200420-week-17/jhu-cfdna-frag/picard_metrics/EGAR00002027797.hg19.insert_size.pdf --INPUT pandisease.epifluidlab.cchmc.org/results/20200420-week-17/jhu-cfdna-frag/filtered_bam/EGAR00002027797.hg19.filtered.bam --OUTPUT pandisease.epifluidlab.cchmc.org/results/20200420-week-17/jhu-cfdna-frag/picard_metrics/EGAR00002027797.hg19.insert_size.txt  --DEVIATIONS 10.0 --MINIMUM_PCT 0.05 --METRIC_ACCUMULATION_LEVEL ALL_READS --INCLUDE_DUPLICATES false --ASSUME_SORTED true --STOP_AFTER 0 --VERBOSITY INFO --QUIET false --VALIDATION_STRINGENCY STRICT --COMPRESSION_LEVEL 5 --MAX_RECORDS_IN_RAM 500000 --CREATE_INDEX false --CREATE_MD5_FILE false --GA4GH_CLIENT_SECRETS client_secrets.json --help false --version false --showHidden false --USE_JDK_DEFLATER false --USE_JDK_INFLATER false
## htsjdk.samtools.metrics.StringHeader
# Started on: Sun May 03 15:15:18 UTC 2020

## METRICS CLASS	picard.analysis.InsertSizeMetrics
MEDIAN_INSERT_SIZE	MODE_INSERT_SIZE	MEDIAN_ABSOLUTE_DEVIATION	MIN_INSERT_SIZE	MAX_INSERT_SIZE	MEAN_INSERT_SIZE	STANDARD_DEVIATION	READ_PAIRS	PAIR_ORIENTATION	WIDTH_OF_10_PERCENT	WIDTH_OF_20_PERCENT	WIDTH_OF_30_PERCENT	WIDTH_OF_40_PERCENT	WIDTH_OF_50_PERCENT	WIDTH_OF_60_PERCENT	WIDTH_OF_70_PERCENT	WIDTH_OF_80_PERCENT	WIDTH_OF_90_PERCENT	WIDTH_OF_95_PERCENT	WIDTH_OF_99_PERCENT	SAMPLE	LIBRARY	READ_GROUP
159	165	10	80	235	157.200427	17.382725	49803609	FR	5	9	13	17	21	27	33	41	57	75	107			

## HISTOGRAM	java.lang.Integer
insert_size	All_Reads.fr_count
80	2339
81	2305
82	2800
83	3062
84	3535
85	3305
86	3882
87	3649
88	4084
89	4479
90	4479
91	4795
92	5185
93	5360
94	5553
95	5853
96	6224
97	5985
98	6522
99	22841
100	26663
101	30137
102	32920
103	34383
104	34119
105	33724
106	36001
107	39919
108	44479
109	51178
110	62865
111	72368
112	76205
113	71399
114	67552
115	68995
116	74757
117	83167
118	93829
119	108322
120	135386
121	175490
122	208569
123	206638
124	171407
125	146217
126	146125
127	160429
128	177015
129	199612
130	236272
131	293626
132	372510
133	445480
134	458826
135	419181
136	397348
137	428817
138	507281
139	600457
140	691906
141	770011
142	813806
143	825555
144	831367
145	826884
146	806536
147	801260
148	817211
149	839662
150	860574
151	893516
152	928683
153	931224
154	922194
155	929412
156	968924
157	1033519
158	1110024
159	1182210
160	1243601
161	1296841
162	1364564
163	1470466
164	1600387
165	1668386
166	1623827
167	1508489
168	1381806
169	1249855
170	1117989
171	995089
172	886828
173	802838
174	729155
175	663636
176	594747
177	523756
178	455773
179	394436
180	341940
181	295749
182	257297
183	228279
184	203252
185	182385
186	164984
187	147756
188	133068
189	118932
190	105873
191	94259
192	84482
193	75489
194	68117
195	62259
196	57453
197	53382
198	49963
199	46309
200	42843
201	39485
202	36634
203	33961
204	31349
205	28985
206	26503
207	25113
208	23888
209	22114
210	20735
211	18985
212	17377
213	16017
214	14686
215	13475
216	12500
217	11298
218	10518
219	10211
220	9477
221	8974
222	8321
223	7398
224	6857
225	6236
226	5779
227	5628
228	5237
229	5239
230	5380
231	5064
232	1058
233	1384
234	617
235	203

