## htsjdk.samtools.metrics.StringHeader
# CollectInsertSizeMetrics  --Histogram_FILE pandisease.epifluidlab.cchmc.org/results/20200420-week-17/jhu-cfdna-frag/picard_metrics/EGAR00002027844.hg19.insert_size.pdf --INPUT pandisease.epifluidlab.cchmc.org/results/20200420-week-17/jhu-cfdna-frag/filtered_bam/EGAR00002027844.hg19.filtered.bam --OUTPUT pandisease.epifluidlab.cchmc.org/results/20200420-week-17/jhu-cfdna-frag/picard_metrics/EGAR00002027844.hg19.insert_size.txt  --DEVIATIONS 10.0 --MINIMUM_PCT 0.05 --METRIC_ACCUMULATION_LEVEL ALL_READS --INCLUDE_DUPLICATES false --ASSUME_SORTED true --STOP_AFTER 0 --VERBOSITY INFO --QUIET false --VALIDATION_STRINGENCY STRICT --COMPRESSION_LEVEL 5 --MAX_RECORDS_IN_RAM 500000 --CREATE_INDEX false --CREATE_MD5_FILE false --GA4GH_CLIENT_SECRETS client_secrets.json --help false --version false --showHidden false --USE_JDK_DEFLATER false --USE_JDK_INFLATER false
## htsjdk.samtools.metrics.StringHeader
# Started on: Sun May 03 01:48:15 UTC 2020

## METRICS CLASS	picard.analysis.InsertSizeMetrics
MEDIAN_INSERT_SIZE	MODE_INSERT_SIZE	MEDIAN_ABSOLUTE_DEVIATION	MIN_INSERT_SIZE	MAX_INSERT_SIZE	MEAN_INSERT_SIZE	STANDARD_DEVIATION	READ_PAIRS	PAIR_ORIENTATION	WIDTH_OF_10_PERCENT	WIDTH_OF_20_PERCENT	WIDTH_OF_30_PERCENT	WIDTH_OF_40_PERCENT	WIDTH_OF_50_PERCENT	WIDTH_OF_60_PERCENT	WIDTH_OF_70_PERCENT	WIDTH_OF_80_PERCENT	WIDTH_OF_90_PERCENT	WIDTH_OF_95_PERCENT	WIDTH_OF_99_PERCENT	SAMPLE	LIBRARY	READ_GROUP
167	167	12	77	259	166.499366	21.477293	62710244	FR	5	9	13	19	25	31	41	53	71	93	129			

## HISTOGRAM	java.lang.Integer
insert_size	All_Reads.fr_count
77	925
78	1029
79	1023
80	926
81	3331
82	3337
83	4276
84	4623
85	4238
86	4325
87	4028
88	4431
89	5452
90	5416
91	5430
92	4930
93	5343
94	5833
95	6735
96	6940
97	6127
98	6485
99	34219
100	40512
101	45290
102	47121
103	47298
104	46167
105	44664
106	47380
107	52315
108	58367
109	69070
110	84103
111	94870
112	95364
113	83901
114	75763
115	76173
116	79952
117	86533
118	96536
119	111616
120	136256
121	172048
122	197855
123	187578
124	148387
125	118795
126	111726
127	118846
128	129887
129	147960
130	177341
131	221820
132	288116
133	350544
134	356261
135	310875
136	271681
137	279244
138	326113
139	402097
140	492903
141	564613
142	583723
143	579825
144	582707
145	588618
146	583224
147	584661
148	610290
149	650434
150	698945
151	758305
152	808081
153	806682
154	771469
155	764701
156	802968
157	879298
158	977972
159	1081175
160	1158288
161	1211449
162	1263184
163	1359057
164	1516353
165	1658653
166	1723028
167	1730351
168	1704529
169	1647146
170	1569237
171	1480366
172	1403363
173	1364190
174	1344916
175	1329130
176	1296868
177	1235439
178	1154504
179	1065723
180	977590
181	892262
182	820576
183	758745
184	710119
185	675950
186	642048
187	612948
188	581098
189	544614
190	503914
191	459937
192	420251
193	383660
194	352430
195	329056
196	309445
197	294887
198	279331
199	266070
200	249227
201	231063
202	213544
203	196118
204	180689
205	167315
206	154905
207	145359
208	138125
209	130380
210	122950
211	115013
212	105985
213	98237
214	90017
215	83049
216	76464
217	71147
218	66969
219	62636
220	59359
221	55518
222	51802
223	47851
224	43987
225	40793
226	36958
227	34871
228	32391
229	30700
230	29359
231	27431
232	26082
233	23891
234	22187
235	20514
236	19261
237	18241
238	17459
239	16704
240	16180
241	15649
242	15067
243	14418
244	13868
245	13045
246	12506
247	12059
248	12650
249	11159
250	9923
251	10241
252	9575
253	8893
254	4418
255	4516
256	4062
257	111
258	109
259	118

