## htsjdk.samtools.metrics.StringHeader
# CollectInsertSizeMetrics  --Histogram_FILE pandisease.epifluidlab.cchmc.org/results/20200420-week-17/jhu-cfdna-frag/picard_metrics/EGAR00002027840.hg19.insert_size.pdf --INPUT pandisease.epifluidlab.cchmc.org/results/20200420-week-17/jhu-cfdna-frag/filtered_bam/EGAR00002027840.hg19.filtered.bam --OUTPUT pandisease.epifluidlab.cchmc.org/results/20200420-week-17/jhu-cfdna-frag/picard_metrics/EGAR00002027840.hg19.insert_size.txt  --DEVIATIONS 10.0 --MINIMUM_PCT 0.05 --METRIC_ACCUMULATION_LEVEL ALL_READS --INCLUDE_DUPLICATES false --ASSUME_SORTED true --STOP_AFTER 0 --VERBOSITY INFO --QUIET false --VALIDATION_STRINGENCY STRICT --COMPRESSION_LEVEL 5 --MAX_RECORDS_IN_RAM 500000 --CREATE_INDEX false --CREATE_MD5_FILE false --GA4GH_CLIENT_SECRETS client_secrets.json --help false --version false --showHidden false --USE_JDK_DEFLATER false --USE_JDK_INFLATER false
## htsjdk.samtools.metrics.StringHeader
# Started on: Sun May 03 02:49:03 UTC 2020

## METRICS CLASS	picard.analysis.InsertSizeMetrics
MEDIAN_INSERT_SIZE	MODE_INSERT_SIZE	MEDIAN_ABSOLUTE_DEVIATION	MIN_INSERT_SIZE	MAX_INSERT_SIZE	MEAN_INSERT_SIZE	STANDARD_DEVIATION	READ_PAIRS	PAIR_ORIENTATION	WIDTH_OF_10_PERCENT	WIDTH_OF_20_PERCENT	WIDTH_OF_30_PERCENT	WIDTH_OF_40_PERCENT	WIDTH_OF_50_PERCENT	WIDTH_OF_60_PERCENT	WIDTH_OF_70_PERCENT	WIDTH_OF_80_PERCENT	WIDTH_OF_90_PERCENT	WIDTH_OF_95_PERCENT	WIDTH_OF_99_PERCENT	SAMPLE	LIBRARY	READ_GROUP
167	166	11	87	248	166.520256	19.55764	57494496	FR	5	7	13	17	23	29	37	49	65	85	121			

## HISTOGRAM	java.lang.Integer
insert_size	All_Reads.fr_count
87	4
88	3292
89	3600
90	3606
91	4568
92	3895
93	4357
94	4400
95	4709
96	5651
97	4764
98	5170
99	22323
100	25676
101	28033
102	29371
103	29672
104	29332
105	29067
106	30580
107	34204
108	37799
109	44299
110	52929
111	58301
112	59473
113	52976
114	49175
115	49834
116	53496
117	57937
118	65221
119	75009
120	92752
121	118868
122	139030
123	134563
124	107992
125	87453
126	83475
127	89027
128	97767
129	111548
130	135139
131	171938
132	228919
133	284222
134	294673
135	260379
136	232887
137	244526
138	287512
139	356454
140	438641
141	499096
142	514981
143	512771
144	517656
145	528367
146	530231
147	538331
148	564257
149	604146
150	654479
151	707543
152	754630
153	756457
154	725997
155	732498
156	780696
157	862695
158	962180
159	1059101
160	1129783
161	1177561
162	1231738
163	1343997
164	1521497
165	1684576
166	1749696
167	1742643
168	1692718
169	1622109
170	1524618
171	1426214
172	1348953
173	1309956
174	1291165
175	1277437
176	1242302
177	1177651
178	1093321
179	997338
180	904466
181	817954
182	743496
183	685050
184	639002
185	606141
186	576353
187	547469
188	518220
189	480101
190	438537
191	396462
192	356929
193	322727
194	296951
195	275357
196	257795
197	242937
198	230968
199	217093
200	202531
201	187222
202	170178
203	155195
204	142344
205	130056
206	120551
207	112286
208	105648
209	99497
210	93032
211	86098
212	79216
213	72462
214	65805
215	59894
216	55533
217	51569
218	48158
219	44941
220	42164
221	39297
222	36254
223	33221
224	30737
225	27735
226	25449
227	23890
228	22153
229	21085
230	19807
231	18433
232	17447
233	16277
234	14755
235	13843
236	12912
237	12140
238	11927
239	11287
240	10980
241	11708
242	9904
243	7742
244	7804
245	7082
246	124
247	130
248	112

