## htsjdk.samtools.metrics.StringHeader
# CollectInsertSizeMetrics  --Histogram_FILE pandisease.epifluidlab.cchmc.org/results/20200420-week-17/jhu-cfdna-frag/picard_metrics/EGAR00002027849.hg19.insert_size.pdf --INPUT pandisease.epifluidlab.cchmc.org/results/20200420-week-17/jhu-cfdna-frag/filtered_bam/EGAR00002027849.hg19.filtered.bam --OUTPUT pandisease.epifluidlab.cchmc.org/results/20200420-week-17/jhu-cfdna-frag/picard_metrics/EGAR00002027849.hg19.insert_size.txt  --DEVIATIONS 10.0 --MINIMUM_PCT 0.05 --METRIC_ACCUMULATION_LEVEL ALL_READS --INCLUDE_DUPLICATES false --ASSUME_SORTED true --STOP_AFTER 0 --VERBOSITY INFO --QUIET false --VALIDATION_STRINGENCY STRICT --COMPRESSION_LEVEL 5 --MAX_RECORDS_IN_RAM 500000 --CREATE_INDEX false --CREATE_MD5_FILE false --GA4GH_CLIENT_SECRETS client_secrets.json --help false --version false --showHidden false --USE_JDK_DEFLATER false --USE_JDK_INFLATER false
## htsjdk.samtools.metrics.StringHeader
# Started on: Sun May 03 04:30:37 UTC 2020

## METRICS CLASS	picard.analysis.InsertSizeMetrics
MEDIAN_INSERT_SIZE	MODE_INSERT_SIZE	MEDIAN_ABSOLUTE_DEVIATION	MIN_INSERT_SIZE	MAX_INSERT_SIZE	MEAN_INSERT_SIZE	STANDARD_DEVIATION	READ_PAIRS	PAIR_ORIENTATION	WIDTH_OF_10_PERCENT	WIDTH_OF_20_PERCENT	WIDTH_OF_30_PERCENT	WIDTH_OF_40_PERCENT	WIDTH_OF_50_PERCENT	WIDTH_OF_60_PERCENT	WIDTH_OF_70_PERCENT	WIDTH_OF_80_PERCENT	WIDTH_OF_90_PERCENT	WIDTH_OF_95_PERCENT	WIDTH_OF_99_PERCENT	SAMPLE	LIBRARY	READ_GROUP
168	166	11	88	249	167.55034	19.102929	56534373	FR	5	9	13	17	23	29	37	47	65	81	117			

## HISTOGRAM	java.lang.Integer
insert_size	All_Reads.fr_count
88	10
89	2939
90	2983
91	2933
92	3106
93	3466
94	4410
95	4491
96	4837
97	4004
98	4175
99	10888
100	11719
101	12157
102	12673
103	12948
104	13384
105	14296
106	14705
107	16288
108	18402
109	20705
110	25488
111	29347
112	30857
113	29617
114	28907
115	30022
116	32270
117	35876
118	42436
119	50410
120	62866
121	81213
122	96965
123	95781
124	80509
125	70259
126	69543
127	76415
128	85046
129	98553
130	119053
131	150803
132	199099
133	246127
134	259611
135	236799
136	216716
137	229495
138	270927
139	334523
140	413199
141	476222
142	505401
143	511993
144	523416
145	536046
146	537127
147	545643
148	571331
149	607637
150	656455
151	709216
152	756983
153	764591
154	743791
155	746025
156	787483
157	855747
158	947878
159	1042174
160	1117472
161	1174992
162	1237472
163	1343515
164	1498557
165	1636625
166	1696887
167	1689499
168	1652804
169	1598694
170	1520009
171	1434913
172	1360164
173	1315166
174	1284902
175	1262103
176	1217114
177	1149380
178	1065949
179	977257
180	890300
181	809188
182	741038
183	682048
184	637123
185	599758
186	567679
187	539959
188	508937
189	474509
190	436173
191	399247
192	363683
193	331848
194	305190
195	284502
196	266306
197	250974
198	239965
199	227329
200	212243
201	197627
202	181651
203	166861
204	154816
205	141463
206	131202
207	123080
208	116092
209	109683
210	103672
211	96552
212	88954
213	82290
214	75265
215	69644
216	63963
217	59285
218	55421
219	52257
220	49230
221	45809
222	42615
223	38970
224	36253
225	33680
226	30737
227	28508
228	26415
229	25445
230	23858
231	22412
232	20905
233	19287
234	18140
235	16731
236	15699
237	14864
238	14462
239	13316
240	12866
241	12302
242	12750
243	10980
244	9155
245	9031
246	8087
247	385
248	429
249	391

