## htsjdk.samtools.metrics.StringHeader
# CollectInsertSizeMetrics  --Histogram_FILE pandisease.epifluidlab.cchmc.org/results/20200420-week-17/jhu-cfdna-frag/picard_metrics/EGAR00002027875.hg19.insert_size.pdf --INPUT pandisease.epifluidlab.cchmc.org/results/20200420-week-17/jhu-cfdna-frag/filtered_bam/EGAR00002027875.hg19.filtered.bam --OUTPUT pandisease.epifluidlab.cchmc.org/results/20200420-week-17/jhu-cfdna-frag/picard_metrics/EGAR00002027875.hg19.insert_size.txt  --DEVIATIONS 10.0 --MINIMUM_PCT 0.05 --METRIC_ACCUMULATION_LEVEL ALL_READS --INCLUDE_DUPLICATES false --ASSUME_SORTED true --STOP_AFTER 0 --VERBOSITY INFO --QUIET false --VALIDATION_STRINGENCY STRICT --COMPRESSION_LEVEL 5 --MAX_RECORDS_IN_RAM 500000 --CREATE_INDEX false --CREATE_MD5_FILE false --GA4GH_CLIENT_SECRETS client_secrets.json --help false --version false --showHidden false --USE_JDK_DEFLATER false --USE_JDK_INFLATER false
## htsjdk.samtools.metrics.StringHeader
# Started on: Sun May 03 15:17:28 UTC 2020

## METRICS CLASS	picard.analysis.InsertSizeMetrics
MEDIAN_INSERT_SIZE	MODE_INSERT_SIZE	MEDIAN_ABSOLUTE_DEVIATION	MIN_INSERT_SIZE	MAX_INSERT_SIZE	MEAN_INSERT_SIZE	STANDARD_DEVIATION	READ_PAIRS	PAIR_ORIENTATION	WIDTH_OF_10_PERCENT	WIDTH_OF_20_PERCENT	WIDTH_OF_30_PERCENT	WIDTH_OF_40_PERCENT	WIDTH_OF_50_PERCENT	WIDTH_OF_60_PERCENT	WIDTH_OF_70_PERCENT	WIDTH_OF_80_PERCENT	WIDTH_OF_90_PERCENT	WIDTH_OF_95_PERCENT	WIDTH_OF_99_PERCENT	SAMPLE	LIBRARY	READ_GROUP
166	166	11	80	250	165.136377	20.080286	37111263	FR	5	9	13	17	23	29	39	49	67	87	123			

## HISTOGRAM	java.lang.Integer
insert_size	All_Reads.fr_count
80	1
82	5
83	2078
84	2519
85	2217
86	2490
87	2665
88	3020
89	3280
90	3267
91	3144
92	2902
93	3583
94	3882
95	4017
96	4272
97	3515
98	4014
99	15582
100	17553
101	19492
102	20048
103	20415
104	20611
105	20846
106	22197
107	25116
108	27670
109	31958
110	38645
111	43358
112	44368
113	40836
114	37943
115	38296
116	40631
117	43849
118	49610
119	56643
120	70877
121	91299
122	107315
123	104150
124	84402
125	68088
126	64876
127	69630
128	77031
129	87584
130	106190
131	135686
132	178010
133	219140
134	226824
135	200171
136	176336
137	181957
138	213269
139	262120
140	320297
141	364341
142	376623
143	374115
144	374710
145	376954
146	373384
147	375814
148	393950
149	420435
150	453634
151	490127
152	521766
153	520680
154	500074
155	497384
156	522826
157	573178
158	636936
159	701206
160	748749
161	779469
162	814695
163	880398
164	986363
165	1079440
166	1111977
167	1103276
168	1067585
169	1020780
170	958135
171	895165
172	840908
173	809092
174	790180
175	770356
176	741398
177	699362
178	645871
179	587049
180	536536
181	483745
182	440000
183	403514
184	373424
185	350726
186	329518
187	312531
188	293455
189	273528
190	250227
191	227051
192	207140
193	188025
194	172211
195	159248
196	148912
197	140376
198	132952
199	125500
200	117933
201	108995
202	100983
203	92612
204	84780
205	78206
206	72243
207	67559
208	64038
209	60115
210	56342
211	53164
212	49064
213	44890
214	41728
215	38153
216	34770
217	32674
218	30640
219	29044
220	27310
221	25768
222	23597
223	22011
224	20025
225	18253
226	17124
227	16032
228	14792
229	14241
230	13452
231	12677
232	11891
233	11232
234	10248
235	9594
236	8920
237	8563
238	8312
239	8089
240	7914
241	7493
242	7232
243	7601
244	6428
245	5309
246	5143
247	4901
248	155
249	117
250	112

