## htsjdk.samtools.metrics.StringHeader
# CollectInsertSizeMetrics  --Histogram_FILE pandisease.epifluidlab.cchmc.org/results/20200420-week-17/jhu-cfdna-frag/picard_metrics/EGAR00002027850.hg19.insert_size.pdf --INPUT pandisease.epifluidlab.cchmc.org/results/20200420-week-17/jhu-cfdna-frag/filtered_bam/EGAR00002027850.hg19.filtered.bam --OUTPUT pandisease.epifluidlab.cchmc.org/results/20200420-week-17/jhu-cfdna-frag/picard_metrics/EGAR00002027850.hg19.insert_size.txt  --DEVIATIONS 10.0 --MINIMUM_PCT 0.05 --METRIC_ACCUMULATION_LEVEL ALL_READS --INCLUDE_DUPLICATES false --ASSUME_SORTED true --STOP_AFTER 0 --VERBOSITY INFO --QUIET false --VALIDATION_STRINGENCY STRICT --COMPRESSION_LEVEL 5 --MAX_RECORDS_IN_RAM 500000 --CREATE_INDEX false --CREATE_MD5_FILE false --GA4GH_CLIENT_SECRETS client_secrets.json --help false --version false --showHidden false --USE_JDK_DEFLATER false --USE_JDK_INFLATER false
## htsjdk.samtools.metrics.StringHeader
# Started on: Sun May 03 04:10:29 UTC 2020

## METRICS CLASS	picard.analysis.InsertSizeMetrics
MEDIAN_INSERT_SIZE	MODE_INSERT_SIZE	MEDIAN_ABSOLUTE_DEVIATION	MIN_INSERT_SIZE	MAX_INSERT_SIZE	MEAN_INSERT_SIZE	STANDARD_DEVIATION	READ_PAIRS	PAIR_ORIENTATION	WIDTH_OF_10_PERCENT	WIDTH_OF_20_PERCENT	WIDTH_OF_30_PERCENT	WIDTH_OF_40_PERCENT	WIDTH_OF_50_PERCENT	WIDTH_OF_60_PERCENT	WIDTH_OF_70_PERCENT	WIDTH_OF_80_PERCENT	WIDTH_OF_90_PERCENT	WIDTH_OF_95_PERCENT	WIDTH_OF_99_PERCENT	SAMPLE	LIBRARY	READ_GROUP
169	167	11	87	255	169.481541	19.420256	57074066	FR	5	9	13	17	23	29	37	49	65	81	119			

## HISTOGRAM	java.lang.Integer
insert_size	All_Reads.fr_count
87	10
88	18
89	18
90	101
91	358
92	409
93	394
94	3730
95	3771
96	4335
97	3817
98	4155
99	9324
100	9670
101	10484
102	11531
103	11790
104	12095
105	12351
106	13122
107	15392
108	16436
109	18560
110	21549
111	24040
112	24890
113	24912
114	24502
115	25748
116	27333
117	30115
118	34690
119	40162
120	49940
121	63338
122	75524
123	76732
124	66042
125	58159
126	58700
127	64540
128	73444
129	84067
130	101435
131	128419
132	169186
133	209570
134	221642
135	204640
136	188896
137	201179
138	234981
139	288712
140	354467
141	407929
142	432638
143	440730
144	456896
145	476864
146	490532
147	508647
148	540276
149	575662
150	612168
151	659238
152	699405
153	706852
154	685996
155	689029
156	727906
157	798043
158	888866
159	984034
160	1065301
161	1120531
162	1184134
163	1287511
164	1447214
165	1596201
166	1667483
167	1671183
168	1644207
169	1599956
170	1529338
171	1454748
172	1391043
173	1360427
174	1344858
175	1329836
176	1295455
177	1226776
178	1141609
179	1053478
180	963551
181	881214
182	811298
183	752609
184	708100
185	674894
186	643219
187	615256
188	583013
189	545295
190	503984
191	462171
192	422101
193	386492
194	357531
195	334742
196	316630
197	301827
198	287328
199	273041
200	258016
201	240304
202	220881
203	203956
204	187299
205	173847
206	162820
207	152305
208	144615
209	136959
210	129598
211	120752
212	112775
213	103045
214	94305
215	86771
216	80598
217	74789
218	70517
219	66816
220	62491
221	58066
222	54144
223	49538
224	46088
225	42501
226	39344
227	36398
228	33873
229	32232
230	30366
231	28102
232	26744
233	24607
234	22880
235	21253
236	19625
237	18497
238	17471
239	16803
240	17527
241	14773
242	12271
243	11703
244	10887
245	10557
246	9930
247	9433
248	9096
249	8855
250	8529
251	8449
252	7796
253	527
254	541
255	480

