## htsjdk.samtools.metrics.StringHeader
# CollectInsertSizeMetrics  --Histogram_FILE pandisease.epifluidlab.cchmc.org/results/20200420-week-17/jhu-cfdna-frag/picard_metrics/EGAR00002027801.hg19.insert_size.pdf --INPUT pandisease.epifluidlab.cchmc.org/results/20200420-week-17/jhu-cfdna-frag/filtered_bam/EGAR00002027801.hg19.filtered.bam --OUTPUT pandisease.epifluidlab.cchmc.org/results/20200420-week-17/jhu-cfdna-frag/picard_metrics/EGAR00002027801.hg19.insert_size.txt  --DEVIATIONS 10.0 --MINIMUM_PCT 0.05 --METRIC_ACCUMULATION_LEVEL ALL_READS --INCLUDE_DUPLICATES false --ASSUME_SORTED true --STOP_AFTER 0 --VERBOSITY INFO --QUIET false --VALIDATION_STRINGENCY STRICT --COMPRESSION_LEVEL 5 --MAX_RECORDS_IN_RAM 500000 --CREATE_INDEX false --CREATE_MD5_FILE false --GA4GH_CLIENT_SECRETS client_secrets.json --help false --version false --showHidden false --USE_JDK_DEFLATER false --USE_JDK_INFLATER false
## htsjdk.samtools.metrics.StringHeader
# Started on: Sun May 03 15:06:15 UTC 2020

## METRICS CLASS	picard.analysis.InsertSizeMetrics
MEDIAN_INSERT_SIZE	MODE_INSERT_SIZE	MEDIAN_ABSOLUTE_DEVIATION	MIN_INSERT_SIZE	MAX_INSERT_SIZE	MEAN_INSERT_SIZE	STANDARD_DEVIATION	READ_PAIRS	PAIR_ORIENTATION	WIDTH_OF_10_PERCENT	WIDTH_OF_20_PERCENT	WIDTH_OF_30_PERCENT	WIDTH_OF_40_PERCENT	WIDTH_OF_50_PERCENT	WIDTH_OF_60_PERCENT	WIDTH_OF_70_PERCENT	WIDTH_OF_80_PERCENT	WIDTH_OF_90_PERCENT	WIDTH_OF_95_PERCENT	WIDTH_OF_99_PERCENT	SAMPLE	LIBRARY	READ_GROUP
162	166	13	64	260	160.802304	21.837873	47752246	FR	5	9	15	21	27	33	41	51	71	91	145			

## HISTOGRAM	java.lang.Integer
insert_size	All_Reads.fr_count
64	1
65	4
66	3
67	22
68	1536
69	1737
70	2137
71	2456
72	2329
73	2544
74	3130
75	2874
76	2985
77	3433
78	3761
79	3632
80	3557
81	3490
82	4047
83	4599
84	5047
85	4570
86	4735
87	4310
88	5462
89	6396
90	6459
91	6590
92	6036
93	6331
94	6987
95	7876
96	8277
97	7445
98	7945
99	27032
100	30426
101	34267
102	35829
103	35640
104	35410
105	35273
106	38707
107	42987
108	47011
109	53041
110	62951
111	71678
112	74320
113	67286
114	63252
115	64990
116	71629
117	79751
118	89661
119	99746
120	121030
121	149243
122	173359
123	171712
124	151392
125	139767
126	146273
127	164193
128	185763
129	211480
130	246903
131	298328
132	363122
133	418808
134	431458
135	403537
136	381277
137	398646
138	450706
139	518120
140	586882
141	639968
142	667813
143	691262
144	714995
145	734925
146	738164
147	738607
148	744243
149	752292
150	752573
151	750859
152	749668
153	731326
154	714536
155	720850
156	752170
157	802863
158	859750
159	906488
160	932668
161	952812
162	988778
163	1077567
164	1215689
165	1332070
166	1353330
167	1300277
168	1219278
169	1124439
170	1027849
171	940765
172	873376
173	836179
174	814642
175	789406
176	751273
177	693531
178	623705
179	555264
180	492236
181	434825
182	391107
183	356021
184	329481
185	309661
186	292376
187	274761
188	256329
189	234516
190	213315
191	192959
192	172128
193	156198
194	142150
195	131948
196	124942
197	119111
198	114719
199	108400
200	101948
201	95176
202	87436
203	79873
204	73892
205	67221
206	64085
207	60653
208	58897
209	56826
210	55306
211	52974
212	49251
213	45152
214	40745
215	37444
216	35008
217	33734
218	32352
219	32880
220	33273
221	33211
222	31033
223	29407
224	26713
225	23864
226	22143
227	21552
228	21234
229	22452
230	22928
231	23674
232	23188
233	22255
234	20829
235	19306
236	18018
237	17449
238	17760
239	18690
240	19407
241	20375
242	20186
243	19740
244	18860
245	18651
246	17918
247	16925
248	17099
249	18807
250	17873
251	17678
252	18197
253	17619
254	9930
255	10078
256	9310
257	1804
258	921
259	990
260	984

