## htsjdk.samtools.metrics.StringHeader
# CollectInsertSizeMetrics  --Histogram_FILE pandisease.epifluidlab.cchmc.org/results/20200420-week-17/jhu-cfdna-frag/picard_metrics/EGAR00002027799.hg19.insert_size.pdf --INPUT pandisease.epifluidlab.cchmc.org/results/20200420-week-17/jhu-cfdna-frag/filtered_bam/EGAR00002027799.hg19.filtered.bam --OUTPUT pandisease.epifluidlab.cchmc.org/results/20200420-week-17/jhu-cfdna-frag/picard_metrics/EGAR00002027799.hg19.insert_size.txt  --DEVIATIONS 10.0 --MINIMUM_PCT 0.05 --METRIC_ACCUMULATION_LEVEL ALL_READS --INCLUDE_DUPLICATES false --ASSUME_SORTED true --STOP_AFTER 0 --VERBOSITY INFO --QUIET false --VALIDATION_STRINGENCY STRICT --COMPRESSION_LEVEL 5 --MAX_RECORDS_IN_RAM 500000 --CREATE_INDEX false --CREATE_MD5_FILE false --GA4GH_CLIENT_SECRETS client_secrets.json --help false --version false --showHidden false --USE_JDK_DEFLATER false --USE_JDK_INFLATER false
## htsjdk.samtools.metrics.StringHeader
# Started on: Sun May 03 15:13:30 UTC 2020

## METRICS CLASS	picard.analysis.InsertSizeMetrics
MEDIAN_INSERT_SIZE	MODE_INSERT_SIZE	MEDIAN_ABSOLUTE_DEVIATION	MIN_INSERT_SIZE	MAX_INSERT_SIZE	MEAN_INSERT_SIZE	STANDARD_DEVIATION	READ_PAIRS	PAIR_ORIENTATION	WIDTH_OF_10_PERCENT	WIDTH_OF_20_PERCENT	WIDTH_OF_30_PERCENT	WIDTH_OF_40_PERCENT	WIDTH_OF_50_PERCENT	WIDTH_OF_60_PERCENT	WIDTH_OF_70_PERCENT	WIDTH_OF_80_PERCENT	WIDTH_OF_90_PERCENT	WIDTH_OF_95_PERCENT	WIDTH_OF_99_PERCENT	SAMPLE	LIBRARY	READ_GROUP
164	166	12	72	254	162.304745	20.384126	37582133	FR	5	9	13	19	25	31	41	51	67	85	123			

## HISTOGRAM	java.lang.Integer
insert_size	All_Reads.fr_count
72	2
73	4
74	232
75	181
76	243
77	2334
78	2341
79	2365
80	2252
81	2374
82	2476
83	2925
84	3300
85	2843
86	2942
87	3151
88	3798
89	3925
90	3924
91	4012
92	3658
93	4133
94	4844
95	4992
96	5123
97	4327
98	4799
99	15303
100	18224
101	20628
102	21635
103	22392
104	22351
105	21671
106	23016
107	25797
108	29713
109	35654
110	44349
111	51387
112	52991
113	48508
114	44944
115	46381
116	49569
117	55637
118	62695
119	74024
120	92452
121	119846
122	142684
123	140300
124	114664
125	93754
126	90021
127	97667
128	108514
129	123224
130	148607
131	187101
132	244063
133	298233
134	308152
135	271808
136	238748
137	242667
138	279342
139	340041
140	418746
141	479257
142	496791
143	490180
144	489177
145	485271
146	473006
147	461737
148	469549
149	490332
150	519230
151	559717
152	595402
153	591763
154	564606
155	554127
156	570619
157	608365
158	660625
159	718543
160	761792
161	790347
162	816988
163	872620
164	955092
165	1026679
166	1044508
167	1030564
168	995624
169	948861
170	893979
171	834333
172	781358
173	746307
174	719683
175	694878
176	664803
177	620461
178	573068
179	520529
180	472220
181	426101
182	385135
183	351496
184	323042
185	302737
186	282155
187	264647
188	247042
189	228143
190	208845
191	189449
192	171901
193	156113
194	141683
195	131367
196	121397
197	114722
198	108421
199	101659
200	95735
201	88615
202	81580
203	74981
204	69782
205	63924
206	58723
207	55008
208	52105
209	48574
210	45608
211	42655
212	39611
213	36607
214	33135
215	30464
216	28222
217	26137
218	24734
219	22967
220	21854
221	20507
222	18801
223	17673
224	16083
225	14676
226	13623
227	12906
228	12181
229	11408
230	10836
231	10263
232	9743
233	8905
234	8506
235	7727
236	7143
237	6829
238	6505
239	6525
240	6178
241	6079
242	6009
243	5624
244	6079
245	5018
246	4321
247	4009
248	3259
249	3151
250	3257
251	2905
252	105
253	124
254	105

