## htsjdk.samtools.metrics.StringHeader
# CollectInsertSizeMetrics  --Histogram_FILE pandisease.epifluidlab.cchmc.org/results/20200420-week-17/jhu-cfdna-frag/picard_metrics/EGAR00002027857.hg19.insert_size.pdf --INPUT pandisease.epifluidlab.cchmc.org/results/20200420-week-17/jhu-cfdna-frag/filtered_bam/EGAR00002027857.hg19.filtered.bam --OUTPUT pandisease.epifluidlab.cchmc.org/results/20200420-week-17/jhu-cfdna-frag/picard_metrics/EGAR00002027857.hg19.insert_size.txt  --DEVIATIONS 10.0 --MINIMUM_PCT 0.05 --METRIC_ACCUMULATION_LEVEL ALL_READS --INCLUDE_DUPLICATES false --ASSUME_SORTED true --STOP_AFTER 0 --VERBOSITY INFO --QUIET false --VALIDATION_STRINGENCY STRICT --COMPRESSION_LEVEL 5 --MAX_RECORDS_IN_RAM 500000 --CREATE_INDEX false --CREATE_MD5_FILE false --GA4GH_CLIENT_SECRETS client_secrets.json --help false --version false --showHidden false --USE_JDK_DEFLATER false --USE_JDK_INFLATER false
## htsjdk.samtools.metrics.StringHeader
# Started on: Sun May 03 04:38:05 UTC 2020

## METRICS CLASS	picard.analysis.InsertSizeMetrics
MEDIAN_INSERT_SIZE	MODE_INSERT_SIZE	MEDIAN_ABSOLUTE_DEVIATION	MIN_INSERT_SIZE	MAX_INSERT_SIZE	MEAN_INSERT_SIZE	STANDARD_DEVIATION	READ_PAIRS	PAIR_ORIENTATION	WIDTH_OF_10_PERCENT	WIDTH_OF_20_PERCENT	WIDTH_OF_30_PERCENT	WIDTH_OF_40_PERCENT	WIDTH_OF_50_PERCENT	WIDTH_OF_60_PERCENT	WIDTH_OF_70_PERCENT	WIDTH_OF_80_PERCENT	WIDTH_OF_90_PERCENT	WIDTH_OF_95_PERCENT	WIDTH_OF_99_PERCENT	SAMPLE	LIBRARY	READ_GROUP
165	166	11	82	245	163.595364	19.313796	50206104	FR	5	9	13	17	23	29	37	47	65	83	117			

## HISTOGRAM	java.lang.Integer
insert_size	All_Reads.fr_count
82	2291
83	2798
84	3281
85	2776
86	3151
87	3021
88	3538
89	4085
90	3995
91	4175
92	3580
93	4692
94	4848
95	5080
96	5593
97	4571
98	5012
99	20648
100	23873
101	26473
102	27679
103	28307
104	27874
105	28123
106	30188
107	34109
108	37526
109	43912
110	52732
111	60083
112	62377
113	58043
114	53988
115	54526
116	59032
117	64580
118	72246
119	82608
120	101034
121	129345
122	149618
123	145825
124	119310
125	99564
126	96600
127	104728
128	116367
129	131255
130	158765
131	196938
132	252565
133	304859
134	314626
135	283542
136	259866
137	275305
138	325060
139	394890
140	471690
141	530900
142	551910
143	552900
144	557698
145	561638
146	557692
147	566660
148	592081
149	627568
150	663602
151	705404
152	742605
153	741969
154	716247
155	717462
156	752675
157	820482
158	903894
159	988210
160	1053959
161	1100245
162	1155381
163	1256541
164	1406107
165	1533524
166	1568054
167	1535829
168	1476733
169	1399212
170	1307371
171	1211779
172	1132695
173	1080730
174	1041513
175	1006309
176	961834
177	895284
178	817150
179	737120
180	663927
181	595001
182	537310
183	488361
184	451155
185	421185
186	397051
187	373449
188	349016
189	321583
190	294461
191	265553
192	239949
193	217790
194	198089
195	181765
196	168899
197	158966
198	148915
199	139999
200	131019
201	119361
202	108711
203	98355
204	89937
205	81853
206	75734
207	70429
208	66377
209	61807
210	57725
211	53525
212	49003
213	45001
214	40352
215	37126
216	34159
217	31310
218	29304
219	27646
220	25382
221	23805
222	21988
223	19901
224	18628
225	16914
226	15488
227	14325
228	13552
229	12991
230	12338
231	11401
232	10596
233	9810
234	9029
235	8531
236	8043
237	7463
238	7177
239	6961
240	6813
241	6630
242	7072
243	5179
244	4637
245	4159

