## htsjdk.samtools.metrics.StringHeader
# CollectInsertSizeMetrics  --Histogram_FILE pandisease.epifluidlab.cchmc.org/results/20200420-week-17/jhu-cfdna-frag/picard_metrics/EGAR00002027911.hg19.insert_size.pdf --INPUT pandisease.epifluidlab.cchmc.org/results/20200420-week-17/jhu-cfdna-frag/filtered_bam/EGAR00002027911.hg19.filtered.bam --OUTPUT pandisease.epifluidlab.cchmc.org/results/20200420-week-17/jhu-cfdna-frag/picard_metrics/EGAR00002027911.hg19.insert_size.txt  --DEVIATIONS 10.0 --MINIMUM_PCT 0.05 --METRIC_ACCUMULATION_LEVEL ALL_READS --INCLUDE_DUPLICATES false --ASSUME_SORTED true --STOP_AFTER 0 --VERBOSITY INFO --QUIET false --VALIDATION_STRINGENCY STRICT --COMPRESSION_LEVEL 5 --MAX_RECORDS_IN_RAM 500000 --CREATE_INDEX false --CREATE_MD5_FILE false --GA4GH_CLIENT_SECRETS client_secrets.json --help false --version false --showHidden false --USE_JDK_DEFLATER false --USE_JDK_INFLATER false
## htsjdk.samtools.metrics.StringHeader
# Started on: Sun May 03 14:49:28 UTC 2020

## METRICS CLASS	picard.analysis.InsertSizeMetrics
MEDIAN_INSERT_SIZE	MODE_INSERT_SIZE	MEDIAN_ABSOLUTE_DEVIATION	MIN_INSERT_SIZE	MAX_INSERT_SIZE	MEAN_INSERT_SIZE	STANDARD_DEVIATION	READ_PAIRS	PAIR_ORIENTATION	WIDTH_OF_10_PERCENT	WIDTH_OF_20_PERCENT	WIDTH_OF_30_PERCENT	WIDTH_OF_40_PERCENT	WIDTH_OF_50_PERCENT	WIDTH_OF_60_PERCENT	WIDTH_OF_70_PERCENT	WIDTH_OF_80_PERCENT	WIDTH_OF_90_PERCENT	WIDTH_OF_95_PERCENT	WIDTH_OF_99_PERCENT	SAMPLE	LIBRARY	READ_GROUP
167	166	11	84	248	166.224646	19.663405	39356095	FR	5	9	13	17	23	29	37	49	65	83	121			

## HISTOGRAM	java.lang.Integer
insert_size	All_Reads.fr_count
84	1719
85	1776
86	1803
87	1711
88	2295
89	2416
90	2771
91	2855
92	2474
93	2783
94	2896
95	3422
96	3753
97	3036
98	3347
99	12397
100	14176
101	15618
102	16511
103	16847
104	16852
105	16690
106	17689
107	20036
108	22382
109	25843
110	31051
111	34716
112	35922
113	32838
114	30599
115	31950
116	34314
117	37842
118	42671
119	49426
120	61161
121	77767
122	91957
123	90806
124	74065
125	60606
126	58534
127	61640
128	68947
129	77826
130	94163
131	120809
132	161138
133	199960
134	208837
135	186455
136	167802
137	174904
138	207562
139	256834
140	315680
141	364044
142	381875
143	383257
144	388934
145	396558
146	397821
147	402559
148	420439
149	446400
150	479233
151	518078
152	550139
153	551560
154	532916
155	530811
156	556444
157	608328
158	672782
159	737304
160	788389
161	819789
162	856045
163	921202
164	1023925
165	1117902
166	1155997
167	1151569
168	1125151
169	1081141
170	1026972
171	963652
172	911462
173	879408
174	858689
175	843481
176	814579
177	769912
178	711859
179	652635
180	595522
181	538901
182	491741
183	453801
184	421801
185	398165
186	378525
187	359654
188	337792
189	314908
190	289166
191	262624
192	238795
193	217646
194	200280
195	185915
196	173822
197	163111
198	155538
199	146784
200	137092
201	126547
202	116008
203	106631
204	97979
205	89898
206	83485
207	78245
208	73628
209	69335
210	64543
211	60310
212	55676
213	51377
214	46559
215	42797
216	39277
217	36567
218	34056
219	32192
220	30100
221	28089
222	26203
223	24133
224	22210
225	19959
226	18531
227	17392
228	16145
229	15311
230	14481
231	13326
232	12674
233	11655
234	10921
235	10058
236	9487
237	8882
238	8464
239	8097
240	7843
241	7663
242	7231
243	6828
244	7053
245	6014
246	5061
247	4954
248	4516

