## htsjdk.samtools.metrics.StringHeader
# CollectInsertSizeMetrics  --Histogram_FILE pandisease.epifluidlab.cchmc.org/results/20200420-week-17/jhu-cfdna-frag/picard_metrics/EGAR00002027879.hg19.insert_size.pdf --INPUT pandisease.epifluidlab.cchmc.org/results/20200420-week-17/jhu-cfdna-frag/filtered_bam/EGAR00002027879.hg19.filtered.bam --OUTPUT pandisease.epifluidlab.cchmc.org/results/20200420-week-17/jhu-cfdna-frag/picard_metrics/EGAR00002027879.hg19.insert_size.txt  --DEVIATIONS 10.0 --MINIMUM_PCT 0.05 --METRIC_ACCUMULATION_LEVEL ALL_READS --INCLUDE_DUPLICATES false --ASSUME_SORTED true --STOP_AFTER 0 --VERBOSITY INFO --QUIET false --VALIDATION_STRINGENCY STRICT --COMPRESSION_LEVEL 5 --MAX_RECORDS_IN_RAM 500000 --CREATE_INDEX false --CREATE_MD5_FILE false --GA4GH_CLIENT_SECRETS client_secrets.json --help false --version false --showHidden false --USE_JDK_DEFLATER false --USE_JDK_INFLATER false
## htsjdk.samtools.metrics.StringHeader
# Started on: Sun May 03 15:07:50 UTC 2020

## METRICS CLASS	picard.analysis.InsertSizeMetrics
MEDIAN_INSERT_SIZE	MODE_INSERT_SIZE	MEDIAN_ABSOLUTE_DEVIATION	MIN_INSERT_SIZE	MAX_INSERT_SIZE	MEAN_INSERT_SIZE	STANDARD_DEVIATION	READ_PAIRS	PAIR_ORIENTATION	WIDTH_OF_10_PERCENT	WIDTH_OF_20_PERCENT	WIDTH_OF_30_PERCENT	WIDTH_OF_40_PERCENT	WIDTH_OF_50_PERCENT	WIDTH_OF_60_PERCENT	WIDTH_OF_70_PERCENT	WIDTH_OF_80_PERCENT	WIDTH_OF_90_PERCENT	WIDTH_OF_95_PERCENT	WIDTH_OF_99_PERCENT	SAMPLE	LIBRARY	READ_GROUP
168	167	10	93	243	168.466269	18.792444	36251982	FR	5	7	11	17	21	27	35	47	63	79	115			

## HISTOGRAM	java.lang.Integer
insert_size	All_Reads.fr_count
93	662
94	903
95	986
96	1434
97	2622
98	2894
99	7211
100	7966
101	9014
102	9522
103	9771
104	10150
105	9806
106	10769
107	12193
108	13796
109	16013
110	19110
111	21039
112	22442
113	20805
114	20127
115	20287
116	21835
117	24136
118	27630
119	31924
120	40306
121	51350
122	61251
123	61007
124	49692
125	40507
126	39060
127	42608
128	48273
129	55348
130	67138
131	86265
132	114303
133	143375
134	149484
135	132353
136	117038
137	123583
138	148969
139	187214
140	232651
141	270377
142	284406
143	284860
144	290494
145	294461
146	295258
147	301089
148	322520
149	349732
150	380850
151	418383
152	452054
153	457635
154	440727
155	438914
156	463587
157	512932
158	576017
159	647377
160	702579
161	740581
162	777877
163	846808
164	952409
165	1052743
166	1098066
167	1104716
168	1090585
169	1063699
170	1013507
171	959430
172	912238
173	887630
174	874522
175	861354
176	837183
177	790976
178	735802
179	675358
180	615713
181	560596
182	511957
183	471274
184	438580
185	410858
186	388827
187	370768
188	348171
189	324128
190	298992
191	272493
192	248929
193	225178
194	206882
195	192705
196	180542
197	170194
198	162011
199	153032
200	144460
201	133551
202	123057
203	112589
204	103374
205	94689
206	87815
207	82138
208	77911
209	73636
210	69129
211	64819
212	59844
213	54546
214	49667
215	45782
216	42415
217	39366
218	36258
219	34265
220	32183
221	30032
222	27830
223	25717
224	23563
225	21521
226	19606
227	18220
228	16798
229	16075
230	14926
231	13850
232	12927
233	11827
234	11156
235	10355
236	10059
237	8564
238	7531
239	7521
240	6874
241	6007
242	5930
243	5211

