## htsjdk.samtools.metrics.StringHeader
# CollectInsertSizeMetrics  --Histogram_FILE pandisease.epifluidlab.cchmc.org/results/20200420-week-17/jhu-cfdna-frag/picard_metrics/EGAR00002027900.hg19.insert_size.pdf --INPUT pandisease.epifluidlab.cchmc.org/results/20200420-week-17/jhu-cfdna-frag/filtered_bam/EGAR00002027900.hg19.filtered.bam --OUTPUT pandisease.epifluidlab.cchmc.org/results/20200420-week-17/jhu-cfdna-frag/picard_metrics/EGAR00002027900.hg19.insert_size.txt  --DEVIATIONS 10.0 --MINIMUM_PCT 0.05 --METRIC_ACCUMULATION_LEVEL ALL_READS --INCLUDE_DUPLICATES false --ASSUME_SORTED true --STOP_AFTER 0 --VERBOSITY INFO --QUIET false --VALIDATION_STRINGENCY STRICT --COMPRESSION_LEVEL 5 --MAX_RECORDS_IN_RAM 500000 --CREATE_INDEX false --CREATE_MD5_FILE false --GA4GH_CLIENT_SECRETS client_secrets.json --help false --version false --showHidden false --USE_JDK_DEFLATER false --USE_JDK_INFLATER false
## htsjdk.samtools.metrics.StringHeader
# Started on: Sun May 03 04:26:56 UTC 2020

## METRICS CLASS	picard.analysis.InsertSizeMetrics
MEDIAN_INSERT_SIZE	MODE_INSERT_SIZE	MEDIAN_ABSOLUTE_DEVIATION	MIN_INSERT_SIZE	MAX_INSERT_SIZE	MEAN_INSERT_SIZE	STANDARD_DEVIATION	READ_PAIRS	PAIR_ORIENTATION	WIDTH_OF_10_PERCENT	WIDTH_OF_20_PERCENT	WIDTH_OF_30_PERCENT	WIDTH_OF_40_PERCENT	WIDTH_OF_50_PERCENT	WIDTH_OF_60_PERCENT	WIDTH_OF_70_PERCENT	WIDTH_OF_80_PERCENT	WIDTH_OF_90_PERCENT	WIDTH_OF_95_PERCENT	WIDTH_OF_99_PERCENT	SAMPLE	LIBRARY	READ_GROUP
168	167	11	85	254	168.449443	19.406718	168725040	FR	5	9	13	17	23	29	37	49	65	83	119			

## HISTOGRAM	java.lang.Integer
insert_size	All_Reads.fr_count
85	3
86	33
87	41
88	39
89	188
90	7492
91	7388
92	6656
93	8772
94	9501
95	9380
96	9975
97	8633
98	10970
99	38234
100	43448
101	47556
102	49804
103	51622
104	54345
105	54768
106	58776
107	66677
108	74848
109	87327
110	107575
111	121828
112	125022
113	117063
114	110779
115	114208
116	122400
117	138068
118	155015
119	177564
120	216130
121	273833
122	319447
123	313258
124	257169
125	217349
126	208309
127	221946
128	244677
129	275454
130	329918
131	415382
132	541703
133	666403
134	689274
135	617015
136	559033
137	595053
138	714225
139	897812
140	1113585
141	1286370
142	1350344
143	1359423
144	1382920
145	1417999
146	1424234
147	1462644
148	1543042
149	1659883
150	1796571
151	1961818
152	2104529
153	2116597
154	2044795
155	2051612
156	2186119
157	2424580
158	2715182
159	2994747
160	3210318
161	3352040
162	3506728
163	3800818
164	4280428
165	4743025
166	4970223
167	4995835
168	4886928
169	4719906
170	4482828
171	4246564
172	4062410
173	3986124
174	3961906
175	3939811
176	3852640
177	3664454
178	3407012
179	3124981
180	2847852
181	2595188
182	2376452
183	2199780
184	2068248
185	1973105
186	1879140
187	1791026
188	1695327
189	1576641
190	1446769
191	1315473
192	1194304
193	1089404
194	1002387
195	934634
196	879764
197	837060
198	793028
199	751958
200	702072
201	650481
202	597526
203	546528
204	502681
205	462154
206	430683
207	402513
208	378462
209	355728
210	334401
211	311189
212	286055
213	262914
214	239677
215	220590
216	203063
217	187054
218	176048
219	165633
220	155555
221	144737
222	133505
223	121811
224	112020
225	102318
226	93692
227	87388
228	82317
229	76652
230	72030
231	67234
232	62779
233	58143
234	54260
235	49122
236	45933
237	43202
238	41317
239	39586
240	38101
241	36235
242	35225
243	37577
244	30497
245	25330
246	25567
247	22620
248	1660
249	1833
250	1555
251	303
252	238
253	292
254	53

