## htsjdk.samtools.metrics.StringHeader
# CollectInsertSizeMetrics  --Histogram_FILE pandisease.epifluidlab.cchmc.org/results/20200420-week-17/jhu-cfdna-frag/picard_metrics/EGAR00002027907.hg19.insert_size.pdf --INPUT pandisease.epifluidlab.cchmc.org/results/20200420-week-17/jhu-cfdna-frag/filtered_bam/EGAR00002027907.hg19.filtered.bam --OUTPUT pandisease.epifluidlab.cchmc.org/results/20200420-week-17/jhu-cfdna-frag/picard_metrics/EGAR00002027907.hg19.insert_size.txt  --DEVIATIONS 10.0 --MINIMUM_PCT 0.05 --METRIC_ACCUMULATION_LEVEL ALL_READS --INCLUDE_DUPLICATES false --ASSUME_SORTED true --STOP_AFTER 0 --VERBOSITY INFO --QUIET false --VALIDATION_STRINGENCY STRICT --COMPRESSION_LEVEL 5 --MAX_RECORDS_IN_RAM 500000 --CREATE_INDEX false --CREATE_MD5_FILE false --GA4GH_CLIENT_SECRETS client_secrets.json --help false --version false --showHidden false --USE_JDK_DEFLATER false --USE_JDK_INFLATER false
## htsjdk.samtools.metrics.StringHeader
# Started on: Sun May 03 15:43:25 UTC 2020

## METRICS CLASS	picard.analysis.InsertSizeMetrics
MEDIAN_INSERT_SIZE	MODE_INSERT_SIZE	MEDIAN_ABSOLUTE_DEVIATION	MIN_INSERT_SIZE	MAX_INSERT_SIZE	MEAN_INSERT_SIZE	STANDARD_DEVIATION	READ_PAIRS	PAIR_ORIENTATION	WIDTH_OF_10_PERCENT	WIDTH_OF_20_PERCENT	WIDTH_OF_30_PERCENT	WIDTH_OF_40_PERCENT	WIDTH_OF_50_PERCENT	WIDTH_OF_60_PERCENT	WIDTH_OF_70_PERCENT	WIDTH_OF_80_PERCENT	WIDTH_OF_90_PERCENT	WIDTH_OF_95_PERCENT	WIDTH_OF_99_PERCENT	SAMPLE	LIBRARY	READ_GROUP
167	166	11	83	251	166.288136	20.341585	31459183	FR	5	9	13	17	23	31	39	51	69	87	123			

## HISTOGRAM	java.lang.Integer
insert_size	All_Reads.fr_count
83	76
84	1919
85	1590
86	1673
87	1534
88	2038
89	2177
90	2203
91	2179
92	1992
93	2506
94	2610
95	2800
96	2865
97	2501
98	2727
99	11148
100	12942
101	14290
102	14885
103	15100
104	15346
105	15197
106	16685
107	18590
108	20539
109	23997
110	29060
111	32658
112	33796
113	31487
114	29296
115	29929
116	31933
117	35170
118	39735
119	45831
120	56457
121	71639
122	84843
123	82795
124	67091
125	54596
126	52240
127	56374
128	62134
129	71195
130	85125
131	107861
132	141740
133	173774
134	180024
135	158364
136	140388
137	145405
138	170733
139	210207
140	256812
141	292025
142	303518
143	302118
144	306282
145	309332
146	308298
147	310660
148	324861
149	346599
150	370833
151	400300
152	425867
153	425284
154	408022
155	405152
156	423632
157	461843
158	512128
159	565917
160	607414
161	636026
162	666163
163	718824
164	805335
165	878646
166	909440
167	903522
168	880417
169	847825
170	804993
171	757343
172	717787
173	694028
174	681970
175	667445
176	644683
177	610695
178	568009
179	518176
180	473077
181	431016
182	394041
183	363564
184	340713
185	321960
186	307196
187	290971
188	275119
189	256927
190	237285
191	217003
192	199082
193	180968
194	166318
195	155232
196	145379
197	138159
198	131086
199	123963
200	117196
201	108661
202	100701
203	92574
204	84087
205	77717
206	72810
207	67562
208	64285
209	60006
210	57280
211	53524
212	49597
213	45522
214	41521
215	38550
216	35123
217	32714
218	30742
219	28912
220	27261
221	25589
222	23806
223	21940
224	19985
225	18280
226	16896
227	15882
228	14838
229	13919
230	13186
231	12351
232	11464
233	10828
234	9893
235	9396
236	8640
237	8051
238	7443
239	7391
240	7205
241	6591
242	6522
243	6009
244	6368
245	5467
246	4441
247	4478
248	4087
249	215
250	232
251	173

