## htsjdk.samtools.metrics.StringHeader
# CollectInsertSizeMetrics  --Histogram_FILE pandisease.epifluidlab.cchmc.org/results/20200420-week-17/jhu-cfdna-frag/picard_metrics/EGAR00002027856.hg19.insert_size.pdf --INPUT pandisease.epifluidlab.cchmc.org/results/20200420-week-17/jhu-cfdna-frag/filtered_bam/EGAR00002027856.hg19.filtered.bam --OUTPUT pandisease.epifluidlab.cchmc.org/results/20200420-week-17/jhu-cfdna-frag/picard_metrics/EGAR00002027856.hg19.insert_size.txt  --DEVIATIONS 10.0 --MINIMUM_PCT 0.05 --METRIC_ACCUMULATION_LEVEL ALL_READS --INCLUDE_DUPLICATES false --ASSUME_SORTED true --STOP_AFTER 0 --VERBOSITY INFO --QUIET false --VALIDATION_STRINGENCY STRICT --COMPRESSION_LEVEL 5 --MAX_RECORDS_IN_RAM 500000 --CREATE_INDEX false --CREATE_MD5_FILE false --GA4GH_CLIENT_SECRETS client_secrets.json --help false --version false --showHidden false --USE_JDK_DEFLATER false --USE_JDK_INFLATER false
## htsjdk.samtools.metrics.StringHeader
# Started on: Sun May 03 04:08:21 UTC 2020

## METRICS CLASS	picard.analysis.InsertSizeMetrics
MEDIAN_INSERT_SIZE	MODE_INSERT_SIZE	MEDIAN_ABSOLUTE_DEVIATION	MIN_INSERT_SIZE	MAX_INSERT_SIZE	MEAN_INSERT_SIZE	STANDARD_DEVIATION	READ_PAIRS	PAIR_ORIENTATION	WIDTH_OF_10_PERCENT	WIDTH_OF_20_PERCENT	WIDTH_OF_30_PERCENT	WIDTH_OF_40_PERCENT	WIDTH_OF_50_PERCENT	WIDTH_OF_60_PERCENT	WIDTH_OF_70_PERCENT	WIDTH_OF_80_PERCENT	WIDTH_OF_90_PERCENT	WIDTH_OF_95_PERCENT	WIDTH_OF_99_PERCENT	SAMPLE	LIBRARY	READ_GROUP
168	167	11	85	253	167.83176	20.355292	50046115	FR	5	9	13	19	23	31	39	51	69	87	121			

## HISTOGRAM	java.lang.Integer
insert_size	All_Reads.fr_count
85	6
86	2451
87	2163
88	2658
89	3554
90	3456
91	3408
92	3047
93	3223
94	4107
95	4245
96	4380
97	3816
98	4076
99	16622
100	20177
101	22000
102	23371
103	23520
104	22898
105	22542
106	24031
107	27464
108	31016
109	36486
110	44969
111	51186
112	53288
113	48172
114	45468
115	46299
116	48642
117	53856
118	60312
119	70353
120	86377
121	109864
122	126887
123	124291
124	100866
125	82627
126	79282
127	83495
128	91694
129	103644
130	122950
131	152555
132	197316
133	242501
134	250149
135	223178
136	197804
137	203774
138	237035
139	291158
140	357340
141	409529
142	427005
143	427505
144	432400
145	441909
146	441049
147	446551
148	465315
149	496874
150	532292
151	576225
152	612594
153	615849
154	595274
155	591922
156	623295
157	685299
158	760072
159	840583
160	904467
161	945525
162	987108
163	1062739
164	1183557
165	1300147
166	1360623
167	1376307
168	1364101
169	1328183
170	1275407
171	1211363
172	1162182
173	1136723
174	1130794
175	1125733
176	1109460
177	1061972
178	995742
179	922289
180	845897
181	774231
182	715145
183	666667
184	628110
185	602213
186	579189
187	555605
188	528022
189	493852
190	454090
191	413925
192	376461
193	344112
194	317056
195	295020
196	277528
197	263971
198	249507
199	233808
200	219269
201	201855
202	183033
203	167934
204	152786
205	139834
206	129383
207	121403
208	113899
209	106166
210	98967
211	91493
212	84385
213	76241
214	69476
215	63741
216	58770
217	54072
218	49855
219	47033
220	43665
221	40820
222	37695
223	33896
224	32018
225	28354
226	25795
227	24303
228	22292
229	20922
230	19878
231	18139
232	16867
233	15524
234	14426
235	13146
236	12178
237	11523
238	10498
239	9969
240	9756
241	9316
242	8849
243	8171
244	8014
245	7272
246	7705
247	6291
248	5458
249	5401
250	4910
251	342
252	369
253	336

