## htsjdk.samtools.metrics.StringHeader
# CollectInsertSizeMetrics  --Histogram_FILE pandisease.epifluidlab.cchmc.org/results/20200420-week-17/jhu-cfdna-frag/picard_metrics/EGAR00002027902.hg19.insert_size.pdf --INPUT pandisease.epifluidlab.cchmc.org/results/20200420-week-17/jhu-cfdna-frag/filtered_bam/EGAR00002027902.hg19.filtered.bam --OUTPUT pandisease.epifluidlab.cchmc.org/results/20200420-week-17/jhu-cfdna-frag/picard_metrics/EGAR00002027902.hg19.insert_size.txt  --DEVIATIONS 10.0 --MINIMUM_PCT 0.05 --METRIC_ACCUMULATION_LEVEL ALL_READS --INCLUDE_DUPLICATES false --ASSUME_SORTED true --STOP_AFTER 0 --VERBOSITY INFO --QUIET false --VALIDATION_STRINGENCY STRICT --COMPRESSION_LEVEL 5 --MAX_RECORDS_IN_RAM 500000 --CREATE_INDEX false --CREATE_MD5_FILE false --GA4GH_CLIENT_SECRETS client_secrets.json --help false --version false --showHidden false --USE_JDK_DEFLATER false --USE_JDK_INFLATER false
## htsjdk.samtools.metrics.StringHeader
# Started on: Sun May 03 15:40:34 UTC 2020

## METRICS CLASS	picard.analysis.InsertSizeMetrics
MEDIAN_INSERT_SIZE	MODE_INSERT_SIZE	MEDIAN_ABSOLUTE_DEVIATION	MIN_INSERT_SIZE	MAX_INSERT_SIZE	MEAN_INSERT_SIZE	STANDARD_DEVIATION	READ_PAIRS	PAIR_ORIENTATION	WIDTH_OF_10_PERCENT	WIDTH_OF_20_PERCENT	WIDTH_OF_30_PERCENT	WIDTH_OF_40_PERCENT	WIDTH_OF_50_PERCENT	WIDTH_OF_60_PERCENT	WIDTH_OF_70_PERCENT	WIDTH_OF_80_PERCENT	WIDTH_OF_90_PERCENT	WIDTH_OF_95_PERCENT	WIDTH_OF_99_PERCENT	SAMPLE	LIBRARY	READ_GROUP
167	166	11	84	252	166.733858	20.10724	33143191	FR	5	9	13	17	23	31	39	49	67	87	123			

## HISTOGRAM	java.lang.Integer
insert_size	All_Reads.fr_count
84	319
85	243
86	234
87	317
88	2232
89	2409
90	2645
91	2892
92	2421
93	2686
94	2835
95	2850
96	3641
97	2928
98	3162
99	10382
100	11703
101	12445
102	13003
103	13264
104	13633
105	13486
106	14385
107	16006
108	18047
109	20746
110	25134
111	27942
112	29158
113	26456
114	25357
115	26239
116	27608
117	30561
118	34136
119	39813
120	50154
121	64723
122	76697
123	76228
124	61381
125	49814
126	47585
127	50870
128	56920
129	64970
130	78817
131	102554
132	138996
133	176384
134	183242
135	160755
136	140452
137	145646
138	173055
139	217992
140	272360
141	314064
142	323240
143	319451
144	320654
145	325974
146	325065
147	326126
148	340667
149	362948
150	391669
151	429510
152	460729
153	458501
154	435041
155	428506
156	450866
157	496394
158	554040
159	613071
160	658613
161	683228
162	713355
163	767432
164	858154
165	941968
166	977104
167	969289
168	943728
169	903323
170	852071
171	795361
172	748029
173	722979
174	707181
175	693166
176	671597
177	640104
178	596299
179	548974
180	501777
181	456599
182	415469
183	382725
184	355941
185	335158
186	318876
187	302561
188	288527
189	271150
190	250033
191	230861
192	210261
193	191622
194	175181
195	163337
196	153425
197	145422
198	139184
199	133426
200	125935
201	118226
202	109195
203	100308
204	92247
205	84988
206	79129
207	74323
208	70464
209	66646
210	63173
211	59683
212	55576
213	50934
214	46466
215	42943
216	39689
217	36417
218	34633
219	32713
220	30573
221	29299
222	26949
223	24911
224	22852
225	20752
226	19171
227	18111
228	16810
229	15841
230	15061
231	14073
232	13193
233	12479
234	11262
235	10584
236	9586
237	8958
238	8732
239	8236
240	7994
241	8253
242	7063
243	6001
244	5572
245	5375
246	4998
247	4808
248	4607
249	3631
250	945
251	989
252	915

