## htsjdk.samtools.metrics.StringHeader
# CollectInsertSizeMetrics  --Histogram_FILE pandisease.epifluidlab.cchmc.org/results/20200420-week-17/jhu-cfdna-frag/picard_metrics/EGAR00002027887.hg19.insert_size.pdf --INPUT pandisease.epifluidlab.cchmc.org/results/20200420-week-17/jhu-cfdna-frag/filtered_bam/EGAR00002027887.hg19.filtered.bam --OUTPUT pandisease.epifluidlab.cchmc.org/results/20200420-week-17/jhu-cfdna-frag/picard_metrics/EGAR00002027887.hg19.insert_size.txt  --DEVIATIONS 10.0 --MINIMUM_PCT 0.05 --METRIC_ACCUMULATION_LEVEL ALL_READS --INCLUDE_DUPLICATES false --ASSUME_SORTED true --STOP_AFTER 0 --VERBOSITY INFO --QUIET false --VALIDATION_STRINGENCY STRICT --COMPRESSION_LEVEL 5 --MAX_RECORDS_IN_RAM 500000 --CREATE_INDEX false --CREATE_MD5_FILE false --GA4GH_CLIENT_SECRETS client_secrets.json --help false --version false --showHidden false --USE_JDK_DEFLATER false --USE_JDK_INFLATER false
## htsjdk.samtools.metrics.StringHeader
# Started on: Sun May 03 15:24:52 UTC 2020

## METRICS CLASS	picard.analysis.InsertSizeMetrics
MEDIAN_INSERT_SIZE	MODE_INSERT_SIZE	MEDIAN_ABSOLUTE_DEVIATION	MIN_INSERT_SIZE	MAX_INSERT_SIZE	MEAN_INSERT_SIZE	STANDARD_DEVIATION	READ_PAIRS	PAIR_ORIENTATION	WIDTH_OF_10_PERCENT	WIDTH_OF_20_PERCENT	WIDTH_OF_30_PERCENT	WIDTH_OF_40_PERCENT	WIDTH_OF_50_PERCENT	WIDTH_OF_60_PERCENT	WIDTH_OF_70_PERCENT	WIDTH_OF_80_PERCENT	WIDTH_OF_90_PERCENT	WIDTH_OF_95_PERCENT	WIDTH_OF_99_PERCENT	SAMPLE	LIBRARY	READ_GROUP
169	167	11	87	255	169.35818	20.505286	33080788	FR	5	9	13	19	23	31	39	51	69	87	125			

## HISTOGRAM	java.lang.Integer
insert_size	All_Reads.fr_count
87	1622
88	2122
89	2043
90	2510
91	2755
92	2298
93	2455
94	2606
95	2643
96	3334
97	2835
98	3101
99	9321
100	10502
101	11705
102	12230
103	12477
104	12450
105	12224
106	13044
107	14844
108	16552
109	20093
110	24511
111	27008
112	27923
113	25334
114	23117
115	23643
116	25815
117	28387
118	31828
119	36686
120	45959
121	58444
122	68871
123	66743
124	54949
125	44584
126	41838
127	44708
128	49594
129	57060
130	68454
131	87801
132	115582
133	143052
134	148316
135	128598
136	112442
137	116531
138	137477
139	172791
140	215535
141	250839
142	262298
143	258735
144	260791
145	265423
146	264085
147	270846
148	286768
149	310431
150	340380
151	373757
152	403657
153	404940
154	386484
155	379936
156	398078
157	437986
158	490627
159	551616
160	598550
161	625815
162	647700
163	690746
164	762822
165	838462
166	881101
167	896756
168	892881
169	873275
170	838418
171	798870
172	763752
173	750215
174	746922
175	748112
176	736735
177	710241
178	672096
179	627658
180	582893
181	536901
182	495966
183	461090
184	434557
185	414073
186	397715
187	383152
188	367286
189	345971
190	321304
191	295697
192	270570
193	247720
194	227015
195	212153
196	200232
197	191043
198	182897
199	174147
200	163352
201	151953
202	140137
203	127219
204	117327
205	107405
206	99543
207	94106
208	88888
209	83785
210	78075
211	73301
212	67555
213	61806
214	56389
215	52149
216	48095
217	44348
218	41088
219	38636
220	36534
221	34257
222	31830
223	29267
224	26769
225	23789
226	22033
227	20363
228	19139
229	18038
230	16929
231	15870
232	14619
233	13489
234	12449
235	11423
236	10667
237	9929
238	9290
239	8803
240	8299
241	7982
242	7597
243	7231
244	6732
245	6363
246	6020
247	6332
248	5156
249	4390
250	4254
251	4164
252	3923
253	3772
254	3929
255	3467

