## htsjdk.samtools.metrics.StringHeader
# CollectInsertSizeMetrics  --Histogram_FILE pandisease.epifluidlab.cchmc.org/results/20200420-week-17/jhu-cfdna-frag/picard_metrics/EGAR00002027851.hg19.insert_size.pdf --INPUT pandisease.epifluidlab.cchmc.org/results/20200420-week-17/jhu-cfdna-frag/filtered_bam/EGAR00002027851.hg19.filtered.bam --OUTPUT pandisease.epifluidlab.cchmc.org/results/20200420-week-17/jhu-cfdna-frag/picard_metrics/EGAR00002027851.hg19.insert_size.txt  --DEVIATIONS 10.0 --MINIMUM_PCT 0.05 --METRIC_ACCUMULATION_LEVEL ALL_READS --INCLUDE_DUPLICATES false --ASSUME_SORTED true --STOP_AFTER 0 --VERBOSITY INFO --QUIET false --VALIDATION_STRINGENCY STRICT --COMPRESSION_LEVEL 5 --MAX_RECORDS_IN_RAM 500000 --CREATE_INDEX false --CREATE_MD5_FILE false --GA4GH_CLIENT_SECRETS client_secrets.json --help false --version false --showHidden false --USE_JDK_DEFLATER false --USE_JDK_INFLATER false
## htsjdk.samtools.metrics.StringHeader
# Started on: Sun May 03 11:39:34 UTC 2020

## METRICS CLASS	picard.analysis.InsertSizeMetrics
MEDIAN_INSERT_SIZE	MODE_INSERT_SIZE	MEDIAN_ABSOLUTE_DEVIATION	MIN_INSERT_SIZE	MAX_INSERT_SIZE	MEAN_INSERT_SIZE	STANDARD_DEVIATION	READ_PAIRS	PAIR_ORIENTATION	WIDTH_OF_10_PERCENT	WIDTH_OF_20_PERCENT	WIDTH_OF_30_PERCENT	WIDTH_OF_40_PERCENT	WIDTH_OF_50_PERCENT	WIDTH_OF_60_PERCENT	WIDTH_OF_70_PERCENT	WIDTH_OF_80_PERCENT	WIDTH_OF_90_PERCENT	WIDTH_OF_95_PERCENT	WIDTH_OF_99_PERCENT	SAMPLE	LIBRARY	READ_GROUP
168	167	10	90	247	168.657804	19.035346	45653131	FR	5	9	13	17	21	29	37	47	63	81	117			

## HISTOGRAM	java.lang.Integer
insert_size	All_Reads.fr_count
90	228
91	295
92	325
93	621
94	2918
95	2974
96	3635
97	3111
98	3289
99	8298
100	8865
101	10274
102	10601
103	11085
104	11181
105	11435
106	12334
107	14564
108	16013
109	18078
110	20990
111	23742
112	24593
113	23927
114	22917
115	24306
116	25931
117	29232
118	33270
119	37759
120	46252
121	57562
122	67017
123	66975
124	57217
125	49489
126	49628
127	55246
128	62334
129	72896
130	87649
131	110927
132	143342
133	176415
134	184127
135	166606
136	155091
137	165735
138	195910
139	239636
140	293058
141	335935
142	355348
143	359957
144	370433
145	381039
146	387144
147	400171
148	425973
149	458387
150	493670
151	537748
152	575911
153	582806
154	567520
155	568408
156	598988
157	657742
158	735975
159	819427
160	886056
161	931011
162	976542
163	1051686
164	1171391
165	1284712
166	1342115
167	1351373
168	1337906
169	1302507
170	1248818
171	1188388
172	1131475
173	1104736
174	1087324
175	1071998
176	1039465
177	984248
178	915579
179	841351
180	769883
181	701898
182	645150
183	597475
184	557099
185	525613
186	498778
187	473340
188	445744
189	414171
190	382293
191	348319
192	315725
193	289914
194	266178
195	248758
196	233618
197	220579
198	209754
199	198721
200	186532
201	173738
202	159713
203	146959
204	135402
205	124142
206	115878
207	107694
208	101687
209	96132
210	90705
211	84561
212	78068
213	71988
214	65682
215	59967
216	55776
217	51657
218	48571
219	45599
220	42909
221	39777
222	36670
223	33483
224	31589
225	28654
226	26560
227	24411
228	22724
229	21649
230	20329
231	19180
232	17551
233	16618
234	15359
235	13904
236	13313
237	12559
238	11809
239	11352
240	12054
241	10226
242	8924
243	8402
244	7781
245	7182
246	7146
247	6389

