## htsjdk.samtools.metrics.StringHeader
# CollectInsertSizeMetrics  --Histogram_FILE pandisease.epifluidlab.cchmc.org/results/20200420-week-17/jhu-cfdna-frag/picard_metrics/EGAR00002027802.hg19.insert_size.pdf --INPUT pandisease.epifluidlab.cchmc.org/results/20200420-week-17/jhu-cfdna-frag/filtered_bam/EGAR00002027802.hg19.filtered.bam --OUTPUT pandisease.epifluidlab.cchmc.org/results/20200420-week-17/jhu-cfdna-frag/picard_metrics/EGAR00002027802.hg19.insert_size.txt  --DEVIATIONS 10.0 --MINIMUM_PCT 0.05 --METRIC_ACCUMULATION_LEVEL ALL_READS --INCLUDE_DUPLICATES false --ASSUME_SORTED true --STOP_AFTER 0 --VERBOSITY INFO --QUIET false --VALIDATION_STRINGENCY STRICT --COMPRESSION_LEVEL 5 --MAX_RECORDS_IN_RAM 500000 --CREATE_INDEX false --CREATE_MD5_FILE false --GA4GH_CLIENT_SECRETS client_secrets.json --help false --version false --showHidden false --USE_JDK_DEFLATER false --USE_JDK_INFLATER false
## htsjdk.samtools.metrics.StringHeader
# Started on: Sun May 03 00:57:19 UTC 2020

## METRICS CLASS	picard.analysis.InsertSizeMetrics
MEDIAN_INSERT_SIZE	MODE_INSERT_SIZE	MEDIAN_ABSOLUTE_DEVIATION	MIN_INSERT_SIZE	MAX_INSERT_SIZE	MEAN_INSERT_SIZE	STANDARD_DEVIATION	READ_PAIRS	PAIR_ORIENTATION	WIDTH_OF_10_PERCENT	WIDTH_OF_20_PERCENT	WIDTH_OF_30_PERCENT	WIDTH_OF_40_PERCENT	WIDTH_OF_50_PERCENT	WIDTH_OF_60_PERCENT	WIDTH_OF_70_PERCENT	WIDTH_OF_80_PERCENT	WIDTH_OF_90_PERCENT	WIDTH_OF_95_PERCENT	WIDTH_OF_99_PERCENT	SAMPLE	LIBRARY	READ_GROUP
162	166	12	67	256	160.41518	21.739129	62025492	FR	5	9	15	19	25	31	41	51	71	93	143			

## HISTOGRAM	java.lang.Integer
insert_size	All_Reads.fr_count
67	13
68	369
69	489
70	534
71	3304
72	3249
73	3798
74	4575
75	4570
76	4169
77	4846
78	4858
79	4865
80	4714
81	5414
82	5361
83	6260
84	6569
85	6090
86	6281
87	5801
88	7527
89	8359
90	8456
91	8660
92	7844
93	8340
94	8948
95	10730
96	10674
97	9632
98	10217
99	37578
100	43375
101	48068
102	50037
103	50789
104	50396
105	50493
106	55447
107	62228
108	69506
109	76878
110	89151
111	101245
112	106101
113	97917
114	92439
115	95822
116	104974
117	117862
118	131452
119	144788
120	168227
121	205987
122	233879
123	232544
124	209460
125	198872
126	210507
127	233817
128	262684
129	294177
130	337877
131	398604
132	478664
133	543333
134	558667
135	529387
136	515510
137	542918
138	605056
139	680185
140	744204
141	790718
142	808542
143	823188
144	837391
145	845627
146	853005
147	874638
148	912650
149	947803
150	970348
151	982894
152	992069
153	985834
154	971303
155	981602
156	1019237
157	1077740
158	1148107
159	1213189
160	1252382
161	1284699
162	1341425
163	1456596
164	1640804
165	1795612
166	1813172
167	1729454
168	1609477
169	1489864
170	1369047
171	1254263
172	1159738
173	1103790
174	1064906
175	1020756
176	962555
177	878201
178	782504
179	692139
180	611728
181	538473
182	482242
183	435117
184	399336
185	372246
186	349527
187	326631
188	302100
189	279157
190	252970
191	227145
192	204113
193	184484
194	167483
195	155334
196	145742
197	138793
198	132853
199	127453
200	120702
201	112762
202	103713
203	94036
204	86756
205	79438
206	75244
207	71676
208	69576
209	69110
210	68201
211	65737
212	61624
213	57293
214	50906
215	46884
216	43898
217	42485
218	42301
219	42885
220	44000
221	44884
222	42578
223	39610
224	36480
225	32967
226	30910
227	30889
228	31038
229	32379
230	34365
231	34971
232	34442
233	33177
234	31382
235	29178
236	27554
237	27489
238	28000
239	29114
240	30450
241	31757
242	31575
243	30421
244	29140
245	30295
246	26887
247	24455
248	24938
249	24814
250	10981
251	11184
252	10936
253	3566
254	2315
255	2333
256	1994

