## htsjdk.samtools.metrics.StringHeader
# CollectInsertSizeMetrics  --Histogram_FILE pandisease.epifluidlab.cchmc.org/results/20200420-week-17/jhu-cfdna-frag/picard_metrics/EGAR00002027785.hg19.insert_size.pdf --INPUT pandisease.epifluidlab.cchmc.org/results/20200420-week-17/jhu-cfdna-frag/filtered_bam/EGAR00002027785.hg19.filtered.bam --OUTPUT pandisease.epifluidlab.cchmc.org/results/20200420-week-17/jhu-cfdna-frag/picard_metrics/EGAR00002027785.hg19.insert_size.txt  --DEVIATIONS 10.0 --MINIMUM_PCT 0.05 --METRIC_ACCUMULATION_LEVEL ALL_READS --INCLUDE_DUPLICATES false --ASSUME_SORTED true --STOP_AFTER 0 --VERBOSITY INFO --QUIET false --VALIDATION_STRINGENCY STRICT --COMPRESSION_LEVEL 5 --MAX_RECORDS_IN_RAM 500000 --CREATE_INDEX false --CREATE_MD5_FILE false --GA4GH_CLIENT_SECRETS client_secrets.json --help false --version false --showHidden false --USE_JDK_DEFLATER false --USE_JDK_INFLATER false
## htsjdk.samtools.metrics.StringHeader
# Started on: Sun May 03 13:44:01 UTC 2020

## METRICS CLASS	picard.analysis.InsertSizeMetrics
MEDIAN_INSERT_SIZE	MODE_INSERT_SIZE	MEDIAN_ABSOLUTE_DEVIATION	MIN_INSERT_SIZE	MAX_INSERT_SIZE	MEAN_INSERT_SIZE	STANDARD_DEVIATION	READ_PAIRS	PAIR_ORIENTATION	WIDTH_OF_10_PERCENT	WIDTH_OF_20_PERCENT	WIDTH_OF_30_PERCENT	WIDTH_OF_40_PERCENT	WIDTH_OF_50_PERCENT	WIDTH_OF_60_PERCENT	WIDTH_OF_70_PERCENT	WIDTH_OF_80_PERCENT	WIDTH_OF_90_PERCENT	WIDTH_OF_95_PERCENT	WIDTH_OF_99_PERCENT	SAMPLE	LIBRARY	READ_GROUP
165	167	13	72	256	163.620171	22.14471	32374497	FR	5	9	15	21	27	33	43	55	75	95	129			

## HISTOGRAM	java.lang.Integer
insert_size	All_Reads.fr_count
72	704
73	886
74	1377
75	1993
76	1996
77	2257
78	2272
79	2438
80	2199
81	2232
82	2496
83	2954
84	3333
85	2927
86	3049
87	2647
88	3216
89	3878
90	4251
91	3899
92	3737
93	3866
94	4046
95	4603
96	4903
97	4573
98	4904
99	22593
100	26231
101	30114
102	32672
103	33114
104	32120
105	32459
106	34715
107	38604
108	43250
109	49288
110	58818
111	66498
112	65941
113	58956
114	54556
115	55216
116	59308
117	64769
118	70171
119	76738
120	89883
121	111508
122	127808
123	121832
124	98048
125	81748
126	79725
127	85188
128	95029
129	108265
130	128539
131	156810
132	195057
133	228267
134	229987
135	203648
136	185568
137	195223
138	224736
139	268754
140	314460
141	349523
142	356126
143	352154
144	350742
145	352987
146	351354
147	356880
148	373058
149	390415
150	407971
151	429370
152	447431
153	445820
154	428041
155	423731
156	441320
157	474100
158	523044
159	572133
160	607260
161	630108
162	651429
163	690877
164	756598
165	815124
166	840524
167	841182
168	826719
169	801382
170	763667
171	718733
172	681907
173	660223
174	644893
175	630496
176	612872
177	577545
178	535933
179	493019
180	449270
181	410088
182	376118
183	345897
184	323246
185	302593
186	287346
187	272309
188	257312
189	239978
190	219985
191	201144
192	183005
193	167940
194	154044
195	143542
196	134147
197	127880
198	121052
199	113859
200	107052
201	99102
202	91167
203	83296
204	76905
205	71149
206	66236
207	61932
208	58919
209	55519
210	52221
211	48694
212	44637
213	41319
214	37908
215	35195
216	32363
217	30138
218	28663
219	26820
220	24862
221	23459
222	22029
223	20104
224	18879
225	17451
226	15795
227	14800
228	14004
229	13107
230	12360
231	11747
232	11078
233	10526
234	9706
235	8991
236	8241
237	7785
238	7503
239	7325
240	7153
241	6946
242	6591
243	6240
244	5928
245	5679
246	5395
247	5234
248	5116
249	5284
250	4822
251	4453
252	4533
253	4847
254	4255
255	4157
256	3581

