## htsjdk.samtools.metrics.StringHeader
# CollectInsertSizeMetrics  --Histogram_FILE pandisease.epifluidlab.cchmc.org/results/20200420-week-17/jhu-cfdna-frag/picard_metrics/EGAR00002027873.hg19.insert_size.pdf --INPUT pandisease.epifluidlab.cchmc.org/results/20200420-week-17/jhu-cfdna-frag/filtered_bam/EGAR00002027873.hg19.filtered.bam --OUTPUT pandisease.epifluidlab.cchmc.org/results/20200420-week-17/jhu-cfdna-frag/picard_metrics/EGAR00002027873.hg19.insert_size.txt  --DEVIATIONS 10.0 --MINIMUM_PCT 0.05 --METRIC_ACCUMULATION_LEVEL ALL_READS --INCLUDE_DUPLICATES false --ASSUME_SORTED true --STOP_AFTER 0 --VERBOSITY INFO --QUIET false --VALIDATION_STRINGENCY STRICT --COMPRESSION_LEVEL 5 --MAX_RECORDS_IN_RAM 500000 --CREATE_INDEX false --CREATE_MD5_FILE false --GA4GH_CLIENT_SECRETS client_secrets.json --help false --version false --showHidden false --USE_JDK_DEFLATER false --USE_JDK_INFLATER false
## htsjdk.samtools.metrics.StringHeader
# Started on: Sun May 03 15:06:02 UTC 2020

## METRICS CLASS	picard.analysis.InsertSizeMetrics
MEDIAN_INSERT_SIZE	MODE_INSERT_SIZE	MEDIAN_ABSOLUTE_DEVIATION	MIN_INSERT_SIZE	MAX_INSERT_SIZE	MEAN_INSERT_SIZE	STANDARD_DEVIATION	READ_PAIRS	PAIR_ORIENTATION	WIDTH_OF_10_PERCENT	WIDTH_OF_20_PERCENT	WIDTH_OF_30_PERCENT	WIDTH_OF_40_PERCENT	WIDTH_OF_50_PERCENT	WIDTH_OF_60_PERCENT	WIDTH_OF_70_PERCENT	WIDTH_OF_80_PERCENT	WIDTH_OF_90_PERCENT	WIDTH_OF_95_PERCENT	WIDTH_OF_99_PERCENT	SAMPLE	LIBRARY	READ_GROUP
166	166	11	83	248	165.855371	20.116492	37035970	FR	5	9	13	17	23	29	39	49	67	87	123			

## HISTOGRAM	java.lang.Integer
insert_size	All_Reads.fr_count
83	1425
84	1660
85	1488
86	1537
87	2548
88	3262
89	3563
90	3401
91	3493
92	3212
93	3669
94	4217
95	4379
96	4530
97	3686
98	4250
99	13588
100	15750
101	17229
102	17854
103	18151
104	18578
105	18726
106	20562
107	22899
108	25240
109	28872
110	34259
111	38236
112	39493
113	36891
114	35592
115	36171
116	38188
117	41966
118	46438
119	53398
120	64947
121	81249
122	94904
123	92054
124	76740
125	64307
126	61986
127	67052
128	72973
129	83113
130	98022
131	123365
132	159938
133	196522
134	203024
135	183065
136	165712
137	173277
138	202929
139	247140
140	300927
141	341211
142	355632
143	355715
144	362731
145	369920
146	373128
147	377956
148	394687
149	420017
150	445984
151	481033
152	509759
153	509457
154	493249
155	492670
156	518463
157	565573
158	626296
159	686326
160	734376
161	766290
162	808744
163	880329
164	988935
165	1088579
166	1122558
167	1110447
168	1072647
169	1025528
170	967112
171	904675
172	855194
173	824767
174	805510
175	781892
176	751295
177	701512
178	646120
179	586712
180	532069
181	480839
182	438800
183	403124
184	374084
185	353307
186	333492
187	315452
188	299006
189	279021
190	257761
191	234436
192	214663
193	196081
194	180764
195	168518
196	159182
197	149183
198	143284
199	136513
200	128672
201	120277
202	111290
203	102186
204	93914
205	86869
206	80216
207	75393
208	71451
209	67743
210	64175
211	60092
212	55578
213	51328
214	46910
215	42699
216	39677
217	36899
218	34478
219	33028
220	31019
221	29144
222	26768
223	24934
224	23038
225	20723
226	19413
227	18314
228	17033
229	15605
230	14991
231	14486
232	13488
233	12644
234	11732
235	10524
236	9806
237	9498
238	8925
239	8603
240	8700
241	7646
242	7127
243	7166
244	6236
245	5689
246	5359
247	5307
248	4922

