## htsjdk.samtools.metrics.StringHeader
# CollectInsertSizeMetrics  --Histogram_FILE pandisease.epifluidlab.cchmc.org/results/20200420-week-17/jhu-cfdna-frag/picard_metrics/EGAR00002027863.hg19.insert_size.pdf --INPUT pandisease.epifluidlab.cchmc.org/results/20200420-week-17/jhu-cfdna-frag/filtered_bam/EGAR00002027863.hg19.filtered.bam --OUTPUT pandisease.epifluidlab.cchmc.org/results/20200420-week-17/jhu-cfdna-frag/picard_metrics/EGAR00002027863.hg19.insert_size.txt  --DEVIATIONS 10.0 --MINIMUM_PCT 0.05 --METRIC_ACCUMULATION_LEVEL ALL_READS --INCLUDE_DUPLICATES false --ASSUME_SORTED true --STOP_AFTER 0 --VERBOSITY INFO --QUIET false --VALIDATION_STRINGENCY STRICT --COMPRESSION_LEVEL 5 --MAX_RECORDS_IN_RAM 500000 --CREATE_INDEX false --CREATE_MD5_FILE false --GA4GH_CLIENT_SECRETS client_secrets.json --help false --version false --showHidden false --USE_JDK_DEFLATER false --USE_JDK_INFLATER false
## htsjdk.samtools.metrics.StringHeader
# Started on: Sun May 03 15:12:25 UTC 2020

## METRICS CLASS	picard.analysis.InsertSizeMetrics
MEDIAN_INSERT_SIZE	MODE_INSERT_SIZE	MEDIAN_ABSOLUTE_DEVIATION	MIN_INSERT_SIZE	MAX_INSERT_SIZE	MEAN_INSERT_SIZE	STANDARD_DEVIATION	READ_PAIRS	PAIR_ORIENTATION	WIDTH_OF_10_PERCENT	WIDTH_OF_20_PERCENT	WIDTH_OF_30_PERCENT	WIDTH_OF_40_PERCENT	WIDTH_OF_50_PERCENT	WIDTH_OF_60_PERCENT	WIDTH_OF_70_PERCENT	WIDTH_OF_80_PERCENT	WIDTH_OF_90_PERCENT	WIDTH_OF_95_PERCENT	WIDTH_OF_99_PERCENT	SAMPLE	LIBRARY	READ_GROUP
169	167	12	77	266	169.802008	22.199185	36329938	FR	5	9	15	19	25	33	43	55	75	95	133			

## HISTOGRAM	java.lang.Integer
insert_size	All_Reads.fr_count
77	5
78	5
79	334
80	317
81	431
82	458
83	2215
84	2503
85	2533
86	2623
87	2158
88	2613
89	2812
90	2835
91	3491
92	2989
93	3093
94	3385
95	3383
96	3695
97	3274
98	3943
99	12393
100	14117
101	15239
102	16127
103	16416
104	16900
105	17156
106	18201
107	20159
108	22260
109	25934
110	30780
111	34994
112	36387
113	33860
114	32379
115	32604
116	34215
117	37141
118	41115
119	47036
120	58300
121	73441
122	85988
123	83778
124	69025
125	57596
126	55074
127	58413
128	64627
129	72464
130	86934
131	108868
132	141235
133	173937
134	180273
135	159143
136	141155
137	142570
138	164225
139	201296
140	248388
141	288868
142	304471
143	303367
144	306883
145	312861
146	310851
147	313406
148	325825
149	345109
150	371465
151	404840
152	435656
153	437423
154	416340
155	408690
156	422625
157	457439
158	507411
159	566182
160	616978
161	651408
162	677946
163	721350
164	787843
165	856165
166	891640
167	905555
168	903875
169	893002
170	860806
171	824683
172	790089
173	776652
174	768715
175	763424
176	751663
177	726557
178	690438
179	648725
180	607614
181	563238
182	526208
183	491713
184	467361
185	449018
186	435642
187	420808
188	406546
189	387771
190	364212
191	337940
192	313749
193	289656
194	269992
195	253924
196	242357
197	232317
198	223804
199	213942
200	203836
201	190460
202	178148
203	164234
204	151491
205	139973
206	131968
207	124046
208	117839
209	112981
210	106963
211	100525
212	93101
213	86127
214	79060
215	72983
216	67914
217	63200
218	59737
219	56361
220	52818
221	50293
222	46375
223	42973
224	39647
225	36249
226	33430
227	31190
228	29329
229	27293
230	25855
231	24066
232	22354
233	21028
234	19343
235	17831
236	16373
237	15051
238	14466
239	13595
240	12885
241	12215
242	11441
243	10652
244	10242
245	9754
246	8967
247	8568
248	7954
249	7503
250	7967
251	6657
252	5787
253	5808
254	5416
255	4955
256	4744
257	4709
258	4524
259	4422
260	4253
261	4086
262	4204
263	3951
264	510
265	488
266	494

