## htsjdk.samtools.metrics.StringHeader
# CollectInsertSizeMetrics  --Histogram_FILE pandisease.epifluidlab.cchmc.org/results/20200420-week-17/jhu-cfdna-frag/picard_metrics/EGAR00002027794.hg19.insert_size.pdf --INPUT pandisease.epifluidlab.cchmc.org/results/20200420-week-17/jhu-cfdna-frag/filtered_bam/EGAR00002027794.hg19.filtered.bam --OUTPUT pandisease.epifluidlab.cchmc.org/results/20200420-week-17/jhu-cfdna-frag/picard_metrics/EGAR00002027794.hg19.insert_size.txt  --DEVIATIONS 10.0 --MINIMUM_PCT 0.05 --METRIC_ACCUMULATION_LEVEL ALL_READS --INCLUDE_DUPLICATES false --ASSUME_SORTED true --STOP_AFTER 0 --VERBOSITY INFO --QUIET false --VALIDATION_STRINGENCY STRICT --COMPRESSION_LEVEL 5 --MAX_RECORDS_IN_RAM 500000 --CREATE_INDEX false --CREATE_MD5_FILE false --GA4GH_CLIENT_SECRETS client_secrets.json --help false --version false --showHidden false --USE_JDK_DEFLATER false --USE_JDK_INFLATER false
## htsjdk.samtools.metrics.StringHeader
# Started on: Sun May 03 15:38:34 UTC 2020

## METRICS CLASS	picard.analysis.InsertSizeMetrics
MEDIAN_INSERT_SIZE	MODE_INSERT_SIZE	MEDIAN_ABSOLUTE_DEVIATION	MIN_INSERT_SIZE	MAX_INSERT_SIZE	MEAN_INSERT_SIZE	STANDARD_DEVIATION	READ_PAIRS	PAIR_ORIENTATION	WIDTH_OF_10_PERCENT	WIDTH_OF_20_PERCENT	WIDTH_OF_30_PERCENT	WIDTH_OF_40_PERCENT	WIDTH_OF_50_PERCENT	WIDTH_OF_60_PERCENT	WIDTH_OF_70_PERCENT	WIDTH_OF_80_PERCENT	WIDTH_OF_90_PERCENT	WIDTH_OF_95_PERCENT	WIDTH_OF_99_PERCENT	SAMPLE	LIBRARY	READ_GROUP
161	165	10	81	236	158.38437	18.109953	28934790	FR	5	9	13	17	21	27	35	45	61	79	111			

## HISTOGRAM	java.lang.Integer
insert_size	All_Reads.fr_count
81	1464
82	1610
83	1908
84	1937
85	2186
86	2465
87	2371
88	2685
89	2972
90	3088
91	3076
92	3228
93	3593
94	3748
95	3965
96	4039
97	3724
98	4333
99	14782
100	16651
101	18815
102	20494
103	21170
104	21488
105	21522
106	23125
107	25598
108	27445
109	30465
110	35168
111	39912
112	41866
113	39457
114	38392
115	39652
116	43256
117	48524
118	53082
119	58954
120	70222
121	89044
122	105421
123	106102
124	91784
125	82808
126	85003
127	94781
128	107025
129	119084
130	139214
131	171883
132	216777
133	258881
134	269611
135	252207
136	239940
137	253484
138	287857
139	328981
140	364623
141	391491
142	404091
143	410289
144	418384
145	422151
146	421333
147	425626
148	440178
149	454649
150	467430
151	479979
152	492122
153	490964
154	490280
155	503929
156	535270
157	579922
158	627761
159	669936
160	699212
161	722945
162	766446
163	850595
164	960730
165	1030468
166	1003192
167	924992
168	831655
169	743014
170	657661
171	583514
172	522999
173	484173
174	450164
175	417814
176	380528
177	336248
178	294059
179	254269
180	219829
181	191478
182	168301
183	150626
184	136484
185	126623
186	116814
187	107665
188	99597
189	89211
190	79294
191	71210
192	63411
193	57639
194	52375
195	48806
196	46069
197	43849
198	41968
199	39559
200	37429
201	34994
202	31989
203	29691
204	27881
205	25545
206	23889
207	22112
208	20957
209	19268
210	18184
211	17266
212	15804
213	14197
214	12995
215	11813
216	10944
217	9950
218	8938
219	8581
220	7847
221	7526
222	6927
223	6445
224	5810
225	5127
226	4634
227	4238
228	4204
229	4085
230	4010
231	4016
232	3599
233	1654
234	2008
235	1354
236	666

