## htsjdk.samtools.metrics.StringHeader
# CollectInsertSizeMetrics  --Histogram_FILE pandisease.epifluidlab.cchmc.org/results/20200420-week-17/jhu-cfdna-frag/picard_metrics/EGAR00002027855.hg19.insert_size.pdf --INPUT pandisease.epifluidlab.cchmc.org/results/20200420-week-17/jhu-cfdna-frag/filtered_bam/EGAR00002027855.hg19.filtered.bam --OUTPUT pandisease.epifluidlab.cchmc.org/results/20200420-week-17/jhu-cfdna-frag/picard_metrics/EGAR00002027855.hg19.insert_size.txt  --DEVIATIONS 10.0 --MINIMUM_PCT 0.05 --METRIC_ACCUMULATION_LEVEL ALL_READS --INCLUDE_DUPLICATES false --ASSUME_SORTED true --STOP_AFTER 0 --VERBOSITY INFO --QUIET false --VALIDATION_STRINGENCY STRICT --COMPRESSION_LEVEL 5 --MAX_RECORDS_IN_RAM 500000 --CREATE_INDEX false --CREATE_MD5_FILE false --GA4GH_CLIENT_SECRETS client_secrets.json --help false --version false --showHidden false --USE_JDK_DEFLATER false --USE_JDK_INFLATER false
## htsjdk.samtools.metrics.StringHeader
# Started on: Sun May 03 15:18:19 UTC 2020

## METRICS CLASS	picard.analysis.InsertSizeMetrics
MEDIAN_INSERT_SIZE	MODE_INSERT_SIZE	MEDIAN_ABSOLUTE_DEVIATION	MIN_INSERT_SIZE	MAX_INSERT_SIZE	MEAN_INSERT_SIZE	STANDARD_DEVIATION	READ_PAIRS	PAIR_ORIENTATION	WIDTH_OF_10_PERCENT	WIDTH_OF_20_PERCENT	WIDTH_OF_30_PERCENT	WIDTH_OF_40_PERCENT	WIDTH_OF_50_PERCENT	WIDTH_OF_60_PERCENT	WIDTH_OF_70_PERCENT	WIDTH_OF_80_PERCENT	WIDTH_OF_90_PERCENT	WIDTH_OF_95_PERCENT	WIDTH_OF_99_PERCENT	SAMPLE	LIBRARY	READ_GROUP
168	167	11	85	253	167.677222	20.343036	36785654	FR	5	9	13	17	23	31	39	51	69	87	123			

## HISTOGRAM	java.lang.Integer
insert_size	All_Reads.fr_count
85	1189
86	1908
87	1532
88	1841
89	2565
90	3119
91	2921
92	2755
93	2879
94	3082
95	3622
96	3698
97	3369
98	3615
99	11475
100	12712
101	14577
102	14834
103	15175
104	15164
105	15306
106	15750
107	17462
108	20084
109	23527
110	28243
111	31332
112	32308
113	29906
114	28061
115	28681
116	30716
117	33297
118	37609
119	43913
120	54298
121	70435
122	83224
123	82591
124	67603
125	55011
126	52853
127	56430
128	62748
129	71653
130	86246
131	110464
132	146892
133	182615
134	191561
135	168685
136	147175
137	152099
138	177780
139	221203
140	275281
141	318841
142	332258
143	329322
144	333433
145	339273
146	339272
147	342550
148	357869
149	381337
150	414083
151	452602
152	486056
153	487277
154	464032
155	458111
156	479523
157	525628
158	582568
159	647662
160	697283
161	727427
162	754889
163	808079
164	892193
165	978651
166	1018962
167	1026349
168	1011928
169	981773
170	935315
171	883294
172	840410
173	818863
174	810211
175	803376
176	782399
177	749745
178	702312
179	648370
180	595816
181	543710
182	501668
183	463181
184	436540
185	413956
186	394972
187	380016
188	360853
189	337869
190	312381
191	287101
192	260584
193	238006
194	219349
195	204820
196	191561
197	183259
198	174175
199	165819
200	155132
201	143672
202	132558
203	121470
204	111282
205	102635
206	96020
207	90008
208	84543
209	79628
210	75335
211	70046
212	64760
213	59545
214	54641
215	50524
216	45923
217	42815
218	40104
219	37932
220	35647
221	33313
222	31153
223	28341
224	26626
225	23936
226	21920
227	20542
228	19371
229	17786
230	16652
231	15906
232	14552
233	13794
234	12891
235	11914
236	10879
237	10151
238	9589
239	9465
240	9007
241	8464
242	8326
243	7513
244	7012
245	7109
246	6474
247	5398
248	4849
249	4736
250	4519
251	1683
252	1743
253	1584

