## htsjdk.samtools.metrics.StringHeader
# CollectInsertSizeMetrics  --Histogram_FILE pandisease.epifluidlab.cchmc.org/results/20200420-week-17/jhu-cfdna-frag/picard_metrics/EGAR00002027886.hg19.insert_size.pdf --INPUT pandisease.epifluidlab.cchmc.org/results/20200420-week-17/jhu-cfdna-frag/filtered_bam/EGAR00002027886.hg19.filtered.bam --OUTPUT pandisease.epifluidlab.cchmc.org/results/20200420-week-17/jhu-cfdna-frag/picard_metrics/EGAR00002027886.hg19.insert_size.txt  --DEVIATIONS 10.0 --MINIMUM_PCT 0.05 --METRIC_ACCUMULATION_LEVEL ALL_READS --INCLUDE_DUPLICATES false --ASSUME_SORTED true --STOP_AFTER 0 --VERBOSITY INFO --QUIET false --VALIDATION_STRINGENCY STRICT --COMPRESSION_LEVEL 5 --MAX_RECORDS_IN_RAM 500000 --CREATE_INDEX false --CREATE_MD5_FILE false --GA4GH_CLIENT_SECRETS client_secrets.json --help false --version false --showHidden false --USE_JDK_DEFLATER false --USE_JDK_INFLATER false
## htsjdk.samtools.metrics.StringHeader
# Started on: Sun May 03 15:45:34 UTC 2020

## METRICS CLASS	picard.analysis.InsertSizeMetrics
MEDIAN_INSERT_SIZE	MODE_INSERT_SIZE	MEDIAN_ABSOLUTE_DEVIATION	MIN_INSERT_SIZE	MAX_INSERT_SIZE	MEAN_INSERT_SIZE	STANDARD_DEVIATION	READ_PAIRS	PAIR_ORIENTATION	WIDTH_OF_10_PERCENT	WIDTH_OF_20_PERCENT	WIDTH_OF_30_PERCENT	WIDTH_OF_40_PERCENT	WIDTH_OF_50_PERCENT	WIDTH_OF_60_PERCENT	WIDTH_OF_70_PERCENT	WIDTH_OF_80_PERCENT	WIDTH_OF_90_PERCENT	WIDTH_OF_95_PERCENT	WIDTH_OF_99_PERCENT	SAMPLE	LIBRARY	READ_GROUP
167	166	11	84	245	165.991302	19.53325	29421382	FR	5	7	13	17	23	29	37	49	67	85	119			

## HISTOGRAM	java.lang.Integer
insert_size	All_Reads.fr_count
84	2261
85	1840
86	1944
87	1655
88	2039
89	2553
90	2677
91	2767
92	2368
93	2432
94	3216
95	3412
96	3524
97	2848
98	3116
99	9642
100	11418
101	12812
102	13003
103	13597
104	13482
105	13231
106	14348
107	16668
108	18512
109	21641
110	26339
111	29557
112	30213
113	27770
114	26437
115	26862
116	28656
117	30629
118	35213
119	40041
120	49798
121	64205
122	75440
123	74132
124	60611
125	48714
126	46470
127	49437
128	54102
129	62408
130	75041
131	94528
132	125379
133	155212
134	161313
135	142007
136	125317
137	128476
138	152060
139	189037
140	231720
141	265228
142	274026
143	273117
144	275685
145	279239
146	276858
147	278883
148	292954
149	315878
150	342406
151	371949
152	398206
153	399980
154	383797
155	381867
156	402974
157	443414
158	493587
159	545300
160	588589
161	612791
162	638042
163	693151
164	781307
165	864252
166	893845
167	891291
168	867591
169	833560
170	784745
171	734709
172	690362
173	669956
174	657394
175	647262
176	626916
177	593424
178	550361
179	501752
180	456051
181	412326
182	374186
183	342990
184	316409
185	298913
186	281963
187	265059
188	249884
189	230476
190	211169
191	191610
192	172995
193	157204
194	142906
195	131968
196	123041
197	115059
198	108972
199	103061
200	95523
201	88906
202	81400
203	74221
204	68659
205	62549
206	58025
207	53637
208	50770
209	47894
210	45094
211	42274
212	38675
213	35843
214	32746
215	29884
216	27455
217	25296
218	23674
219	22414
220	21272
221	19721
222	18284
223	16682
224	15522
225	13987
226	12891
227	12238
228	11356
229	10538
230	9736
231	9249
232	8704
233	8219
234	7693
235	6866
236	6542
237	6140
238	5858
239	5580
240	5531
241	5291
242	3549
243	3591
244	3839
245	544

