## htsjdk.samtools.metrics.StringHeader
# CollectInsertSizeMetrics  --Histogram_FILE pandisease.epifluidlab.cchmc.org/results/20200420-week-17/jhu-cfdna-frag/picard_metrics/EGAR00002027860.hg19.insert_size.pdf --INPUT pandisease.epifluidlab.cchmc.org/results/20200420-week-17/jhu-cfdna-frag/filtered_bam/EGAR00002027860.hg19.filtered.bam --OUTPUT pandisease.epifluidlab.cchmc.org/results/20200420-week-17/jhu-cfdna-frag/picard_metrics/EGAR00002027860.hg19.insert_size.txt  --DEVIATIONS 10.0 --MINIMUM_PCT 0.05 --METRIC_ACCUMULATION_LEVEL ALL_READS --INCLUDE_DUPLICATES false --ASSUME_SORTED true --STOP_AFTER 0 --VERBOSITY INFO --QUIET false --VALIDATION_STRINGENCY STRICT --COMPRESSION_LEVEL 5 --MAX_RECORDS_IN_RAM 500000 --CREATE_INDEX false --CREATE_MD5_FILE false --GA4GH_CLIENT_SECRETS client_secrets.json --help false --version false --showHidden false --USE_JDK_DEFLATER false --USE_JDK_INFLATER false
## htsjdk.samtools.metrics.StringHeader
# Started on: Sun May 03 01:41:51 UTC 2020

## METRICS CLASS	picard.analysis.InsertSizeMetrics
MEDIAN_INSERT_SIZE	MODE_INSERT_SIZE	MEDIAN_ABSOLUTE_DEVIATION	MIN_INSERT_SIZE	MAX_INSERT_SIZE	MEAN_INSERT_SIZE	STANDARD_DEVIATION	READ_PAIRS	PAIR_ORIENTATION	WIDTH_OF_10_PERCENT	WIDTH_OF_20_PERCENT	WIDTH_OF_30_PERCENT	WIDTH_OF_40_PERCENT	WIDTH_OF_50_PERCENT	WIDTH_OF_60_PERCENT	WIDTH_OF_70_PERCENT	WIDTH_OF_80_PERCENT	WIDTH_OF_90_PERCENT	WIDTH_OF_95_PERCENT	WIDTH_OF_99_PERCENT	SAMPLE	LIBRARY	READ_GROUP
168	167	11	79	261	167.960395	20.685382	63868709	FR	5	9	13	19	23	31	39	51	69	89	125			

## HISTOGRAM	java.lang.Integer
insert_size	All_Reads.fr_count
79	1
80	3
81	3
82	317
83	538
84	756
85	712
86	3861
87	3245
88	3830
89	4229
90	4910
91	4703
92	4296
93	4543
94	5029
95	5896
96	5956
97	5079
98	5462
99	19841
100	22609
101	25589
102	26177
103	26680
104	26695
105	26282
106	28132
107	31275
108	36260
109	42111
110	50685
111	57281
112	57909
113	52984
114	48558
115	50543
116	54026
117	59424
118	66519
119	76773
120	95740
121	123766
122	148687
123	145500
124	116590
125	93526
126	88321
127	94810
128	104936
129	121045
130	148318
131	190323
132	253572
133	317224
134	329245
135	287930
136	256079
137	263644
138	309714
139	387723
140	480668
141	552254
142	571165
143	563781
144	568777
145	577358
146	577574
147	585448
148	613775
149	657890
150	708511
151	776892
152	832111
153	831567
154	794438
155	788470
156	831538
157	913062
158	1019321
159	1129526
160	1213814
161	1262128
162	1307081
163	1401906
164	1559395
165	1706433
166	1775634
167	1776430
168	1747432
169	1689391
170	1607564
171	1512433
172	1430356
173	1387512
174	1363465
175	1348308
176	1324626
177	1270853
178	1198781
179	1115082
180	1030374
181	940150
182	865991
183	800612
184	751131
185	718758
186	688640
187	663580
188	634615
189	599756
190	557460
191	511866
192	467291
193	428740
194	394559
195	367246
196	347310
197	329783
198	315084
199	300234
200	283201
201	264466
202	243413
203	222633
204	204979
205	187858
206	175799
207	164535
208	155687
209	147225
210	139207
211	130398
212	120264
213	110668
214	101405
215	93408
216	85215
217	78939
218	74337
219	70193
220	65770
221	61787
222	56963
223	52948
224	48410
225	44133
226	40772
227	37623
228	35631
229	33251
230	31478
231	29580
232	27612
233	25283
234	23770
235	21575
236	19953
237	18870
238	17705
239	17067
240	16619
241	15913
242	15189
243	14556
244	13626
245	13059
246	13503
247	11461
248	9833
249	9682
250	9297
251	8962
252	8735
253	8659
254	8477
255	3730
256	3610
257	3701
258	3417
259	95
260	127
261	102

