## htsjdk.samtools.metrics.StringHeader
# CollectInsertSizeMetrics  --Histogram_FILE pandisease.epifluidlab.cchmc.org/results/20200420-week-17/jhu-cfdna-frag/picard_metrics/EGAR00002027890.hg19.insert_size.pdf --INPUT pandisease.epifluidlab.cchmc.org/results/20200420-week-17/jhu-cfdna-frag/filtered_bam/EGAR00002027890.hg19.filtered.bam --OUTPUT pandisease.epifluidlab.cchmc.org/results/20200420-week-17/jhu-cfdna-frag/picard_metrics/EGAR00002027890.hg19.insert_size.txt  --DEVIATIONS 10.0 --MINIMUM_PCT 0.05 --METRIC_ACCUMULATION_LEVEL ALL_READS --INCLUDE_DUPLICATES false --ASSUME_SORTED true --STOP_AFTER 0 --VERBOSITY INFO --QUIET false --VALIDATION_STRINGENCY STRICT --COMPRESSION_LEVEL 5 --MAX_RECORDS_IN_RAM 500000 --CREATE_INDEX false --CREATE_MD5_FILE false --GA4GH_CLIENT_SECRETS client_secrets.json --help false --version false --showHidden false --USE_JDK_DEFLATER false --USE_JDK_INFLATER false
## htsjdk.samtools.metrics.StringHeader
# Started on: Sun May 03 02:16:23 UTC 2020

## METRICS CLASS	picard.analysis.InsertSizeMetrics
MEDIAN_INSERT_SIZE	MODE_INSERT_SIZE	MEDIAN_ABSOLUTE_DEVIATION	MIN_INSERT_SIZE	MAX_INSERT_SIZE	MEAN_INSERT_SIZE	STANDARD_DEVIATION	READ_PAIRS	PAIR_ORIENTATION	WIDTH_OF_10_PERCENT	WIDTH_OF_20_PERCENT	WIDTH_OF_30_PERCENT	WIDTH_OF_40_PERCENT	WIDTH_OF_50_PERCENT	WIDTH_OF_60_PERCENT	WIDTH_OF_70_PERCENT	WIDTH_OF_80_PERCENT	WIDTH_OF_90_PERCENT	WIDTH_OF_95_PERCENT	WIDTH_OF_99_PERCENT	SAMPLE	LIBRARY	READ_GROUP
166	166	11	89	244	165.709668	18.635823	213739250	FR	5	7	13	17	23	29	37	47	63	79	113			

## HISTOGRAM	java.lang.Integer
insert_size	All_Reads.fr_count
89	540
90	4990
91	5087
92	5327
93	13551
94	14270
95	14281
96	15026
97	14607
98	16966
99	50544
100	57021
101	62154
102	66339
103	69732
104	71640
105	73137
106	78564
107	87934
108	98272
109	114043
110	137920
111	156782
112	160764
113	149951
114	143282
115	148115
116	161810
117	182119
118	204310
119	234934
120	291122
121	374759
122	444238
123	436732
124	359951
125	304587
126	301107
127	327590
128	368060
129	424362
130	517225
131	662540
132	876534
133	1082342
134	1134769
135	1022447
136	935882
137	994617
138	1183653
139	1458460
140	1776933
141	2017692
142	2096230
143	2091225
144	2121010
145	2166958
146	2181286
147	2232857
148	2340082
149	2491098
150	2660005
151	2856844
152	3022706
153	3017996
154	2916333
155	2931460
156	3114423
157	3422331
158	3798332
159	4164871
160	4432140
161	4613043
162	4834508
163	5268584
164	5922772
165	6485849
166	6689776
167	6624907
168	6417943
169	6124569
170	5758030
171	5375975
172	5058522
173	4858859
174	4749559
175	4643128
176	4476815
177	4213846
178	3875731
179	3517037
180	3169965
181	2851935
182	2582840
183	2360247
184	2185336
185	2052697
186	1931068
187	1820756
188	1706033
189	1578210
190	1436693
191	1298211
192	1172258
193	1060241
194	968342
195	894634
196	834305
197	785445
198	739179
199	692205
200	641918
201	592226
202	540477
203	492793
204	451092
205	413506
206	382775
207	356580
208	333922
209	314573
210	294054
211	272753
212	251055
213	229270
214	208825
215	191509
216	175844
217	162456
218	152049
219	142470
220	134295
221	125269
222	114984
223	105247
224	96865
225	88217
226	81901
227	76122
228	71381
229	66983
230	63779
231	59225
232	55489
233	51637
234	48509
235	44375
236	41685
237	39711
238	38085
239	43601
240	34290
241	15229
242	15621
243	17080
244	11669

