## htsjdk.samtools.metrics.StringHeader
# CollectInsertSizeMetrics  --Histogram_FILE pandisease.epifluidlab.cchmc.org/results/20200420-week-17/jhu-cfdna-frag/picard_metrics/EGAR00002027833.hg19.insert_size.pdf --INPUT pandisease.epifluidlab.cchmc.org/results/20200420-week-17/jhu-cfdna-frag/filtered_bam/EGAR00002027833.hg19.filtered.bam --OUTPUT pandisease.epifluidlab.cchmc.org/results/20200420-week-17/jhu-cfdna-frag/picard_metrics/EGAR00002027833.hg19.insert_size.txt  --DEVIATIONS 10.0 --MINIMUM_PCT 0.05 --METRIC_ACCUMULATION_LEVEL ALL_READS --INCLUDE_DUPLICATES false --ASSUME_SORTED true --STOP_AFTER 0 --VERBOSITY INFO --QUIET false --VALIDATION_STRINGENCY STRICT --COMPRESSION_LEVEL 5 --MAX_RECORDS_IN_RAM 500000 --CREATE_INDEX false --CREATE_MD5_FILE false --GA4GH_CLIENT_SECRETS client_secrets.json --help false --version false --showHidden false --USE_JDK_DEFLATER false --USE_JDK_INFLATER false
## htsjdk.samtools.metrics.StringHeader
# Started on: Sun May 03 02:33:17 UTC 2020

## METRICS CLASS	picard.analysis.InsertSizeMetrics
MEDIAN_INSERT_SIZE	MODE_INSERT_SIZE	MEDIAN_ABSOLUTE_DEVIATION	MIN_INSERT_SIZE	MAX_INSERT_SIZE	MEAN_INSERT_SIZE	STANDARD_DEVIATION	READ_PAIRS	PAIR_ORIENTATION	WIDTH_OF_10_PERCENT	WIDTH_OF_20_PERCENT	WIDTH_OF_30_PERCENT	WIDTH_OF_40_PERCENT	WIDTH_OF_50_PERCENT	WIDTH_OF_60_PERCENT	WIDTH_OF_70_PERCENT	WIDTH_OF_80_PERCENT	WIDTH_OF_90_PERCENT	WIDTH_OF_95_PERCENT	WIDTH_OF_99_PERCENT	SAMPLE	LIBRARY	READ_GROUP
158	153	13	59	259	159.820953	22.529872	146476410	FR	7	11	13	19	27	33	41	53	75	97	143			

## HISTOGRAM	java.lang.Integer
insert_size	All_Reads.fr_count
59	447
60	692
61	961
62	1765
63	2682
64	3485
65	3580
66	4050
67	3662
68	4211
69	5147
70	5427
71	4899
72	4710
73	4911
74	6416
75	5759
76	6084
77	6828
78	7094
79	7607
80	7629
81	7593
82	7800
83	9509
84	10553
85	10682
86	11208
87	10424
88	11751
89	12997
90	14524
91	15625
92	15079
93	15843
94	16662
95	17435
96	17468
97	16754
98	18368
99	115924
100	158158
101	167544
102	148047
103	113596
104	83685
105	68206
106	64286
107	70216
108	81496
109	110444
110	164363
111	226105
112	234499
113	194536
114	148888
115	123869
116	124427
117	141551
118	172643
119	238858
120	384054
121	587289
122	642664
123	527883
124	403845
125	332551
126	310809
127	335688
128	398370
129	527034
130	825913
131	1363624
132	1902801
133	1989824
134	1582309
135	1161238
136	953024
137	898233
138	966637
139	1250482
140	1901925
141	2708897
142	3277057
143	3517906
144	3294281
145	2650858
146	1989835
147	1631375
148	1572996
149	1829226
150	2575277
151	3819047
152	4813605
153	4829062
154	4038015
155	3077968
156	2383999
157	2044445
158	2086235
159	2610199
160	3519930
161	4221952
162	4256222
163	3750764
164	3060756
165	2443366
166	2035273
167	1804407
168	1724734
169	1782620
170	1904222
171	1977129
172	1974699
173	1908660
174	1822107
175	1705640
176	1557869
177	1417194
178	1314463
179	1230624
180	1175359
181	1139514
182	1103390
183	1068399
184	1029368
185	985111
186	931881
187	877271
188	826084
189	772948
190	730036
191	688952
192	655190
193	627879
194	598520
195	574314
196	545650
197	517512
198	489971
199	464114
200	437134
201	411524
202	388841
203	368069
204	351162
205	333893
206	318568
207	303875
208	289399
209	273110
210	258429
211	243652
212	229053
213	215289
214	203609
215	194002
216	183299
217	174674
218	165484
219	157494
220	149795
221	141425
222	133318
223	124706
224	118189
225	111357
226	104622
227	100924
228	95628
229	91514
230	88082
231	83064
232	78354
233	74034
234	69762
235	65284
236	61299
237	58451
238	55973
239	53742
240	52832
241	50368
242	47664
243	45268
244	42883
245	39390
246	37596
247	35352
248	33941
249	32186
250	31499
251	31737
252	30173
253	26877
254	22845
255	18019
256	14795
257	13304
258	8367
259	995

