## htsjdk.samtools.metrics.StringHeader
# CollectInsertSizeMetrics  --Histogram_FILE pandisease.epifluidlab.cchmc.org/results/20200420-week-17/jhu-cfdna-frag/picard_metrics/EGAR00002027838.hg19.insert_size.pdf --INPUT pandisease.epifluidlab.cchmc.org/results/20200420-week-17/jhu-cfdna-frag/filtered_bam/EGAR00002027838.hg19.filtered.bam --OUTPUT pandisease.epifluidlab.cchmc.org/results/20200420-week-17/jhu-cfdna-frag/picard_metrics/EGAR00002027838.hg19.insert_size.txt  --DEVIATIONS 10.0 --MINIMUM_PCT 0.05 --METRIC_ACCUMULATION_LEVEL ALL_READS --INCLUDE_DUPLICATES false --ASSUME_SORTED true --STOP_AFTER 0 --VERBOSITY INFO --QUIET false --VALIDATION_STRINGENCY STRICT --COMPRESSION_LEVEL 5 --MAX_RECORDS_IN_RAM 500000 --CREATE_INDEX false --CREATE_MD5_FILE false --GA4GH_CLIENT_SECRETS client_secrets.json --help false --version false --showHidden false --USE_JDK_DEFLATER false --USE_JDK_INFLATER false
## htsjdk.samtools.metrics.StringHeader
# Started on: Sun May 03 14:45:02 UTC 2020

## METRICS CLASS	picard.analysis.InsertSizeMetrics
MEDIAN_INSERT_SIZE	MODE_INSERT_SIZE	MEDIAN_ABSOLUTE_DEVIATION	MIN_INSERT_SIZE	MAX_INSERT_SIZE	MEAN_INSERT_SIZE	STANDARD_DEVIATION	READ_PAIRS	PAIR_ORIENTATION	WIDTH_OF_10_PERCENT	WIDTH_OF_20_PERCENT	WIDTH_OF_30_PERCENT	WIDTH_OF_40_PERCENT	WIDTH_OF_50_PERCENT	WIDTH_OF_60_PERCENT	WIDTH_OF_70_PERCENT	WIDTH_OF_80_PERCENT	WIDTH_OF_90_PERCENT	WIDTH_OF_95_PERCENT	WIDTH_OF_99_PERCENT	SAMPLE	LIBRARY	READ_GROUP
167	166	11	84	252	166.815074	20.052142	45329143	FR	5	9	13	17	23	29	39	49	67	87	123			

## HISTOGRAM	java.lang.Integer
insert_size	All_Reads.fr_count
84	4
85	438
86	436
87	367
88	2823
89	3134
90	3688
91	3402
92	3116
93	3246
94	3691
95	4384
96	4483
97	3758
98	4273
99	18286
100	21324
101	23389
102	23630
103	23942
104	24149
105	23283
106	24914
107	27891
108	31339
109	35738
110	41601
111	46618
112	46290
113	41170
114	37965
115	38849
116	40909
117	44374
118	49297
119	56893
120	71327
121	92512
122	108352
123	105368
124	83459
125	66789
126	63189
127	67765
128	74006
129	85741
130	105087
131	137079
132	183856
133	229987
134	236506
135	205902
136	180109
137	188387
138	222813
139	280352
140	348575
141	400553
142	415167
143	411144
144	414724
145	421076
146	418383
147	420183
148	442202
149	477284
150	518524
151	572777
152	616320
153	615469
154	588123
155	584508
156	618283
157	681364
158	761837
159	844187
160	903205
161	940669
162	978116
163	1050690
164	1173093
165	1281812
166	1330194
167	1325043
168	1293642
169	1244112
170	1173944
171	1100716
172	1040778
173	1006071
174	983202
175	964867
176	938925
177	893535
178	834603
179	769917
180	705519
181	643643
182	588533
183	542836
184	504877
185	477140
186	454487
187	432851
188	411169
189	385047
190	354653
191	323999
192	295078
193	267852
194	246105
195	228988
196	214859
197	202665
198	193693
199	182560
200	172264
201	159690
202	147284
203	134150
204	123422
205	113385
206	106065
207	98506
208	93435
209	87812
210	82219
211	76832
212	70811
213	65785
214	59853
215	54606
216	50420
217	46698
218	43531
219	40958
220	39011
221	36632
222	33312
223	30326
224	28225
225	26099
226	23879
227	22267
228	20935
229	19599
230	18330
231	17386
232	15999
233	15224
234	13949
235	12882
236	11958
237	11417
238	10873
239	10607
240	10113
241	10533
242	9087
243	7568
244	7359
245	7167
246	6700
247	6042
248	5993
249	5550
250	129
251	111
252	104

