## htsjdk.samtools.metrics.StringHeader
# CollectInsertSizeMetrics  --Histogram_FILE pandisease.epifluidlab.cchmc.org/results/20200420-week-17/jhu-cfdna-frag/picard_metrics/EGAR00002027783.hg19.insert_size.pdf --INPUT pandisease.epifluidlab.cchmc.org/results/20200420-week-17/jhu-cfdna-frag/filtered_bam/EGAR00002027783.hg19.filtered.bam --OUTPUT pandisease.epifluidlab.cchmc.org/results/20200420-week-17/jhu-cfdna-frag/picard_metrics/EGAR00002027783.hg19.insert_size.txt  --DEVIATIONS 10.0 --MINIMUM_PCT 0.05 --METRIC_ACCUMULATION_LEVEL ALL_READS --INCLUDE_DUPLICATES false --ASSUME_SORTED true --STOP_AFTER 0 --VERBOSITY INFO --QUIET false --VALIDATION_STRINGENCY STRICT --COMPRESSION_LEVEL 5 --MAX_RECORDS_IN_RAM 500000 --CREATE_INDEX false --CREATE_MD5_FILE false --GA4GH_CLIENT_SECRETS client_secrets.json --help false --version false --showHidden false --USE_JDK_DEFLATER false --USE_JDK_INFLATER false
## htsjdk.samtools.metrics.StringHeader
# Started on: Sun May 03 14:58:58 UTC 2020

## METRICS CLASS	picard.analysis.InsertSizeMetrics
MEDIAN_INSERT_SIZE	MODE_INSERT_SIZE	MEDIAN_ABSOLUTE_DEVIATION	MIN_INSERT_SIZE	MAX_INSERT_SIZE	MEAN_INSERT_SIZE	STANDARD_DEVIATION	READ_PAIRS	PAIR_ORIENTATION	WIDTH_OF_10_PERCENT	WIDTH_OF_20_PERCENT	WIDTH_OF_30_PERCENT	WIDTH_OF_40_PERCENT	WIDTH_OF_50_PERCENT	WIDTH_OF_60_PERCENT	WIDTH_OF_70_PERCENT	WIDTH_OF_80_PERCENT	WIDTH_OF_90_PERCENT	WIDTH_OF_95_PERCENT	WIDTH_OF_99_PERCENT	SAMPLE	LIBRARY	READ_GROUP
161	165	11	81	237	158.704304	18.489238	50740683	FR	5	9	13	17	23	29	35	45	61	81	115			

## HISTOGRAM	java.lang.Integer
insert_size	All_Reads.fr_count
81	3330
82	3391
83	3952
84	4400
85	4735
86	4957
87	4236
88	4769
89	5338
90	6450
91	6300
92	5701
93	6185
94	6443
95	6705
96	8162
97	6803
98	7424
99	33017
100	37843
101	43198
102	47618
103	49177
104	48515
105	47550
106	49844
107	54882
108	59743
109	67566
110	80380
111	89854
112	92196
113	85528
114	80383
115	81881
116	87082
117	96515
118	104648
119	116503
120	140087
121	176614
122	204586
123	198673
124	163965
125	139250
126	138102
127	150206
128	163650
129	181617
130	212480
131	261092
132	333149
133	400677
134	415289
135	377733
136	355753
137	381906
138	450464
139	537640
140	628717
141	699396
142	729632
143	734468
144	737129
145	738397
146	727943
147	730913
148	746589
149	767614
150	793307
151	823449
152	851181
153	851468
154	833695
155	843569
156	890484
157	962399
158	1049629
159	1130299
160	1191845
161	1245873
162	1320749
163	1442835
164	1604679
165	1714296
166	1698447
167	1599698
168	1478563
169	1348388
170	1214964
171	1087337
172	980466
173	906082
174	847077
175	788029
176	726765
177	651097
178	574929
179	503467
180	437940
181	383285
182	339299
183	302145
184	272634
185	251578
186	230015
187	212640
188	194035
189	174816
190	156225
191	139105
192	124376
193	110865
194	100484
195	91694
196	85310
197	79707
198	74554
199	69601
200	64172
201	58427
202	53525
203	48762
204	44984
205	40644
206	37957
207	35170
208	32782
209	30638
210	28322
211	26512
212	24516
213	22531
214	20299
215	18447
216	17061
217	15669
218	14378
219	13937
220	13018
221	11906
222	11275
223	10130
224	9330
225	8812
226	8049
227	7210
228	6993
229	6806
230	6560
231	6270
232	5803
233	5452
234	4905
235	4060
236	3002
237	60

