## htsjdk.samtools.metrics.StringHeader
# CollectInsertSizeMetrics  --Histogram_FILE pandisease.epifluidlab.cchmc.org/results/20200420-week-17/jhu-cfdna-frag/picard_metrics/EGAR00002027895.hg19.insert_size.pdf --INPUT pandisease.epifluidlab.cchmc.org/results/20200420-week-17/jhu-cfdna-frag/filtered_bam/EGAR00002027895.hg19.filtered.bam --OUTPUT pandisease.epifluidlab.cchmc.org/results/20200420-week-17/jhu-cfdna-frag/picard_metrics/EGAR00002027895.hg19.insert_size.txt  --DEVIATIONS 10.0 --MINIMUM_PCT 0.05 --METRIC_ACCUMULATION_LEVEL ALL_READS --INCLUDE_DUPLICATES false --ASSUME_SORTED true --STOP_AFTER 0 --VERBOSITY INFO --QUIET false --VALIDATION_STRINGENCY STRICT --COMPRESSION_LEVEL 5 --MAX_RECORDS_IN_RAM 500000 --CREATE_INDEX false --CREATE_MD5_FILE false --GA4GH_CLIENT_SECRETS client_secrets.json --help false --version false --showHidden false --USE_JDK_DEFLATER false --USE_JDK_INFLATER false
## htsjdk.samtools.metrics.StringHeader
# Started on: Sun May 03 15:30:48 UTC 2020

## METRICS CLASS	picard.analysis.InsertSizeMetrics
MEDIAN_INSERT_SIZE	MODE_INSERT_SIZE	MEDIAN_ABSOLUTE_DEVIATION	MIN_INSERT_SIZE	MAX_INSERT_SIZE	MEAN_INSERT_SIZE	STANDARD_DEVIATION	READ_PAIRS	PAIR_ORIENTATION	WIDTH_OF_10_PERCENT	WIDTH_OF_20_PERCENT	WIDTH_OF_30_PERCENT	WIDTH_OF_40_PERCENT	WIDTH_OF_50_PERCENT	WIDTH_OF_60_PERCENT	WIDTH_OF_70_PERCENT	WIDTH_OF_80_PERCENT	WIDTH_OF_90_PERCENT	WIDTH_OF_95_PERCENT	WIDTH_OF_99_PERCENT	SAMPLE	LIBRARY	READ_GROUP
168	167	11	86	250	167.809864	19.872017	33185796	FR	5	9	13	17	23	31	39	49	67	85	121			

## HISTOGRAM	java.lang.Integer
insert_size	All_Reads.fr_count
86	606
87	695
88	823
89	2191
90	2382
91	2671
92	2244
93	2387
94	2442
95	2754
96	3146
97	2795
98	3036
99	8390
100	9103
101	9880
102	10849
103	11091
104	11544
105	11437
106	12051
107	13941
108	15450
109	18283
110	22260
111	24667
112	25626
113	23847
114	22531
115	23179
116	25297
117	27254
118	31237
119	36139
120	44564
121	57254
122	67328
123	66753
124	55141
125	45200
126	43668
127	46668
128	52250
129	60012
130	73202
131	93533
132	124555
133	154221
134	161533
135	142009
136	127846
137	133708
138	157726
139	197238
140	244869
141	283066
142	296054
143	295802
144	298163
145	302099
146	302564
147	306006
148	322116
149	345800
150	371459
151	406826
152	437634
153	439924
154	422337
155	418577
156	439702
157	480578
158	536982
159	593084
160	638766
161	666726
162	693844
163	744406
164	824670
165	902261
166	938043
167	943533
168	931487
169	905322
170	861032
171	814769
172	771633
173	749285
174	735646
175	727555
176	711177
177	679825
178	639685
179	592536
180	543656
181	496050
182	455661
183	422627
184	394285
185	374562
186	356601
187	339522
188	324525
189	303849
190	280515
191	257661
192	234811
193	213818
194	196185
195	183252
196	171422
197	162206
198	153994
199	145020
200	136055
201	126279
202	116260
203	105920
204	97248
205	89765
206	82800
207	77650
208	73372
209	69434
210	65145
211	60099
212	55534
213	51047
214	46879
215	43070
216	39443
217	36661
218	34522
219	32206
220	30199
221	28688
222	26467
223	24188
224	22664
225	20488
226	18645
227	17391
228	16383
229	15613
230	14630
231	13580
232	12529
233	11810
234	11157
235	10014
236	9279
237	8761
238	8496
239	8069
240	7968
241	7372
242	7586
243	6549
244	5782
245	5561
246	5487
247	5049
248	4521
249	4646
250	4133

