## htsjdk.samtools.metrics.StringHeader
# CollectInsertSizeMetrics  --Histogram_FILE pandisease.epifluidlab.cchmc.org/results/20200420-week-17/jhu-cfdna-frag/picard_metrics/EGAR00002027784.hg19.insert_size.pdf --INPUT pandisease.epifluidlab.cchmc.org/results/20200420-week-17/jhu-cfdna-frag/filtered_bam/EGAR00002027784.hg19.filtered.bam --OUTPUT pandisease.epifluidlab.cchmc.org/results/20200420-week-17/jhu-cfdna-frag/picard_metrics/EGAR00002027784.hg19.insert_size.txt  --DEVIATIONS 10.0 --MINIMUM_PCT 0.05 --METRIC_ACCUMULATION_LEVEL ALL_READS --INCLUDE_DUPLICATES false --ASSUME_SORTED true --STOP_AFTER 0 --VERBOSITY INFO --QUIET false --VALIDATION_STRINGENCY STRICT --COMPRESSION_LEVEL 5 --MAX_RECORDS_IN_RAM 500000 --CREATE_INDEX false --CREATE_MD5_FILE false --GA4GH_CLIENT_SECRETS client_secrets.json --help false --version false --showHidden false --USE_JDK_DEFLATER false --USE_JDK_INFLATER false
## htsjdk.samtools.metrics.StringHeader
# Started on: Sun May 03 10:02:19 UTC 2020

## METRICS CLASS	picard.analysis.InsertSizeMetrics
MEDIAN_INSERT_SIZE	MODE_INSERT_SIZE	MEDIAN_ABSOLUTE_DEVIATION	MIN_INSERT_SIZE	MAX_INSERT_SIZE	MEAN_INSERT_SIZE	STANDARD_DEVIATION	READ_PAIRS	PAIR_ORIENTATION	WIDTH_OF_10_PERCENT	WIDTH_OF_20_PERCENT	WIDTH_OF_30_PERCENT	WIDTH_OF_40_PERCENT	WIDTH_OF_50_PERCENT	WIDTH_OF_60_PERCENT	WIDTH_OF_70_PERCENT	WIDTH_OF_80_PERCENT	WIDTH_OF_90_PERCENT	WIDTH_OF_95_PERCENT	WIDTH_OF_99_PERCENT	SAMPLE	LIBRARY	READ_GROUP
167	166	11	86	248	166.122029	19.819889	44560446	FR	5	9	13	17	23	29	39	49	67	85	121			

## HISTOGRAM	java.lang.Integer
insert_size	All_Reads.fr_count
86	131
87	279
88	2681
89	3135
90	3417
91	3339
92	3199
93	3329
94	3651
95	4360
96	4732
97	3960
98	4134
99	18977
100	21712
101	24791
102	25754
103	26013
104	25886
105	25438
106	27523
107	31009
108	34395
109	39648
110	47942
111	53886
112	54344
113	48763
114	45134
115	46264
116	49272
117	53889
118	58981
119	67879
120	82196
121	103924
122	119796
123	116588
124	93917
125	76570
126	73472
127	78173
128	85475
129	96647
130	114974
131	143430
132	186650
133	227616
134	234264
135	208048
136	188507
137	196786
138	231262
139	283519
140	345977
141	392507
142	402846
143	400274
144	405139
145	416064
146	419858
147	430819
148	452550
149	482385
150	515562
151	554558
152	584672
153	584698
154	563873
155	566916
156	601383
157	662868
158	735846
159	804782
160	856623
161	887584
162	927510
163	1009477
164	1136061
165	1258959
166	1314487
167	1308991
168	1273960
169	1220886
170	1152306
171	1086358
172	1035887
173	1014871
174	1007540
175	998111
176	977312
177	925130
178	856744
179	781285
180	706758
181	638566
182	583460
183	540883
184	506917
185	479628
186	458005
187	434602
188	408047
189	376474
190	343620
191	309445
192	278821
193	253083
194	231407
195	214536
196	199953
197	188078
198	177985
199	165736
200	154299
201	141676
202	128138
203	116156
204	105981
205	97378
206	89627
207	83559
208	78399
209	73254
210	68039
211	63296
212	57215
213	52298
214	47560
215	43295
216	39761
217	36886
218	34514
219	32077
220	29741
221	28112
222	25338
223	23145
224	21378
225	19517
226	17806
227	16420
228	15495
229	14357
230	13480
231	12492
232	11865
233	11033
234	10165
235	9221
236	8746
237	8128
238	7888
239	7377
240	7086
241	7431
242	6326
243	5246
244	4992
245	4654
246	3614
247	3571
248	3090

