## htsjdk.samtools.metrics.StringHeader
# CollectInsertSizeMetrics  --Histogram_FILE pandisease.epifluidlab.cchmc.org/results/20200420-week-17/jhu-cfdna-frag/picard_metrics/EGAR00002027864.hg19.insert_size.pdf --INPUT pandisease.epifluidlab.cchmc.org/results/20200420-week-17/jhu-cfdna-frag/filtered_bam/EGAR00002027864.hg19.filtered.bam --OUTPUT pandisease.epifluidlab.cchmc.org/results/20200420-week-17/jhu-cfdna-frag/picard_metrics/EGAR00002027864.hg19.insert_size.txt  --DEVIATIONS 10.0 --MINIMUM_PCT 0.05 --METRIC_ACCUMULATION_LEVEL ALL_READS --INCLUDE_DUPLICATES false --ASSUME_SORTED true --STOP_AFTER 0 --VERBOSITY INFO --QUIET false --VALIDATION_STRINGENCY STRICT --COMPRESSION_LEVEL 5 --MAX_RECORDS_IN_RAM 500000 --CREATE_INDEX false --CREATE_MD5_FILE false --GA4GH_CLIENT_SECRETS client_secrets.json --help false --version false --showHidden false --USE_JDK_DEFLATER false --USE_JDK_INFLATER false
## htsjdk.samtools.metrics.StringHeader
# Started on: Sun May 03 15:10:32 UTC 2020

## METRICS CLASS	picard.analysis.InsertSizeMetrics
MEDIAN_INSERT_SIZE	MODE_INSERT_SIZE	MEDIAN_ABSOLUTE_DEVIATION	MIN_INSERT_SIZE	MAX_INSERT_SIZE	MEAN_INSERT_SIZE	STANDARD_DEVIATION	READ_PAIRS	PAIR_ORIENTATION	WIDTH_OF_10_PERCENT	WIDTH_OF_20_PERCENT	WIDTH_OF_30_PERCENT	WIDTH_OF_40_PERCENT	WIDTH_OF_50_PERCENT	WIDTH_OF_60_PERCENT	WIDTH_OF_70_PERCENT	WIDTH_OF_80_PERCENT	WIDTH_OF_90_PERCENT	WIDTH_OF_95_PERCENT	WIDTH_OF_99_PERCENT	SAMPLE	LIBRARY	READ_GROUP
167	167	12	80	256	166.684569	21.184354	37859266	FR	5	9	13	19	25	33	41	53	71	91	127			

## HISTOGRAM	java.lang.Integer
insert_size	All_Reads.fr_count
80	8
81	1649
82	1553
83	1993
84	2427
85	2325
86	2447
87	2052
88	2440
89	2575
90	3190
91	3216
92	2881
93	3054
94	3254
95	3351
96	3596
97	3500
98	3809
99	16141
100	18551
101	20291
102	21229
103	22092
104	22003
105	21597
106	23195
107	25946
108	29295
109	34382
110	41703
111	48242
112	49053
113	44518
114	41281
115	41554
116	44242
117	48502
118	55355
119	62891
120	77693
121	97142
122	112470
123	109074
124	88422
125	73067
126	69514
127	74170
128	81639
129	91813
130	109542
131	136708
132	174087
133	211329
134	218208
135	191477
136	169700
137	175294
138	204341
139	250004
140	305023
141	346115
142	358406
143	355906
144	358167
145	360197
146	357185
147	359904
148	376711
149	400954
150	430893
151	466523
152	496760
153	494391
154	474930
155	467413
156	487941
157	531174
158	593444
159	653851
160	704499
161	734173
162	764022
163	819464
164	910027
165	994472
166	1030034
167	1032875
168	1010847
169	979383
170	930675
171	877987
172	835025
173	810507
174	799260
175	790876
176	772972
177	738639
178	692837
179	638338
180	587757
181	538083
182	495731
183	459964
184	431652
185	413796
186	394223
187	378937
188	360648
189	339450
190	314263
191	288352
192	263316
193	240772
194	222205
195	207266
196	195186
197	185060
198	178086
199	167514
200	157282
201	146823
202	134313
203	123158
204	113016
205	103799
206	96614
207	90864
208	86260
209	80504
210	75344
211	70922
212	65604
213	60334
214	54910
215	50359
216	46951
217	43559
218	40651
219	38116
220	35835
221	33956
222	31339
223	28732
224	26730
225	24312
226	22096
227	20704
228	19482
229	18214
230	17159
231	16042
232	14989
233	13845
234	12634
235	11723
236	11051
237	10366
238	9835
239	9207
240	8865
241	8473
242	8098
243	7782
244	7260
245	6868
246	6455
247	6304
248	6581
249	5557
250	4850
251	4804
252	4341
253	915
254	874
255	847
256	620

