## htsjdk.samtools.metrics.StringHeader
# CollectInsertSizeMetrics  --Histogram_FILE pandisease.epifluidlab.cchmc.org/results/20200420-week-17/jhu-cfdna-frag/picard_metrics/EGAR00002027874.hg19.insert_size.pdf --INPUT pandisease.epifluidlab.cchmc.org/results/20200420-week-17/jhu-cfdna-frag/filtered_bam/EGAR00002027874.hg19.filtered.bam --OUTPUT pandisease.epifluidlab.cchmc.org/results/20200420-week-17/jhu-cfdna-frag/picard_metrics/EGAR00002027874.hg19.insert_size.txt  --DEVIATIONS 10.0 --MINIMUM_PCT 0.05 --METRIC_ACCUMULATION_LEVEL ALL_READS --INCLUDE_DUPLICATES false --ASSUME_SORTED true --STOP_AFTER 0 --VERBOSITY INFO --QUIET false --VALIDATION_STRINGENCY STRICT --COMPRESSION_LEVEL 5 --MAX_RECORDS_IN_RAM 500000 --CREATE_INDEX false --CREATE_MD5_FILE false --GA4GH_CLIENT_SECRETS client_secrets.json --help false --version false --showHidden false --USE_JDK_DEFLATER false --USE_JDK_INFLATER false
## htsjdk.samtools.metrics.StringHeader
# Started on: Sun May 03 04:17:32 UTC 2020

## METRICS CLASS	picard.analysis.InsertSizeMetrics
MEDIAN_INSERT_SIZE	MODE_INSERT_SIZE	MEDIAN_ABSOLUTE_DEVIATION	MIN_INSERT_SIZE	MAX_INSERT_SIZE	MEAN_INSERT_SIZE	STANDARD_DEVIATION	READ_PAIRS	PAIR_ORIENTATION	WIDTH_OF_10_PERCENT	WIDTH_OF_20_PERCENT	WIDTH_OF_30_PERCENT	WIDTH_OF_40_PERCENT	WIDTH_OF_50_PERCENT	WIDTH_OF_60_PERCENT	WIDTH_OF_70_PERCENT	WIDTH_OF_80_PERCENT	WIDTH_OF_90_PERCENT	WIDTH_OF_95_PERCENT	WIDTH_OF_99_PERCENT	SAMPLE	LIBRARY	READ_GROUP
167	166	11	84	248	166.126076	19.862068	47821867	FR	5	9	13	17	23	29	37	49	67	87	121			

## HISTOGRAM	java.lang.Integer
insert_size	All_Reads.fr_count
84	3365
85	2953
86	3141
87	2724
88	3748
89	3860
90	3999
91	3998
92	3789
93	4132
94	4927
95	5274
96	5197
97	4848
98	5166
99	17282
100	20319
101	22341
102	22810
103	23626
104	23932
105	24145
106	27005
107	30208
108	33560
109	37766
110	45111
111	50747
112	50877
113	47467
114	45273
115	46507
116	49737
117	55009
118	61638
119	68979
120	82749
121	102818
122	119990
123	117571
124	96541
125	80554
126	77974
127	83309
128	91427
129	103846
130	123756
131	156173
132	201083
133	245302
134	254295
135	225746
136	204387
137	214562
138	252788
139	308458
140	375593
141	423588
142	437968
143	437010
144	443766
145	451803
146	453196
147	462766
148	488452
149	525131
150	560835
151	606706
152	644978
153	643450
154	620542
155	620485
156	654450
157	719784
158	805179
159	886292
160	945841
161	983605
162	1028035
163	1110235
164	1244448
165	1370579
166	1422777
167	1416473
168	1384069
169	1330451
170	1257501
171	1179229
172	1115456
173	1082177
174	1064121
175	1047717
176	1017646
177	960623
178	887447
179	809191
180	734845
181	666107
182	606397
183	558422
184	520221
185	489635
186	464494
187	440028
188	413818
189	384125
190	350809
191	317127
192	286081
193	260376
194	238673
195	220819
196	207622
197	195175
198	185958
199	175006
200	164113
201	152247
202	139596
203	127647
204	117588
205	107252
206	99650
207	93018
208	87541
209	82818
210	77215
211	72196
212	66563
213	61150
214	56303
215	50787
216	47140
217	43877
218	40758
219	38785
220	36128
221	33653
222	31148
223	28388
224	26625
225	24007
226	22322
227	20543
228	19523
229	18457
230	17186
231	16122
232	15396
233	14350
234	13377
235	12251
236	11281
237	10578
238	10187
239	9908
240	9772
241	9279
242	8965
243	8713
244	9414
245	7414
246	2191
247	2325
248	1998

