## htsjdk.samtools.metrics.StringHeader
# CollectInsertSizeMetrics  --Histogram_FILE pandisease.epifluidlab.cchmc.org/results/20200420-week-17/jhu-cfdna-frag/picard_metrics/EGAR00002027891.hg19.insert_size.pdf --INPUT pandisease.epifluidlab.cchmc.org/results/20200420-week-17/jhu-cfdna-frag/filtered_bam/EGAR00002027891.hg19.filtered.bam --OUTPUT pandisease.epifluidlab.cchmc.org/results/20200420-week-17/jhu-cfdna-frag/picard_metrics/EGAR00002027891.hg19.insert_size.txt  --DEVIATIONS 10.0 --MINIMUM_PCT 0.05 --METRIC_ACCUMULATION_LEVEL ALL_READS --INCLUDE_DUPLICATES false --ASSUME_SORTED true --STOP_AFTER 0 --VERBOSITY INFO --QUIET false --VALIDATION_STRINGENCY STRICT --COMPRESSION_LEVEL 5 --MAX_RECORDS_IN_RAM 500000 --CREATE_INDEX false --CREATE_MD5_FILE false --GA4GH_CLIENT_SECRETS client_secrets.json --help false --version false --showHidden false --USE_JDK_DEFLATER false --USE_JDK_INFLATER false
## htsjdk.samtools.metrics.StringHeader
# Started on: Sun May 03 07:11:45 UTC 2020

## METRICS CLASS	picard.analysis.InsertSizeMetrics
MEDIAN_INSERT_SIZE	MODE_INSERT_SIZE	MEDIAN_ABSOLUTE_DEVIATION	MIN_INSERT_SIZE	MAX_INSERT_SIZE	MEAN_INSERT_SIZE	STANDARD_DEVIATION	READ_PAIRS	PAIR_ORIENTATION	WIDTH_OF_10_PERCENT	WIDTH_OF_20_PERCENT	WIDTH_OF_30_PERCENT	WIDTH_OF_40_PERCENT	WIDTH_OF_50_PERCENT	WIDTH_OF_60_PERCENT	WIDTH_OF_70_PERCENT	WIDTH_OF_80_PERCENT	WIDTH_OF_90_PERCENT	WIDTH_OF_95_PERCENT	WIDTH_OF_99_PERCENT	SAMPLE	LIBRARY	READ_GROUP
171	168	12	77	273	171.807019	22.41058	40972943	FR	5	9	15	19	25	33	43	55	75	95	135			

## HISTOGRAM	java.lang.Integer
insert_size	All_Reads.fr_count
77	88
78	82
79	96
80	105
81	242
82	1273
83	1691
84	1967
85	2555
86	2576
87	2097
88	2920
89	3324
90	3176
91	3255
92	2804
93	2950
94	3564
95	3945
96	3895
97	3269
98	3572
99	10086
100	11786
101	13004
102	13651
103	13870
104	14140
105	13893
106	14503
107	16608
108	19349
109	22757
110	27981
111	31437
112	32734
113	30224
114	28160
115	29221
116	30891
117	33788
118	38608
119	45078
120	55207
121	70474
122	82210
123	81140
124	67793
125	55639
126	53598
127	57785
128	63474
129	72758
130	87191
131	108354
132	139346
133	170660
134	177286
135	157150
136	136817
137	138717
138	159477
139	196487
140	246656
141	288105
142	302934
143	301829
144	306501
145	313658
146	314105
147	318215
148	332181
149	354183
150	383160
151	422498
152	457012
153	461277
154	441773
155	432746
156	448246
157	484694
158	543276
159	604342
160	662330
161	700658
162	728050
163	770025
164	835118
165	904961
166	946817
167	970323
168	981270
169	976747
170	955756
171	926006
172	898370
173	886430
174	881148
175	881222
176	874640
177	851489
178	816373
179	776545
180	730395
181	686147
182	641679
183	606454
184	576624
185	558384
186	538269
187	525452
188	508300
189	487369
190	457977
191	427008
192	396697
193	367002
194	342400
195	324389
196	307466
197	295561
198	284260
199	272691
200	258483
201	244346
202	226920
203	210503
204	194332
205	180579
206	168904
207	159969
208	151988
209	144730
210	136974
211	129075
212	120024
213	111482
214	101851
215	94266
216	87269
217	81464
218	76711
219	72998
220	68673
221	64540
222	60102
223	55654
224	51289
225	47350
226	43767
227	40493
228	37884
229	35547
230	33259
231	31319
232	29092
233	27344
234	24929
235	23478
236	21351
237	19688
238	18634
239	17792
240	16963
241	15851
242	15035
243	14184
244	13081
245	12402
246	11553
247	11110
248	10571
249	9889
250	9550
251	9280
252	9205
253	8620
254	7967
255	7516
256	7798
257	6923
258	6040
259	5736
260	5637
261	5658
262	5393
263	5327
264	5208
265	5029
266	4915
267	4667
268	4627
269	4714
270	4535
271	4531
272	4856
273	4548

