## htsjdk.samtools.metrics.StringHeader
# CollectInsertSizeMetrics  --Histogram_FILE pandisease.epifluidlab.cchmc.org/results/20200420-week-17/jhu-cfdna-frag/picard_metrics/EGAR00002027870.hg19.insert_size.pdf --INPUT pandisease.epifluidlab.cchmc.org/results/20200420-week-17/jhu-cfdna-frag/filtered_bam/EGAR00002027870.hg19.filtered.bam --OUTPUT pandisease.epifluidlab.cchmc.org/results/20200420-week-17/jhu-cfdna-frag/picard_metrics/EGAR00002027870.hg19.insert_size.txt  --DEVIATIONS 10.0 --MINIMUM_PCT 0.05 --METRIC_ACCUMULATION_LEVEL ALL_READS --INCLUDE_DUPLICATES false --ASSUME_SORTED true --STOP_AFTER 0 --VERBOSITY INFO --QUIET false --VALIDATION_STRINGENCY STRICT --COMPRESSION_LEVEL 5 --MAX_RECORDS_IN_RAM 500000 --CREATE_INDEX false --CREATE_MD5_FILE false --GA4GH_CLIENT_SECRETS client_secrets.json --help false --version false --showHidden false --USE_JDK_DEFLATER false --USE_JDK_INFLATER false
## htsjdk.samtools.metrics.StringHeader
# Started on: Sun May 03 15:17:37 UTC 2020

## METRICS CLASS	picard.analysis.InsertSizeMetrics
MEDIAN_INSERT_SIZE	MODE_INSERT_SIZE	MEDIAN_ABSOLUTE_DEVIATION	MIN_INSERT_SIZE	MAX_INSERT_SIZE	MEAN_INSERT_SIZE	STANDARD_DEVIATION	READ_PAIRS	PAIR_ORIENTATION	WIDTH_OF_10_PERCENT	WIDTH_OF_20_PERCENT	WIDTH_OF_30_PERCENT	WIDTH_OF_40_PERCENT	WIDTH_OF_50_PERCENT	WIDTH_OF_60_PERCENT	WIDTH_OF_70_PERCENT	WIDTH_OF_80_PERCENT	WIDTH_OF_90_PERCENT	WIDTH_OF_95_PERCENT	WIDTH_OF_99_PERCENT	SAMPLE	LIBRARY	READ_GROUP
167	167	12	79	257	167.12187	21.372756	35782767	FR	5	9	13	19	25	33	41	53	71	91	129			

## HISTOGRAM	java.lang.Integer
insert_size	All_Reads.fr_count
79	197
80	177
81	2029
82	1960
83	2291
84	2548
85	2801
86	2839
87	2324
88	2761
89	2985
90	3275
91	3532
92	3137
93	3352
94	3614
95	3667
96	3959
97	3736
98	4167
99	11950
100	14248
101	15580
102	16099
103	16772
104	17745
105	17392
106	18588
107	20694
108	23227
109	27491
110	33866
111	38835
112	40648
113	37546
114	35057
115	35783
116	37939
117	41958
118	46802
119	54587
120	67965
121	85464
122	99165
123	98390
124	80857
125	67969
126	66196
127	70666
128	78083
129	87572
130	105047
131	129096
132	165341
133	203154
134	210937
135	186899
136	164822
137	166831
138	191362
139	233840
140	285611
141	325831
142	337731
143	335761
144	338509
145	344103
146	342868
147	344247
148	358453
149	378542
150	404796
151	438671
152	466621
153	463775
154	442406
155	435571
156	452718
157	494235
158	548697
159	607520
160	654870
161	682326
162	711233
163	765351
164	850997
165	935585
166	972465
167	974624
168	955036
169	922818
170	880088
171	830602
172	792984
173	770913
174	761846
175	754392
176	734068
177	699877
178	654691
179	603881
180	555531
181	507655
182	468184
183	433722
184	408739
185	387658
186	372172
187	353950
188	337692
189	317594
190	294922
191	271444
192	248262
193	228610
194	210692
195	197001
196	185764
197	177175
198	169924
199	161494
200	153055
201	142987
202	132758
203	121902
204	112464
205	103597
206	96837
207	90808
208	86838
209	82082
210	77501
211	72555
212	67441
213	62309
214	57289
215	53154
216	48749
217	45839
218	42605
219	40283
220	38000
221	36280
222	33341
223	30451
224	28563
225	26052
226	24030
227	22463
228	20698
229	19582
230	18752
231	17673
232	16336
233	15269
234	14122
235	13182
236	12165
237	11636
238	10938
239	10365
240	9842
241	9570
242	9129
243	8533
244	8220
245	7706
246	7102
247	6837
248	7566
249	6343
250	5344
251	5259
252	5212
253	5193
254	2777
255	2624
256	2552
257	695

