## htsjdk.samtools.metrics.StringHeader
# CollectInsertSizeMetrics  --Histogram_FILE pandisease.epifluidlab.cchmc.org/results/20200420-week-17/jhu-cfdna-frag/picard_metrics/EGAR00002027901.hg19.insert_size.pdf --INPUT pandisease.epifluidlab.cchmc.org/results/20200420-week-17/jhu-cfdna-frag/filtered_bam/EGAR00002027901.hg19.filtered.bam --OUTPUT pandisease.epifluidlab.cchmc.org/results/20200420-week-17/jhu-cfdna-frag/picard_metrics/EGAR00002027901.hg19.insert_size.txt  --DEVIATIONS 10.0 --MINIMUM_PCT 0.05 --METRIC_ACCUMULATION_LEVEL ALL_READS --INCLUDE_DUPLICATES false --ASSUME_SORTED true --STOP_AFTER 0 --VERBOSITY INFO --QUIET false --VALIDATION_STRINGENCY STRICT --COMPRESSION_LEVEL 5 --MAX_RECORDS_IN_RAM 500000 --CREATE_INDEX false --CREATE_MD5_FILE false --GA4GH_CLIENT_SECRETS client_secrets.json --help false --version false --showHidden false --USE_JDK_DEFLATER false --USE_JDK_INFLATER false
## htsjdk.samtools.metrics.StringHeader
# Started on: Sun May 03 15:29:31 UTC 2020

## METRICS CLASS	picard.analysis.InsertSizeMetrics
MEDIAN_INSERT_SIZE	MODE_INSERT_SIZE	MEDIAN_ABSOLUTE_DEVIATION	MIN_INSERT_SIZE	MAX_INSERT_SIZE	MEAN_INSERT_SIZE	STANDARD_DEVIATION	READ_PAIRS	PAIR_ORIENTATION	WIDTH_OF_10_PERCENT	WIDTH_OF_20_PERCENT	WIDTH_OF_30_PERCENT	WIDTH_OF_40_PERCENT	WIDTH_OF_50_PERCENT	WIDTH_OF_60_PERCENT	WIDTH_OF_70_PERCENT	WIDTH_OF_80_PERCENT	WIDTH_OF_90_PERCENT	WIDTH_OF_95_PERCENT	WIDTH_OF_99_PERCENT	SAMPLE	LIBRARY	READ_GROUP
168	167	11	85	253	167.748262	20.62183	32771735	FR	5	9	13	17	23	31	39	51	69	89	125			

## HISTOGRAM	java.lang.Integer
insert_size	All_Reads.fr_count
85	1899
86	1896
87	1577
88	2341
89	2415
90	2495
91	2551
92	2162
93	2634
94	2917
95	3089
96	3177
97	2629
98	2865
99	9528
100	11193
101	12236
102	12584
103	12982
104	13281
105	13135
106	14625
107	16638
108	18586
109	21554
110	26131
111	30185
112	30830
113	28451
114	27157
115	27446
116	29571
117	32387
118	36675
119	42725
120	51891
121	67262
122	79259
123	77639
124	63499
125	51644
126	49832
127	52598
128	58268
129	66596
130	79930
131	101042
132	133781
133	165054
134	170956
135	150294
136	131307
137	136324
138	161455
139	200109
140	249213
141	285599
142	296291
143	291607
144	291330
145	295974
146	294202
147	296183
148	311343
149	335204
150	362989
151	398427
152	427058
153	427653
154	405609
155	400812
156	419502
157	459905
158	516056
159	575387
160	620183
161	648883
162	673885
163	723512
164	804758
165	882969
166	917776
167	921286
168	902433
169	873851
170	829262
171	781607
172	740249
173	718097
174	706480
175	697151
176	681503
177	653504
178	611022
179	569259
180	525754
181	481018
182	442565
183	410457
184	383625
185	365652
186	347241
187	332689
188	319186
189	299806
190	280248
191	256238
192	234930
193	215165
194	198440
195	184653
196	174082
197	165016
198	159558
199	150434
200	142535
201	132687
202	122883
203	112879
204	104324
205	95390
206	89552
207	83904
208	79224
209	75026
210	71412
211	66660
212	61946
213	56521
214	52480
215	47796
216	44089
217	40799
218	38358
219	35897
220	34197
221	32034
222	29566
223	27349
224	25193
225	22822
226	21263
227	19454
228	18126
229	17145
230	16064
231	15124
232	14099
233	13130
234	11887
235	10997
236	10277
237	9456
238	8990
239	8554
240	8348
241	7899
242	7660
243	7083
244	6521
245	7076
246	5687
247	4740
248	4387
249	4345
250	4138
251	2640
252	2645
253	2419

