## htsjdk.samtools.metrics.StringHeader
# CollectInsertSizeMetrics  --Histogram_FILE pandisease.epifluidlab.cchmc.org/results/20200420-week-17/jhu-cfdna-frag/picard_metrics/EGAR00002027800.hg19.insert_size.pdf --INPUT pandisease.epifluidlab.cchmc.org/results/20200420-week-17/jhu-cfdna-frag/filtered_bam/EGAR00002027800.hg19.filtered.bam --OUTPUT pandisease.epifluidlab.cchmc.org/results/20200420-week-17/jhu-cfdna-frag/picard_metrics/EGAR00002027800.hg19.insert_size.txt  --DEVIATIONS 10.0 --MINIMUM_PCT 0.05 --METRIC_ACCUMULATION_LEVEL ALL_READS --INCLUDE_DUPLICATES false --ASSUME_SORTED true --STOP_AFTER 0 --VERBOSITY INFO --QUIET false --VALIDATION_STRINGENCY STRICT --COMPRESSION_LEVEL 5 --MAX_RECORDS_IN_RAM 500000 --CREATE_INDEX false --CREATE_MD5_FILE false --GA4GH_CLIENT_SECRETS client_secrets.json --help false --version false --showHidden false --USE_JDK_DEFLATER false --USE_JDK_INFLATER false
## htsjdk.samtools.metrics.StringHeader
# Started on: Sun May 03 02:59:04 UTC 2020

## METRICS CLASS	picard.analysis.InsertSizeMetrics
MEDIAN_INSERT_SIZE	MODE_INSERT_SIZE	MEDIAN_ABSOLUTE_DEVIATION	MIN_INSERT_SIZE	MAX_INSERT_SIZE	MEAN_INSERT_SIZE	STANDARD_DEVIATION	READ_PAIRS	PAIR_ORIENTATION	WIDTH_OF_10_PERCENT	WIDTH_OF_20_PERCENT	WIDTH_OF_30_PERCENT	WIDTH_OF_40_PERCENT	WIDTH_OF_50_PERCENT	WIDTH_OF_60_PERCENT	WIDTH_OF_70_PERCENT	WIDTH_OF_80_PERCENT	WIDTH_OF_90_PERCENT	WIDTH_OF_95_PERCENT	WIDTH_OF_99_PERCENT	SAMPLE	LIBRARY	READ_GROUP
163	166	12	72	254	161.917867	20.63506	46739320	FR	5	9	13	19	25	31	37	49	65	85	141			

## HISTOGRAM	java.lang.Integer
insert_size	All_Reads.fr_count
72	14
73	25
74	20
75	17
76	1743
77	2205
78	2753
79	2768
80	2601
81	2443
82	2513
83	3416
84	3621
85	3295
86	3485
87	3104
88	3495
89	4510
90	4546
91	4676
92	4382
93	4575
94	4923
95	5873
96	5977
97	5463
98	5778
99	15395
100	15873
101	18200
102	20206
103	21732
104	22716
105	24262
106	25326
107	27760
108	29059
109	32037
110	34986
111	37676
112	40339
113	40518
114	40818
115	43404
116	46607
117	52000
118	57562
119	62250
120	71569
121	87880
122	107464
123	118348
124	118582
125	121667
126	131972
127	149129
128	163432
129	178082
130	198322
131	233045
132	287314
133	348312
134	382588
135	379499
136	373381
137	386161
138	422142
139	468379
140	507623
141	529637
142	550146
143	592717
144	657541
145	715222
146	740904
147	750217
148	759978
149	767758
150	770474
151	766757
152	758494
153	747194
154	742595
155	762276
156	802565
157	845509
158	895683
159	930449
160	956696
161	978015
162	1030505
163	1150692
164	1334365
165	1486228
166	1491111
167	1393895
168	1266656
169	1146050
170	1044616
171	958199
172	896482
173	865305
174	845325
175	820159
176	768664
177	695816
178	610057
179	529851
180	459053
181	401802
182	361034
183	329009
184	306654
185	288747
186	273088
187	255103
188	235572
189	214120
190	192330
191	171928
192	155158
193	139338
194	129552
195	121463
196	114053
197	109069
198	104309
199	98759
200	92826
201	86226
202	79620
203	72905
204	68368
205	63970
206	60509
207	57822
208	55763
209	53450
210	51887
211	48869
212	46425
213	43461
214	40615
215	38006
216	36300
217	34421
218	33538
219	32971
220	32393
221	32083
222	31556
223	30368
224	29135
225	27340
226	26182
227	25540
228	24899
229	24619
230	25217
231	24773
232	24846
233	24832
234	24232
235	24242
236	23798
237	22938
238	22940
239	22787
240	22508
241	23145
242	22973
243	25063
244	22787
245	20780
246	20947
247	20745
248	17644
249	17395
250	17968
251	15265
252	7428
253	7887
254	7331

