## htsjdk.samtools.metrics.StringHeader
# CollectInsertSizeMetrics  --Histogram_FILE pandisease.epifluidlab.cchmc.org/results/20200420-week-17/jhu-cfdna-frag/picard_metrics/EGAR00002027854.hg19.insert_size.pdf --INPUT pandisease.epifluidlab.cchmc.org/results/20200420-week-17/jhu-cfdna-frag/filtered_bam/EGAR00002027854.hg19.filtered.bam --OUTPUT pandisease.epifluidlab.cchmc.org/results/20200420-week-17/jhu-cfdna-frag/picard_metrics/EGAR00002027854.hg19.insert_size.txt  --DEVIATIONS 10.0 --MINIMUM_PCT 0.05 --METRIC_ACCUMULATION_LEVEL ALL_READS --INCLUDE_DUPLICATES false --ASSUME_SORTED true --STOP_AFTER 0 --VERBOSITY INFO --QUIET false --VALIDATION_STRINGENCY STRICT --COMPRESSION_LEVEL 5 --MAX_RECORDS_IN_RAM 500000 --CREATE_INDEX false --CREATE_MD5_FILE false --GA4GH_CLIENT_SECRETS client_secrets.json --help false --version false --showHidden false --USE_JDK_DEFLATER false --USE_JDK_INFLATER false
## htsjdk.samtools.metrics.StringHeader
# Started on: Sun May 03 15:46:41 UTC 2020

## METRICS CLASS	picard.analysis.InsertSizeMetrics
MEDIAN_INSERT_SIZE	MODE_INSERT_SIZE	MEDIAN_ABSOLUTE_DEVIATION	MIN_INSERT_SIZE	MAX_INSERT_SIZE	MEAN_INSERT_SIZE	STANDARD_DEVIATION	READ_PAIRS	PAIR_ORIENTATION	WIDTH_OF_10_PERCENT	WIDTH_OF_20_PERCENT	WIDTH_OF_30_PERCENT	WIDTH_OF_40_PERCENT	WIDTH_OF_50_PERCENT	WIDTH_OF_60_PERCENT	WIDTH_OF_70_PERCENT	WIDTH_OF_80_PERCENT	WIDTH_OF_90_PERCENT	WIDTH_OF_95_PERCENT	WIDTH_OF_99_PERCENT	SAMPLE	LIBRARY	READ_GROUP
168	167	12	78	260	167.03547	21.861301	30396851	FR	5	9	13	19	25	33	43	55	73	93	131			

## HISTOGRAM	java.lang.Integer
insert_size	All_Reads.fr_count
78	1436
79	1336
80	1266
81	1559
82	1590
83	2149
84	2448
85	2169
86	2219
87	1847
88	2296
89	2868
90	2955
91	2901
92	2480
93	2747
94	2979
95	3388
96	3800
97	3128
98	3460
99	12332
100	14404
101	16328
102	17544
103	17789
104	17573
105	16908
106	18201
107	20287
108	23099
109	27831
110	34342
111	39832
112	41553
113	37002
114	33544
115	34226
116	36273
117	39668
118	44766
119	52819
120	63892
121	81243
122	95254
123	91953
124	74675
125	60536
126	57753
127	61798
128	67753
129	76952
130	92219
131	112796
132	145415
133	176451
134	181626
135	160472
136	141615
137	143093
138	162914
139	198538
140	241063
141	275086
142	284443
143	282569
144	285398
145	288429
146	288092
147	290243
148	301684
149	319769
150	341291
151	368484
152	391999
153	390307
154	375398
155	368378
156	383535
157	416413
158	459367
159	505405
160	544713
161	568368
162	590125
163	629271
164	696135
165	762590
166	796287
167	800464
168	787521
169	764333
170	733750
171	696425
172	667215
173	656957
174	652366
175	646706
176	633113
177	604347
178	564625
179	520670
180	478515
181	439334
182	403712
183	374769
184	353005
185	336361
186	322167
187	306771
188	291704
189	272548
190	253189
191	231470
192	213538
193	195508
194	180131
195	169168
196	159731
197	151999
198	145431
199	138541
200	129992
201	121856
202	112139
203	103472
204	94518
205	88170
206	82309
207	77445
208	73566
209	69648
210	65305
211	61158
212	57011
213	52989
214	48591
215	44493
216	41486
217	38560
218	36567
219	34491
220	32207
221	30480
222	28208
223	25918
224	24361
225	22213
226	20734
227	19199
228	18006
229	16894
230	16145
231	15111
232	14182
233	13277
234	12228
235	11283
236	10487
237	9927
238	9418
239	9025
240	8829
241	8131
242	7929
243	7538
244	7249
245	6856
246	6519
247	6149
248	5863
249	5680
250	5435
251	5181
252	5371
253	4817
254	4212
255	4006
256	3904
257	3865
258	3639
259	3859
260	3534

