## htsjdk.samtools.metrics.StringHeader
# CollectInsertSizeMetrics  --Histogram_FILE pandisease.epifluidlab.cchmc.org/results/20200420-week-17/jhu-cfdna-frag/picard_metrics/EGAR00002027893.hg19.insert_size.pdf --INPUT pandisease.epifluidlab.cchmc.org/results/20200420-week-17/jhu-cfdna-frag/filtered_bam/EGAR00002027893.hg19.filtered.bam --OUTPUT pandisease.epifluidlab.cchmc.org/results/20200420-week-17/jhu-cfdna-frag/picard_metrics/EGAR00002027893.hg19.insert_size.txt  --DEVIATIONS 10.0 --MINIMUM_PCT 0.05 --METRIC_ACCUMULATION_LEVEL ALL_READS --INCLUDE_DUPLICATES false --ASSUME_SORTED true --STOP_AFTER 0 --VERBOSITY INFO --QUIET false --VALIDATION_STRINGENCY STRICT --COMPRESSION_LEVEL 5 --MAX_RECORDS_IN_RAM 500000 --CREATE_INDEX false --CREATE_MD5_FILE false --GA4GH_CLIENT_SECRETS client_secrets.json --help false --version false --showHidden false --USE_JDK_DEFLATER false --USE_JDK_INFLATER false
## htsjdk.samtools.metrics.StringHeader
# Started on: Sun May 03 15:35:35 UTC 2020

## METRICS CLASS	picard.analysis.InsertSizeMetrics
MEDIAN_INSERT_SIZE	MODE_INSERT_SIZE	MEDIAN_ABSOLUTE_DEVIATION	MIN_INSERT_SIZE	MAX_INSERT_SIZE	MEAN_INSERT_SIZE	STANDARD_DEVIATION	READ_PAIRS	PAIR_ORIENTATION	WIDTH_OF_10_PERCENT	WIDTH_OF_20_PERCENT	WIDTH_OF_30_PERCENT	WIDTH_OF_40_PERCENT	WIDTH_OF_50_PERCENT	WIDTH_OF_60_PERCENT	WIDTH_OF_70_PERCENT	WIDTH_OF_80_PERCENT	WIDTH_OF_90_PERCENT	WIDTH_OF_95_PERCENT	WIDTH_OF_99_PERCENT	SAMPLE	LIBRARY	READ_GROUP
168	166	11	82	257	168.056772	20.367986	32408395	FR	5	9	13	17	23	31	39	51	69	87	125			

## HISTOGRAM	java.lang.Integer
insert_size	All_Reads.fr_count
82	2
83	4
84	1
85	1691
86	1835
87	1622
88	1897
89	2264
90	2545
91	2624
92	2198
93	2368
94	2483
95	3100
96	3260
97	2745
98	2965
99	7667
100	8830
101	9670
102	10409
103	10489
104	10744
105	10569
106	11111
107	12581
108	14292
109	16719
110	20351
111	22605
112	23597
113	22020
114	20926
115	22067
116	23590
117	25444
118	29054
119	34317
120	42265
121	55441
122	65340
123	65805
124	54690
125	45249
126	43150
127	46498
128	51714
129	59470
130	72520
131	93375
132	124589
133	155889
134	161961
135	143777
136	126977
137	131799
138	154661
139	193517
140	240620
141	278525
142	290105
143	288928
144	292696
145	297258
146	297563
147	300241
148	314425
149	336962
150	363884
151	397795
152	427485
153	429521
154	412320
155	410066
156	430811
157	471938
158	524831
159	579798
160	623466
161	652620
162	678039
163	728971
164	809018
165	885621
166	918630
167	917085
168	900171
169	871462
170	830010
171	782355
172	742370
173	720523
174	708003
175	695214
176	676568
177	645608
178	603958
179	560533
180	515516
181	471575
182	434116
183	400535
184	376569
185	356416
186	339615
187	324559
188	309653
189	291386
190	270993
191	249021
192	227630
193	209850
194	193226
195	179716
196	169829
197	161938
198	153639
199	146334
200	138567
201	128910
202	119749
203	110216
204	101017
205	93158
206	87818
207	82373
208	77577
209	73714
210	69303
211	65622
212	60545
213	56308
214	51629
215	47130
216	43654
217	40667
218	38507
219	36292
220	34040
221	32491
222	30319
223	27692
224	25532
225	23465
226	21438
227	20210
228	19202
229	18163
230	16907
231	16115
232	14809
233	14133
234	13002
235	12083
236	10954
237	10499
238	9783
239	9574
240	9298
241	8765
242	8618
243	8021
244	7509
245	7764
246	6509
247	5659
248	5464
249	5208
250	4984
251	5123
252	4999
253	4962
254	4484
255	126
256	150
257	129

