## htsjdk.samtools.metrics.StringHeader
# CollectInsertSizeMetrics  --Histogram_FILE pandisease.epifluidlab.cchmc.org/results/20200420-week-17/jhu-cfdna-frag/picard_metrics/EGAR00002027861.hg19.insert_size.pdf --INPUT pandisease.epifluidlab.cchmc.org/results/20200420-week-17/jhu-cfdna-frag/filtered_bam/EGAR00002027861.hg19.filtered.bam --OUTPUT pandisease.epifluidlab.cchmc.org/results/20200420-week-17/jhu-cfdna-frag/picard_metrics/EGAR00002027861.hg19.insert_size.txt  --DEVIATIONS 10.0 --MINIMUM_PCT 0.05 --METRIC_ACCUMULATION_LEVEL ALL_READS --INCLUDE_DUPLICATES false --ASSUME_SORTED true --STOP_AFTER 0 --VERBOSITY INFO --QUIET false --VALIDATION_STRINGENCY STRICT --COMPRESSION_LEVEL 5 --MAX_RECORDS_IN_RAM 500000 --CREATE_INDEX false --CREATE_MD5_FILE false --GA4GH_CLIENT_SECRETS client_secrets.json --help false --version false --showHidden false --USE_JDK_DEFLATER false --USE_JDK_INFLATER false
## htsjdk.samtools.metrics.StringHeader
# Started on: Sun May 03 12:32:48 UTC 2020

## METRICS CLASS	picard.analysis.InsertSizeMetrics
MEDIAN_INSERT_SIZE	MODE_INSERT_SIZE	MEDIAN_ABSOLUTE_DEVIATION	MIN_INSERT_SIZE	MAX_INSERT_SIZE	MEAN_INSERT_SIZE	STANDARD_DEVIATION	READ_PAIRS	PAIR_ORIENTATION	WIDTH_OF_10_PERCENT	WIDTH_OF_20_PERCENT	WIDTH_OF_30_PERCENT	WIDTH_OF_40_PERCENT	WIDTH_OF_50_PERCENT	WIDTH_OF_60_PERCENT	WIDTH_OF_70_PERCENT	WIDTH_OF_80_PERCENT	WIDTH_OF_90_PERCENT	WIDTH_OF_95_PERCENT	WIDTH_OF_99_PERCENT	SAMPLE	LIBRARY	READ_GROUP
167	167	10	89	246	166.970424	18.84429	42469713	FR	5	7	13	17	21	29	37	47	63	79	117			

## HISTOGRAM	java.lang.Integer
insert_size	All_Reads.fr_count
89	242
90	229
91	223
92	2335
93	2403
94	2953
95	3693
96	3707
97	3171
98	3510
99	10919
100	12586
101	13368
102	13822
103	14249
104	14465
105	15318
106	16262
107	18192
108	19886
109	22590
110	26230
111	29548
112	30228
113	28407
114	27313
115	27813
116	29679
117	32079
118	37424
119	42774
120	53031
121	66805
122	79241
123	78644
124	64531
125	53615
126	52337
127	56438
128	61950
129	71937
130	87514
131	112279
132	149417
133	188987
134	197462
135	177380
136	159938
137	168024
138	199725
139	250276
140	310688
141	358934
142	377114
143	378793
144	387744
145	398769
146	402210
147	411831
148	434922
149	465510
150	503723
151	549339
152	586477
153	588035
154	562326
155	557122
156	586508
157	643624
158	719500
159	795432
160	854566
161	892602
162	930328
163	1002876
164	1117022
165	1226109
166	1277627
167	1285635
168	1268957
169	1225014
170	1164006
171	1095118
172	1032620
173	996397
174	977918
175	964655
176	934755
177	888598
178	822578
179	751908
180	681796
181	615133
182	557114
183	509222
184	472689
185	443579
186	420231
187	397172
188	374312
189	346880
190	317474
191	285772
192	259956
193	235172
194	214100
195	197596
196	183381
197	173554
198	164292
199	155325
200	145575
201	135006
202	123472
203	112475
204	103842
205	94112
206	87437
207	82117
208	77391
209	72993
210	69000
211	64197
212	59877
213	54338
214	49659
215	45515
216	42101
217	39160
218	36215
219	34506
220	32151
221	30236
222	27755
223	25448
224	23789
225	21605
226	19485
227	18273
228	17101
229	16317
230	15609
231	14311
232	13513
233	12552
234	11758
235	10742
236	10068
237	9323
238	9880
239	8490
240	7369
241	7326
242	6544
243	1107
244	1027
245	926
246	231

