## htsjdk.samtools.metrics.StringHeader
# CollectInsertSizeMetrics  --Histogram_FILE pandisease.epifluidlab.cchmc.org/results/20200420-week-17/jhu-cfdna-frag/picard_metrics/EGAR00002027898.hg19.insert_size.pdf --INPUT pandisease.epifluidlab.cchmc.org/results/20200420-week-17/jhu-cfdna-frag/filtered_bam/EGAR00002027898.hg19.filtered.bam --OUTPUT pandisease.epifluidlab.cchmc.org/results/20200420-week-17/jhu-cfdna-frag/picard_metrics/EGAR00002027898.hg19.insert_size.txt  --DEVIATIONS 10.0 --MINIMUM_PCT 0.05 --METRIC_ACCUMULATION_LEVEL ALL_READS --INCLUDE_DUPLICATES false --ASSUME_SORTED true --STOP_AFTER 0 --VERBOSITY INFO --QUIET false --VALIDATION_STRINGENCY STRICT --COMPRESSION_LEVEL 5 --MAX_RECORDS_IN_RAM 500000 --CREATE_INDEX false --CREATE_MD5_FILE false --GA4GH_CLIENT_SECRETS client_secrets.json --help false --version false --showHidden false --USE_JDK_DEFLATER false --USE_JDK_INFLATER false
## htsjdk.samtools.metrics.StringHeader
# Started on: Sun May 03 01:49:29 UTC 2020

## METRICS CLASS	picard.analysis.InsertSizeMetrics
MEDIAN_INSERT_SIZE	MODE_INSERT_SIZE	MEDIAN_ABSOLUTE_DEVIATION	MIN_INSERT_SIZE	MAX_INSERT_SIZE	MEAN_INSERT_SIZE	STANDARD_DEVIATION	READ_PAIRS	PAIR_ORIENTATION	WIDTH_OF_10_PERCENT	WIDTH_OF_20_PERCENT	WIDTH_OF_30_PERCENT	WIDTH_OF_40_PERCENT	WIDTH_OF_50_PERCENT	WIDTH_OF_60_PERCENT	WIDTH_OF_70_PERCENT	WIDTH_OF_80_PERCENT	WIDTH_OF_90_PERCENT	WIDTH_OF_95_PERCENT	WIDTH_OF_99_PERCENT	SAMPLE	LIBRARY	READ_GROUP
167	166	11	87	248	166.162402	19.297329	52686235	FR	5	9	13	17	23	29	37	49	65	81	119			

## HISTOGRAM	java.lang.Integer
insert_size	All_Reads.fr_count
87	140
88	3077
89	3399
90	3524
91	3567
92	3690
93	3846
94	4096
95	4306
96	4418
97	4203
98	4910
99	13470
100	14762
101	16028
102	16964
103	18015
104	18366
105	18382
106	19543
107	21876
108	23799
109	28598
110	34651
111	39513
112	41043
113	38708
114	36463
115	37568
116	41230
117	45480
118	51440
119	59204
120	73884
121	95254
122	113543
123	111937
124	95022
125	78909
126	77949
127	83960
128	93890
129	107511
130	129981
131	165371
132	216666
133	269885
134	282805
135	257018
136	231764
137	242155
138	283101
139	347897
140	422913
141	484708
142	508466
143	510867
144	520493
145	533862
146	535515
147	543905
148	566520
149	602519
150	645211
151	695352
152	739443
153	744522
154	720083
155	719561
156	755585
157	825024
158	912180
159	1001696
160	1071311
161	1119621
162	1167897
163	1265758
164	1409248
165	1535011
166	1579002
167	1571464
168	1531404
169	1474304
170	1395433
171	1311069
172	1232293
173	1186254
174	1152162
175	1124016
176	1084066
177	1025361
178	948750
179	867491
180	790318
181	714906
182	653542
183	599966
184	555745
185	522791
186	493943
187	466512
188	437492
189	407574
190	373784
191	339699
192	309261
193	281311
194	257363
195	239377
196	222632
197	210027
198	198854
199	187243
200	175278
201	161806
202	148294
203	135870
204	125005
205	114162
206	106361
207	99293
208	93717
209	88306
210	82382
211	77763
212	72301
213	65132
214	60006
215	55337
216	51391
217	47252
218	44462
219	41776
220	39213
221	36812
222	34152
223	31481
224	28991
225	26738
226	24287
227	22627
228	21330
229	20520
230	19233
231	18182
232	16723
233	15459
234	14638
235	13518
236	12796
237	11762
238	11538
239	11125
240	10901
241	11574
242	9499
243	7981
244	7670
245	6057
246	5495
247	5603
248	4975

