## htsjdk.samtools.metrics.StringHeader
# CollectInsertSizeMetrics  --Histogram_FILE pandisease.epifluidlab.cchmc.org/results/20200420-week-17/jhu-cfdna-frag/picard_metrics/EGAR00002027845.hg19.insert_size.pdf --INPUT pandisease.epifluidlab.cchmc.org/results/20200420-week-17/jhu-cfdna-frag/filtered_bam/EGAR00002027845.hg19.filtered.bam --OUTPUT pandisease.epifluidlab.cchmc.org/results/20200420-week-17/jhu-cfdna-frag/picard_metrics/EGAR00002027845.hg19.insert_size.txt  --DEVIATIONS 10.0 --MINIMUM_PCT 0.05 --METRIC_ACCUMULATION_LEVEL ALL_READS --INCLUDE_DUPLICATES false --ASSUME_SORTED true --STOP_AFTER 0 --VERBOSITY INFO --QUIET false --VALIDATION_STRINGENCY STRICT --COMPRESSION_LEVEL 5 --MAX_RECORDS_IN_RAM 500000 --CREATE_INDEX false --CREATE_MD5_FILE false --GA4GH_CLIENT_SECRETS client_secrets.json --help false --version false --showHidden false --USE_JDK_DEFLATER false --USE_JDK_INFLATER false
## htsjdk.samtools.metrics.StringHeader
# Started on: Sun May 03 15:47:43 UTC 2020

## METRICS CLASS	picard.analysis.InsertSizeMetrics
MEDIAN_INSERT_SIZE	MODE_INSERT_SIZE	MEDIAN_ABSOLUTE_DEVIATION	MIN_INSERT_SIZE	MAX_INSERT_SIZE	MEAN_INSERT_SIZE	STANDARD_DEVIATION	READ_PAIRS	PAIR_ORIENTATION	WIDTH_OF_10_PERCENT	WIDTH_OF_20_PERCENT	WIDTH_OF_30_PERCENT	WIDTH_OF_40_PERCENT	WIDTH_OF_50_PERCENT	WIDTH_OF_60_PERCENT	WIDTH_OF_70_PERCENT	WIDTH_OF_80_PERCENT	WIDTH_OF_90_PERCENT	WIDTH_OF_95_PERCENT	WIDTH_OF_99_PERCENT	SAMPLE	LIBRARY	READ_GROUP
168	167	11	82	253	167.624106	20.808558	28554272	FR	5	9	13	17	23	31	39	51	69	89	127			

## HISTOGRAM	java.lang.Integer
insert_size	All_Reads.fr_count
82	1232
83	1371
84	1646
85	1448
86	1498
87	1527
88	1845
89	1958
90	1970
91	1922
92	1880
93	2240
94	2466
95	2498
96	2631
97	2191
98	2609
99	11977
100	13481
101	14952
102	15096
103	15635
104	15578
105	15593
106	17233
107	19233
108	21077
109	23866
110	27734
111	30627
112	30688
113	28979
114	26679
115	26700
116	28242
117	30710
118	34000
119	37980
120	45825
121	58903
122	68648
123	67089
124	53419
125	43630
126	41836
127	43997
128	48957
129	55665
130	67170
131	85134
132	113997
133	141057
134	145077
135	126431
136	111679
137	115022
138	136702
139	169656
140	210582
141	243375
142	252110
143	250183
144	251808
145	256534
146	254568
147	258103
148	271821
149	291861
150	316483
151	346838
152	374309
153	376206
154	356314
155	351129
156	366352
157	401410
158	448039
159	501084
160	541751
161	569177
162	588819
163	632208
164	700648
165	759514
166	786237
167	791082
168	785013
169	761598
170	727781
171	685860
172	650651
173	628050
174	616979
175	609547
176	596523
177	569997
178	537211
179	499199
180	460954
181	421628
182	387303
183	359238
184	335976
185	318383
186	306042
187	291460
188	279105
189	262797
190	242983
191	223604
192	204287
193	187326
194	172302
195	159959
196	150474
197	142686
198	135686
199	128467
200	121444
201	113628
202	104856
203	94939
204	87835
205	80886
206	74761
207	70543
208	66912
209	63452
210	59750
211	56253
212	52491
213	48138
214	44134
215	40415
216	37650
217	34675
218	32593
219	30466
220	29068
221	27221
222	25337
223	23439
224	21809
225	19575
226	18084
227	16949
228	15884
229	15025
230	14087
231	13343
232	12219
233	11565
234	10857
235	9891
236	9065
237	8729
238	8177
239	8067
240	7571
241	7288
242	6812
243	6574
244	6236
245	5806
246	5526
247	5448
248	5239
249	5568
250	4707
251	2353
252	2468
253	1964

