## htsjdk.samtools.metrics.StringHeader
# CollectInsertSizeMetrics  --Histogram_FILE pandisease.epifluidlab.cchmc.org/results/20200420-week-17/jhu-cfdna-frag/picard_metrics/EGAR00002027836.hg19.insert_size.pdf --INPUT pandisease.epifluidlab.cchmc.org/results/20200420-week-17/jhu-cfdna-frag/filtered_bam/EGAR00002027836.hg19.filtered.bam --OUTPUT pandisease.epifluidlab.cchmc.org/results/20200420-week-17/jhu-cfdna-frag/picard_metrics/EGAR00002027836.hg19.insert_size.txt  --DEVIATIONS 10.0 --MINIMUM_PCT 0.05 --METRIC_ACCUMULATION_LEVEL ALL_READS --INCLUDE_DUPLICATES false --ASSUME_SORTED true --STOP_AFTER 0 --VERBOSITY INFO --QUIET false --VALIDATION_STRINGENCY STRICT --COMPRESSION_LEVEL 5 --MAX_RECORDS_IN_RAM 500000 --CREATE_INDEX false --CREATE_MD5_FILE false --GA4GH_CLIENT_SECRETS client_secrets.json --help false --version false --showHidden false --USE_JDK_DEFLATER false --USE_JDK_INFLATER false
## htsjdk.samtools.metrics.StringHeader
# Started on: Sun May 03 04:58:50 UTC 2020

## METRICS CLASS	picard.analysis.InsertSizeMetrics
MEDIAN_INSERT_SIZE	MODE_INSERT_SIZE	MEDIAN_ABSOLUTE_DEVIATION	MIN_INSERT_SIZE	MAX_INSERT_SIZE	MEAN_INSERT_SIZE	STANDARD_DEVIATION	READ_PAIRS	PAIR_ORIENTATION	WIDTH_OF_10_PERCENT	WIDTH_OF_20_PERCENT	WIDTH_OF_30_PERCENT	WIDTH_OF_40_PERCENT	WIDTH_OF_50_PERCENT	WIDTH_OF_60_PERCENT	WIDTH_OF_70_PERCENT	WIDTH_OF_80_PERCENT	WIDTH_OF_90_PERCENT	WIDTH_OF_95_PERCENT	WIDTH_OF_99_PERCENT	SAMPLE	LIBRARY	READ_GROUP
167	166	11	83	248	166.078719	20.093645	50444339	FR	5	9	13	17	23	29	39	49	67	87	123			

## HISTOGRAM	java.lang.Integer
insert_size	All_Reads.fr_count
83	2477
84	2762
85	2513
86	3111
87	3263
88	3872
89	3786
90	4159
91	4613
92	4585
93	4809
94	5298
95	5283
96	5499
97	5042
98	5961
99	22284
100	25802
101	28135
102	28989
103	29138
104	28803
105	28951
106	30697
107	33182
108	37221
109	43036
110	51895
111	58963
112	60762
113	54413
114	50094
115	50908
116	53265
117	58184
118	64752
119	75738
120	94048
121	119645
122	139542
123	134981
124	107492
125	86762
126	83255
127	88438
128	96373
129	109637
130	133240
131	168704
132	220914
133	269869
134	279531
135	246307
136	217899
137	225191
138	262279
139	321845
140	390554
141	446026
142	467014
143	469792
144	473563
145	478648
146	475317
147	477795
148	495578
149	527218
150	565578
151	611310
152	654236
153	658589
154	639867
155	643601
156	677185
157	739609
158	820178
159	902665
160	974955
161	1028306
162	1089092
163	1191535
164	1342525
165	1472879
166	1515912
167	1506271
168	1468874
169	1415773
170	1340195
171	1259903
172	1191401
173	1149212
174	1126796
175	1102368
176	1061157
177	997270
178	920628
179	840802
180	763567
181	691463
182	630652
183	580225
184	541705
185	509873
186	482616
187	456486
188	430252
189	399585
190	366089
191	334437
192	302648
193	276121
194	254210
195	237446
196	222297
197	208554
198	198517
199	187443
200	176384
201	163419
202	150064
203	138560
204	126918
205	117369
206	108512
207	101833
208	95379
209	91293
210	85384
211	79911
212	73659
213	67693
214	61884
215	57527
216	52064
217	48591
218	45486
219	42981
220	39856
221	37634
222	34599
223	32274
224	29298
225	26900
226	24579
227	22910
228	21711
229	20359
230	18780
231	17916
232	16699
233	15478
234	14338
235	13336
236	12146
237	11401
238	10917
239	10486
240	10297
241	9739
242	8819
243	9194
244	7704
245	3980
246	2043
247	1871
248	1604

