## htsjdk.samtools.metrics.StringHeader
# CollectInsertSizeMetrics  --Histogram_FILE pandisease.epifluidlab.cchmc.org/results/20200420-week-17/jhu-cfdna-frag/picard_metrics/EGAR00002027852.hg19.insert_size.pdf --INPUT pandisease.epifluidlab.cchmc.org/results/20200420-week-17/jhu-cfdna-frag/filtered_bam/EGAR00002027852.hg19.filtered.bam --OUTPUT pandisease.epifluidlab.cchmc.org/results/20200420-week-17/jhu-cfdna-frag/picard_metrics/EGAR00002027852.hg19.insert_size.txt  --DEVIATIONS 10.0 --MINIMUM_PCT 0.05 --METRIC_ACCUMULATION_LEVEL ALL_READS --INCLUDE_DUPLICATES false --ASSUME_SORTED true --STOP_AFTER 0 --VERBOSITY INFO --QUIET false --VALIDATION_STRINGENCY STRICT --COMPRESSION_LEVEL 5 --MAX_RECORDS_IN_RAM 500000 --CREATE_INDEX false --CREATE_MD5_FILE false --GA4GH_CLIENT_SECRETS client_secrets.json --help false --version false --showHidden false --USE_JDK_DEFLATER false --USE_JDK_INFLATER false
## htsjdk.samtools.metrics.StringHeader
# Started on: Sun May 03 01:49:11 UTC 2020

## METRICS CLASS	picard.analysis.InsertSizeMetrics
MEDIAN_INSERT_SIZE	MODE_INSERT_SIZE	MEDIAN_ABSOLUTE_DEVIATION	MIN_INSERT_SIZE	MAX_INSERT_SIZE	MEAN_INSERT_SIZE	STANDARD_DEVIATION	READ_PAIRS	PAIR_ORIENTATION	WIDTH_OF_10_PERCENT	WIDTH_OF_20_PERCENT	WIDTH_OF_30_PERCENT	WIDTH_OF_40_PERCENT	WIDTH_OF_50_PERCENT	WIDTH_OF_60_PERCENT	WIDTH_OF_70_PERCENT	WIDTH_OF_80_PERCENT	WIDTH_OF_90_PERCENT	WIDTH_OF_95_PERCENT	WIDTH_OF_99_PERCENT	SAMPLE	LIBRARY	READ_GROUP
169	166	10	91	252	169.937703	18.780679	60438893	FR	5	9	11	17	21	27	37	47	63	79	117			

## HISTOGRAM	java.lang.Integer
insert_size	All_Reads.fr_count
91	47
92	46
93	55
94	277
95	484
96	552
97	544
98	3945
99	8739
100	9429
101	9733
102	9676
103	10098
104	10415
105	11173
106	11684
107	12912
108	13278
109	15207
110	18312
111	19177
112	20069
113	19009
114	18669
115	19585
116	22133
117	24063
118	27650
119	31966
120	39799
121	51295
122	62288
123	62790
124	53357
125	45116
126	45251
127	50196
128	57467
129	67889
130	85988
131	112305
132	153232
133	194600
134	205882
135	185162
136	168790
137	182957
138	226356
139	288764
140	364736
141	424313
142	443361
143	440606
144	444751
145	453965
146	456226
147	471168
148	506969
149	555444
150	615633
151	687354
152	748454
153	752817
154	725551
155	725996
156	779241
157	867917
158	985909
159	1109733
160	1203341
161	1264890
162	1328001
163	1448076
164	1633070
165	1801654
166	1868120
167	1865210
168	1824269
169	1751130
170	1656202
171	1550638
172	1463881
173	1414086
174	1388500
175	1369627
176	1338796
177	1279405
178	1203346
179	1112621
180	1026251
181	935988
182	857248
183	792195
184	742159
185	705036
186	673830
187	650257
188	622081
189	588710
190	548731
191	505230
192	461901
193	422851
194	388718
195	361693
196	341819
197	324710
198	312110
199	297418
200	281612
201	263631
202	242746
203	223502
204	205431
205	187893
206	175017
207	164303
208	155741
209	147834
210	139620
211	131253
212	121728
213	111255
214	101119
215	93018
216	85935
217	79270
218	74571
219	69708
220	65236
221	61098
222	57157
223	52652
224	48692
225	43780
226	40564
227	37349
228	35080
229	32964
230	31205
231	28643
232	27145
233	25340
234	23069
235	21477
236	19531
237	19910
238	16686
239	14306
240	13586
241	13033
242	12330
243	11441
244	10711
245	10479
246	9762
247	9626
248	8841
249	4772
250	1682
251	1674
252	1531

