## htsjdk.samtools.metrics.StringHeader
# CollectInsertSizeMetrics  --Histogram_FILE pandisease.epifluidlab.cchmc.org/results/20200420-week-17/jhu-cfdna-frag/picard_metrics/EGAR00002027877.hg19.insert_size.pdf --INPUT pandisease.epifluidlab.cchmc.org/results/20200420-week-17/jhu-cfdna-frag/filtered_bam/EGAR00002027877.hg19.filtered.bam --OUTPUT pandisease.epifluidlab.cchmc.org/results/20200420-week-17/jhu-cfdna-frag/picard_metrics/EGAR00002027877.hg19.insert_size.txt  --DEVIATIONS 10.0 --MINIMUM_PCT 0.05 --METRIC_ACCUMULATION_LEVEL ALL_READS --INCLUDE_DUPLICATES false --ASSUME_SORTED true --STOP_AFTER 0 --VERBOSITY INFO --QUIET false --VALIDATION_STRINGENCY STRICT --COMPRESSION_LEVEL 5 --MAX_RECORDS_IN_RAM 500000 --CREATE_INDEX false --CREATE_MD5_FILE false --GA4GH_CLIENT_SECRETS client_secrets.json --help false --version false --showHidden false --USE_JDK_DEFLATER false --USE_JDK_INFLATER false
## htsjdk.samtools.metrics.StringHeader
# Started on: Sun May 03 15:25:49 UTC 2020

## METRICS CLASS	picard.analysis.InsertSizeMetrics
MEDIAN_INSERT_SIZE	MODE_INSERT_SIZE	MEDIAN_ABSOLUTE_DEVIATION	MIN_INSERT_SIZE	MAX_INSERT_SIZE	MEAN_INSERT_SIZE	STANDARD_DEVIATION	READ_PAIRS	PAIR_ORIENTATION	WIDTH_OF_10_PERCENT	WIDTH_OF_20_PERCENT	WIDTH_OF_30_PERCENT	WIDTH_OF_40_PERCENT	WIDTH_OF_50_PERCENT	WIDTH_OF_60_PERCENT	WIDTH_OF_70_PERCENT	WIDTH_OF_80_PERCENT	WIDTH_OF_90_PERCENT	WIDTH_OF_95_PERCENT	WIDTH_OF_99_PERCENT	SAMPLE	LIBRARY	READ_GROUP
169	167	11	83	258	168.654089	20.871606	34511589	FR	5	9	13	19	23	31	41	51	71	89	127			

## HISTOGRAM	java.lang.Integer
insert_size	All_Reads.fr_count
83	20
84	15
85	21
86	2110
87	1779
88	2018
89	2562
90	2736
91	2522
92	2291
93	2472
94	2637
95	3342
96	3338
97	2775
98	3141
99	10450
100	11922
101	13833
102	14381
103	14619
104	14701
105	14957
106	15751
107	18130
108	20683
109	23780
110	28853
111	32171
112	33709
113	30965
114	29141
115	30591
116	32342
117	35290
118	39824
119	45940
120	55332
121	68179
122	79564
123	78558
124	65857
125	54960
126	53232
127	56597
128	61777
129	70282
130	82516
131	101750
132	130382
133	159153
134	164986
135	147268
136	130890
137	134654
138	154793
139	189424
140	233243
141	268798
142	283125
143	285610
144	291645
145	296270
146	298258
147	300665
148	315603
149	336755
150	361036
151	391437
152	419918
153	423986
154	409432
155	404147
156	422965
157	459501
158	512965
159	567994
160	616043
161	648345
162	677704
163	725661
164	798941
165	873132
166	915707
167	926080
168	922656
169	904453
170	874665
171	838913
172	806980
173	794382
174	789598
175	786404
176	767771
177	733381
178	684251
179	632544
180	580932
181	534532
182	494680
183	462569
184	435226
185	415411
186	397919
187	378715
188	359411
189	335727
190	310707
191	285505
192	261460
193	240377
194	222485
195	209079
196	197767
197	188441
198	179405
199	170603
200	160024
201	149452
202	138131
203	126929
204	117118
205	108422
206	101207
207	95090
208	90331
209	84938
210	79594
211	74857
212	69011
213	63409
214	57664
215	53829
216	49277
217	45776
218	42614
219	40155
220	38170
221	35552
222	33392
223	30333
224	28235
225	25654
226	23547
227	21840
228	20969
229	19306
230	18641
231	16988
232	15884
233	14931
234	13510
235	12658
236	11888
237	11161
238	10359
239	10013
240	9511
241	9146
242	8669
243	8299
244	7803
245	7603
246	7649
247	6354
248	5352
249	5145
250	4974
251	4906
252	3797
253	3718
254	3705
255	3019
256	1078
257	1102
258	1019

