## htsjdk.samtools.metrics.StringHeader
# CollectInsertSizeMetrics  --Histogram_FILE pandisease.epifluidlab.cchmc.org/results/20200420-week-17/jhu-cfdna-frag/picard_metrics/EGAR00002027846.hg19.insert_size.pdf --INPUT pandisease.epifluidlab.cchmc.org/results/20200420-week-17/jhu-cfdna-frag/filtered_bam/EGAR00002027846.hg19.filtered.bam --OUTPUT pandisease.epifluidlab.cchmc.org/results/20200420-week-17/jhu-cfdna-frag/picard_metrics/EGAR00002027846.hg19.insert_size.txt  --DEVIATIONS 10.0 --MINIMUM_PCT 0.05 --METRIC_ACCUMULATION_LEVEL ALL_READS --INCLUDE_DUPLICATES false --ASSUME_SORTED true --STOP_AFTER 0 --VERBOSITY INFO --QUIET false --VALIDATION_STRINGENCY STRICT --COMPRESSION_LEVEL 5 --MAX_RECORDS_IN_RAM 500000 --CREATE_INDEX false --CREATE_MD5_FILE false --GA4GH_CLIENT_SECRETS client_secrets.json --help false --version false --showHidden false --USE_JDK_DEFLATER false --USE_JDK_INFLATER false
## htsjdk.samtools.metrics.StringHeader
# Started on: Sun May 03 11:43:44 UTC 2020

## METRICS CLASS	picard.analysis.InsertSizeMetrics
MEDIAN_INSERT_SIZE	MODE_INSERT_SIZE	MEDIAN_ABSOLUTE_DEVIATION	MIN_INSERT_SIZE	MAX_INSERT_SIZE	MEAN_INSERT_SIZE	STANDARD_DEVIATION	READ_PAIRS	PAIR_ORIENTATION	WIDTH_OF_10_PERCENT	WIDTH_OF_20_PERCENT	WIDTH_OF_30_PERCENT	WIDTH_OF_40_PERCENT	WIDTH_OF_50_PERCENT	WIDTH_OF_60_PERCENT	WIDTH_OF_70_PERCENT	WIDTH_OF_80_PERCENT	WIDTH_OF_90_PERCENT	WIDTH_OF_95_PERCENT	WIDTH_OF_99_PERCENT	SAMPLE	LIBRARY	READ_GROUP
168	167	12	79	261	167.987448	21.419664	49398508	FR	5	9	13	19	25	31	41	53	71	93	131			

## HISTOGRAM	java.lang.Integer
insert_size	All_Reads.fr_count
79	13
80	6
81	11
82	1975
83	2395
84	2394
85	2343
86	2872
87	2587
88	2795
89	2995
90	3073
91	3204
92	3395
93	3449
94	3666
95	3796
96	3946
97	3565
98	4329
99	21298
100	24989
101	27636
102	28863
103	29676
104	28848
105	28955
106	30924
107	34694
108	38873
109	44130
110	51619
111	58693
112	59558
113	53423
114	49043
115	49172
116	51954
117	57055
118	63294
119	71060
120	85429
121	107960
122	125824
123	121684
124	98241
125	80513
126	76888
127	82101
128	90067
129	102732
130	122563
131	155680
132	202051
133	246390
134	252480
135	223547
136	197493
137	203917
138	237066
139	290639
140	356181
141	408043
142	425323
143	424964
144	431677
145	437906
146	439852
147	444261
148	465591
149	497092
150	533616
151	581205
152	622148
153	626437
154	601089
155	596550
156	621632
157	676922
158	755253
159	836604
160	901782
161	946312
162	983855
163	1054750
164	1162220
165	1266114
166	1321141
167	1329954
168	1320251
169	1288012
170	1239382
171	1176329
172	1124123
173	1095143
174	1078807
175	1068971
176	1043623
177	997255
178	935121
179	867138
180	799393
181	733856
182	677065
183	629156
184	591229
185	563160
186	537996
187	514999
188	490749
189	461503
190	429367
191	395320
192	361169
193	331121
194	306734
195	286734
196	270653
197	257700
198	247347
199	235103
200	221463
201	206378
202	191500
203	175837
204	162309
205	150808
206	140372
207	132075
208	125241
209	118941
210	111690
211	104931
212	97184
213	89412
214	82118
215	75854
216	70081
217	65688
218	61431
219	57751
220	54731
221	51591
222	47581
223	44338
224	40889
225	37299
226	34506
227	32015
228	29947
229	28465
230	26958
231	24956
232	23786
233	21945
234	20526
235	18867
236	17978
237	16483
238	15637
239	15018
240	14688
241	14040
242	13319
243	12648
244	12309
245	11742
246	11082
247	10714
248	10376
249	11021
250	9434
251	7706
252	7678
253	7457
254	7413
255	7252
256	7074
257	7113
258	6572
259	492
260	483
261	501

