## htsjdk.samtools.metrics.StringHeader
# CollectInsertSizeMetrics  --Histogram_FILE pandisease.epifluidlab.cchmc.org/results/20200420-week-17/jhu-cfdna-frag/picard_metrics/EGAR00002027847.hg19.insert_size.pdf --INPUT pandisease.epifluidlab.cchmc.org/results/20200420-week-17/jhu-cfdna-frag/filtered_bam/EGAR00002027847.hg19.filtered.bam --OUTPUT pandisease.epifluidlab.cchmc.org/results/20200420-week-17/jhu-cfdna-frag/picard_metrics/EGAR00002027847.hg19.insert_size.txt  --DEVIATIONS 10.0 --MINIMUM_PCT 0.05 --METRIC_ACCUMULATION_LEVEL ALL_READS --INCLUDE_DUPLICATES false --ASSUME_SORTED true --STOP_AFTER 0 --VERBOSITY INFO --QUIET false --VALIDATION_STRINGENCY STRICT --COMPRESSION_LEVEL 5 --MAX_RECORDS_IN_RAM 500000 --CREATE_INDEX false --CREATE_MD5_FILE false --GA4GH_CLIENT_SECRETS client_secrets.json --help false --version false --showHidden false --USE_JDK_DEFLATER false --USE_JDK_INFLATER false
## htsjdk.samtools.metrics.StringHeader
# Started on: Sun May 03 02:10:08 UTC 2020

## METRICS CLASS	picard.analysis.InsertSizeMetrics
MEDIAN_INSERT_SIZE	MODE_INSERT_SIZE	MEDIAN_ABSOLUTE_DEVIATION	MIN_INSERT_SIZE	MAX_INSERT_SIZE	MEAN_INSERT_SIZE	STANDARD_DEVIATION	READ_PAIRS	PAIR_ORIENTATION	WIDTH_OF_10_PERCENT	WIDTH_OF_20_PERCENT	WIDTH_OF_30_PERCENT	WIDTH_OF_40_PERCENT	WIDTH_OF_50_PERCENT	WIDTH_OF_60_PERCENT	WIDTH_OF_70_PERCENT	WIDTH_OF_80_PERCENT	WIDTH_OF_90_PERCENT	WIDTH_OF_95_PERCENT	WIDTH_OF_99_PERCENT	SAMPLE	LIBRARY	READ_GROUP
167	166	11	80	255	166.470388	20.594555	60612297	FR	5	9	13	17	23	31	39	51	69	89	125			

## HISTOGRAM	java.lang.Integer
insert_size	All_Reads.fr_count
80	2
81	2
83	5
84	3134
85	2839
86	3562
87	3240
88	3737
89	4068
90	3986
91	4055
92	4370
93	4393
94	4835
95	4839
96	5345
97	4513
98	5649
99	27477
100	32120
101	35166
102	36414
103	36607
104	36425
105	36378
106	38588
107	42943
108	46917
109	54280
110	64622
111	72582
112	73730
113	65750
114	60722
115	61672
116	64830
117	71283
118	78740
119	89975
120	110592
121	142040
122	162700
123	155872
124	124535
125	101068
126	96650
127	104002
128	114307
129	129870
130	156847
131	201373
132	263129
133	321314
134	330562
135	291122
136	261629
137	274414
138	323435
139	394178
140	478883
141	544335
142	564946
143	564584
144	569417
145	577807
146	576490
147	582809
148	608062
149	646137
150	691671
151	747810
152	794888
153	795588
154	770940
155	771800
156	815558
157	891829
158	990384
159	1090075
160	1166254
161	1222119
162	1285369
163	1397102
164	1566585
165	1715998
166	1771974
167	1756993
168	1709351
169	1645324
170	1556970
171	1465009
172	1381952
173	1334224
174	1308046
175	1281465
176	1240776
177	1171426
178	1087605
179	998936
180	912974
181	830480
182	758548
183	701967
184	655818
185	620598
186	591960
187	565232
188	536844
189	501258
190	463157
191	423478
192	386412
193	354080
194	326098
195	303799
196	287852
197	272225
198	258552
199	246238
200	232262
201	216251
202	198761
203	182041
204	167558
205	153945
206	144414
207	136170
208	127203
209	120949
210	113546
211	106714
212	98941
213	90204
214	83608
215	76534
216	70578
217	65693
218	61621
219	58352
220	54780
221	51540
222	48002
223	44247
224	40617
225	37035
226	34221
227	32242
228	29930
229	28409
230	26727
231	24877
232	23381
233	21963
234	20354
235	18961
236	17284
237	16538
238	15694
239	15315
240	14536
241	14074
242	13361
243	12755
244	13219
245	11160
246	9291
247	8851
248	8424
249	8072
250	2051
251	2084
252	2082
253	135
254	115
255	130

