## htsjdk.samtools.metrics.StringHeader
# CollectInsertSizeMetrics  --Histogram_FILE pandisease.epifluidlab.cchmc.org/results/20200420-week-17/jhu-cfdna-frag/picard_metrics/EGAR00002027896.hg19.insert_size.pdf --INPUT pandisease.epifluidlab.cchmc.org/results/20200420-week-17/jhu-cfdna-frag/filtered_bam/EGAR00002027896.hg19.filtered.bam --OUTPUT pandisease.epifluidlab.cchmc.org/results/20200420-week-17/jhu-cfdna-frag/picard_metrics/EGAR00002027896.hg19.insert_size.txt  --DEVIATIONS 10.0 --MINIMUM_PCT 0.05 --METRIC_ACCUMULATION_LEVEL ALL_READS --INCLUDE_DUPLICATES false --ASSUME_SORTED true --STOP_AFTER 0 --VERBOSITY INFO --QUIET false --VALIDATION_STRINGENCY STRICT --COMPRESSION_LEVEL 5 --MAX_RECORDS_IN_RAM 500000 --CREATE_INDEX false --CREATE_MD5_FILE false --GA4GH_CLIENT_SECRETS client_secrets.json --help false --version false --showHidden false --USE_JDK_DEFLATER false --USE_JDK_INFLATER false
## htsjdk.samtools.metrics.StringHeader
# Started on: Sun May 03 14:47:43 UTC 2020

## METRICS CLASS	picard.analysis.InsertSizeMetrics
MEDIAN_INSERT_SIZE	MODE_INSERT_SIZE	MEDIAN_ABSOLUTE_DEVIATION	MIN_INSERT_SIZE	MAX_INSERT_SIZE	MEAN_INSERT_SIZE	STANDARD_DEVIATION	READ_PAIRS	PAIR_ORIENTATION	WIDTH_OF_10_PERCENT	WIDTH_OF_20_PERCENT	WIDTH_OF_30_PERCENT	WIDTH_OF_40_PERCENT	WIDTH_OF_50_PERCENT	WIDTH_OF_60_PERCENT	WIDTH_OF_70_PERCENT	WIDTH_OF_80_PERCENT	WIDTH_OF_90_PERCENT	WIDTH_OF_95_PERCENT	WIDTH_OF_99_PERCENT	SAMPLE	LIBRARY	READ_GROUP
167	166	11	82	251	166.055205	19.797726	38009286	FR	5	9	13	17	23	29	39	49	67	85	121			

## HISTOGRAM	java.lang.Integer
insert_size	All_Reads.fr_count
82	1
83	8
84	2494
85	2337
86	2304
87	2124
88	2543
89	3064
90	3129
91	3049
92	2667
93	2861
94	3807
95	3822
96	3966
97	3408
98	3586
99	10706
100	12807
101	13688
102	14225
103	14672
104	14606
105	14684
106	16006
107	18275
108	20466
109	23802
110	28924
111	32000
112	33671
113	31185
114	29753
115	30219
116	32778
117	36248
118	41620
119	48122
120	60810
121	78108
122	93426
123	90883
124	74515
125	61614
126	59106
127	64454
128	71669
129	82415
130	100092
131	128889
132	170963
133	208925
134	214519
135	190516
136	171206
137	179968
138	213545
139	263197
140	320884
141	365837
142	374811
143	367887
144	366204
145	366387
146	365474
147	374746
148	398060
149	427779
150	459643
151	498401
152	529944
153	528055
154	505362
155	501935
156	530375
157	581702
158	651168
159	720931
160	772402
161	802639
162	831675
163	902221
164	1018752
165	1126928
166	1161366
167	1146219
168	1103425
169	1046590
170	975185
171	905185
172	851938
173	821901
174	810109
175	797292
176	772192
177	729415
178	676791
179	618776
180	561928
181	507236
182	460019
183	424172
184	392308
185	372688
186	355286
187	337067
188	318861
189	297983
190	274213
191	249496
192	227258
193	205407
194	189760
195	175897
196	164877
197	155716
198	148980
199	140681
200	133029
201	123519
202	113368
203	103332
204	95372
205	87463
206	80841
207	76371
208	71568
209	68031
210	63831
211	59199
212	55148
213	50513
214	46012
215	42235
216	38951
217	36246
218	34138
219	32153
220	30276
221	28238
222	25912
223	23781
224	22213
225	20443
226	18611
227	17284
228	16240
229	15266
230	14579
231	13699
232	12881
233	11738
234	10937
235	10160
236	9610
237	8971
238	8611
239	8475
240	8154
241	8028
242	7584
243	7293
244	7818
245	6623
246	5276
247	5241
248	4756
249	132
250	136
251	134

