## htsjdk.samtools.metrics.StringHeader
# CollectInsertSizeMetrics  --Histogram_FILE pandisease.epifluidlab.cchmc.org/results/20200420-week-17/jhu-cfdna-frag/picard_metrics/EGAR00002027796.hg19.insert_size.pdf --INPUT pandisease.epifluidlab.cchmc.org/results/20200420-week-17/jhu-cfdna-frag/filtered_bam/EGAR00002027796.hg19.filtered.bam --OUTPUT pandisease.epifluidlab.cchmc.org/results/20200420-week-17/jhu-cfdna-frag/picard_metrics/EGAR00002027796.hg19.insert_size.txt  --DEVIATIONS 10.0 --MINIMUM_PCT 0.05 --METRIC_ACCUMULATION_LEVEL ALL_READS --INCLUDE_DUPLICATES false --ASSUME_SORTED true --STOP_AFTER 0 --VERBOSITY INFO --QUIET false --VALIDATION_STRINGENCY STRICT --COMPRESSION_LEVEL 5 --MAX_RECORDS_IN_RAM 500000 --CREATE_INDEX false --CREATE_MD5_FILE false --GA4GH_CLIENT_SECRETS client_secrets.json --help false --version false --showHidden false --USE_JDK_DEFLATER false --USE_JDK_INFLATER false
## htsjdk.samtools.metrics.StringHeader
# Started on: Sun May 03 15:25:52 UTC 2020

## METRICS CLASS	picard.analysis.InsertSizeMetrics
MEDIAN_INSERT_SIZE	MODE_INSERT_SIZE	MEDIAN_ABSOLUTE_DEVIATION	MIN_INSERT_SIZE	MAX_INSERT_SIZE	MEAN_INSERT_SIZE	STANDARD_DEVIATION	READ_PAIRS	PAIR_ORIENTATION	WIDTH_OF_10_PERCENT	WIDTH_OF_20_PERCENT	WIDTH_OF_30_PERCENT	WIDTH_OF_40_PERCENT	WIDTH_OF_50_PERCENT	WIDTH_OF_60_PERCENT	WIDTH_OF_70_PERCENT	WIDTH_OF_80_PERCENT	WIDTH_OF_90_PERCENT	WIDTH_OF_95_PERCENT	WIDTH_OF_99_PERCENT	SAMPLE	LIBRARY	READ_GROUP
166	166	11	85	247	165.446357	19.400105	29002835	FR	5	9	13	17	23	29	37	47	65	83	119			

## HISTOGRAM	java.lang.Integer
insert_size	All_Reads.fr_count
85	1
86	31
87	1557
88	2040
89	2163
90	2609
91	2632
92	2485
93	2580
94	2855
95	3004
96	3493
97	3037
98	3318
99	9281
100	10490
101	11463
102	11919
103	12350
104	12385
105	12251
106	12947
107	14199
108	16047
109	18389
110	21027
111	23186
112	23930
113	22332
114	21735
115	22720
116	24156
117	26248
118	29533
119	34089
120	41376
121	52746
122	62265
123	61878
124	51614
125	43945
126	43680
127	47765
128	53179
129	61858
130	75626
131	96038
132	127856
133	157252
134	164541
135	147233
136	136139
137	143095
138	167819
139	204807
140	249076
141	284205
142	296612
143	298205
144	301224
145	306699
146	305748
147	309184
148	322998
149	342076
150	368076
151	397524
152	421116
153	423442
154	410420
155	409922
156	430806
157	468698
158	518755
159	568761
160	607067
161	633835
162	662878
163	713021
164	791408
165	857119
166	882186
167	871075
168	844615
169	805796
170	758748
171	707979
172	664484
173	638298
174	617805
175	601994
176	575839
177	538575
178	497248
179	451029
180	407627
181	366744
182	334588
183	305531
184	282320
185	266106
186	250476
187	235935
188	223048
189	206796
190	190332
191	172734
192	157264
193	142787
194	131481
195	122348
196	113815
197	107519
198	103020
199	97332
200	91821
201	84991
202	78671
203	72623
204	66169
205	61161
206	57507
207	53971
208	51004
209	48287
210	45265
211	42586
212	39351
213	36002
214	33282
215	30270
216	28261
217	26431
218	24517
219	23645
220	21862
221	20414
222	19121
223	17432
224	16504
225	15020
226	13698
227	12922
228	12189
229	11485
230	10758
231	10206
232	9483
233	8935
234	8272
235	7871
236	7334
237	6808
238	6490
239	6333
240	6746
241	5747
242	4762
243	4648
244	4188
245	746
246	770
247	733

