## htsjdk.samtools.metrics.StringHeader
# CollectInsertSizeMetrics  --Histogram_FILE pandisease.epifluidlab.cchmc.org/results/20200420-week-17/jhu-cfdna-frag/picard_metrics/EGAR00002027848.hg19.insert_size.pdf --INPUT pandisease.epifluidlab.cchmc.org/results/20200420-week-17/jhu-cfdna-frag/filtered_bam/EGAR00002027848.hg19.filtered.bam --OUTPUT pandisease.epifluidlab.cchmc.org/results/20200420-week-17/jhu-cfdna-frag/picard_metrics/EGAR00002027848.hg19.insert_size.txt  --DEVIATIONS 10.0 --MINIMUM_PCT 0.05 --METRIC_ACCUMULATION_LEVEL ALL_READS --INCLUDE_DUPLICATES false --ASSUME_SORTED true --STOP_AFTER 0 --VERBOSITY INFO --QUIET false --VALIDATION_STRINGENCY STRICT --COMPRESSION_LEVEL 5 --MAX_RECORDS_IN_RAM 500000 --CREATE_INDEX false --CREATE_MD5_FILE false --GA4GH_CLIENT_SECRETS client_secrets.json --help false --version false --showHidden false --USE_JDK_DEFLATER false --USE_JDK_INFLATER false
## htsjdk.samtools.metrics.StringHeader
# Started on: Sun May 03 14:45:17 UTC 2020

## METRICS CLASS	picard.analysis.InsertSizeMetrics
MEDIAN_INSERT_SIZE	MODE_INSERT_SIZE	MEDIAN_ABSOLUTE_DEVIATION	MIN_INSERT_SIZE	MAX_INSERT_SIZE	MEAN_INSERT_SIZE	STANDARD_DEVIATION	READ_PAIRS	PAIR_ORIENTATION	WIDTH_OF_10_PERCENT	WIDTH_OF_20_PERCENT	WIDTH_OF_30_PERCENT	WIDTH_OF_40_PERCENT	WIDTH_OF_50_PERCENT	WIDTH_OF_60_PERCENT	WIDTH_OF_70_PERCENT	WIDTH_OF_80_PERCENT	WIDTH_OF_90_PERCENT	WIDTH_OF_95_PERCENT	WIDTH_OF_99_PERCENT	SAMPLE	LIBRARY	READ_GROUP
168	167	12	72	268	167.442086	21.918079	45690000	FR	5	9	13	19	25	33	41	53	73	95	133			

## HISTOGRAM	java.lang.Integer
insert_size	All_Reads.fr_count
72	5
73	2
74	4
75	1
76	19
77	25
78	2612
79	2487
80	2303
81	2251
82	2720
83	3222
84	3562
85	3090
86	3230
87	2685
88	3813
89	4099
90	4216
91	4078
92	3603
93	3889
94	4694
95	5029
96	5297
97	4237
98	4605
99	22605
100	26661
101	29919
102	31314
103	31615
104	31342
105	30316
106	31918
107	35106
108	38949
109	46298
110	56275
111	62535
112	63761
113	57615
114	52567
115	52326
116	55238
117	60308
118	66983
119	77003
120	92829
121	115468
122	131618
123	126166
124	103061
125	85831
126	83306
127	88967
128	96564
129	110598
130	129863
131	159693
132	201939
133	240647
134	246666
135	219554
136	197489
137	202389
138	232067
139	279343
140	337607
141	384414
142	401960
143	406185
144	411983
145	420680
146	420916
147	425686
148	442826
149	466858
150	497115
151	533178
152	567638
153	566786
154	547660
155	545699
156	570775
157	618566
158	680564
159	751134
160	806701
161	847204
162	885289
163	947556
164	1045427
165	1142814
166	1192532
167	1203915
168	1195036
169	1170653
170	1125906
171	1077092
172	1033069
173	1014060
174	1004158
175	998736
176	975299
177	930352
178	869475
179	800324
180	736170
181	677243
182	624902
183	581134
184	546437
185	520827
186	497132
187	473107
188	446670
189	419010
190	386192
191	355117
192	324297
193	299232
194	277788
195	259088
196	243537
197	232677
198	222003
199	210103
200	197516
201	183524
202	169224
203	155816
204	143937
205	133245
206	124231
207	117223
208	111638
209	105056
210	98759
211	92437
212	85911
213	79177
214	72590
215	67522
216	62879
217	58266
218	54753
219	51879
220	48767
221	45596
222	42327
223	39748
224	37020
225	33834
226	31054
227	29538
228	26984
229	25852
230	24646
231	22961
232	21501
233	20079
234	19154
235	17631
236	16586
237	15294
238	14742
239	14110
240	13713
241	13135
242	12569
243	12050
244	11339
245	11007
246	10566
247	9892
248	9610
249	9329
250	9223
251	9319
252	10054
253	8570
254	7181
255	7010
256	6831
257	6739
258	6305
259	3807
260	3870
261	3581
262	1293
263	830
264	939
265	854
266	122
267	159
268	112

