## htsjdk.samtools.metrics.StringHeader
# CollectInsertSizeMetrics  --Histogram_FILE pandisease.epifluidlab.cchmc.org/results/20200420-week-17/jhu-cfdna-frag/picard_metrics/EGAR00002027889.hg19.insert_size.pdf --INPUT pandisease.epifluidlab.cchmc.org/results/20200420-week-17/jhu-cfdna-frag/filtered_bam/EGAR00002027889.hg19.filtered.bam --OUTPUT pandisease.epifluidlab.cchmc.org/results/20200420-week-17/jhu-cfdna-frag/picard_metrics/EGAR00002027889.hg19.insert_size.txt  --DEVIATIONS 10.0 --MINIMUM_PCT 0.05 --METRIC_ACCUMULATION_LEVEL ALL_READS --INCLUDE_DUPLICATES false --ASSUME_SORTED true --STOP_AFTER 0 --VERBOSITY INFO --QUIET false --VALIDATION_STRINGENCY STRICT --COMPRESSION_LEVEL 5 --MAX_RECORDS_IN_RAM 500000 --CREATE_INDEX false --CREATE_MD5_FILE false --GA4GH_CLIENT_SECRETS client_secrets.json --help false --version false --showHidden false --USE_JDK_DEFLATER false --USE_JDK_INFLATER false
## htsjdk.samtools.metrics.StringHeader
# Started on: Sun May 03 15:23:17 UTC 2020

## METRICS CLASS	picard.analysis.InsertSizeMetrics
MEDIAN_INSERT_SIZE	MODE_INSERT_SIZE	MEDIAN_ABSOLUTE_DEVIATION	MIN_INSERT_SIZE	MAX_INSERT_SIZE	MEAN_INSERT_SIZE	STANDARD_DEVIATION	READ_PAIRS	PAIR_ORIENTATION	WIDTH_OF_10_PERCENT	WIDTH_OF_20_PERCENT	WIDTH_OF_30_PERCENT	WIDTH_OF_40_PERCENT	WIDTH_OF_50_PERCENT	WIDTH_OF_60_PERCENT	WIDTH_OF_70_PERCENT	WIDTH_OF_80_PERCENT	WIDTH_OF_90_PERCENT	WIDTH_OF_95_PERCENT	WIDTH_OF_99_PERCENT	SAMPLE	LIBRARY	READ_GROUP
169	167	11	83	258	168.566691	20.874955	33336574	FR	5	9	13	19	23	31	41	51	71	89	127			

## HISTOGRAM	java.lang.Integer
insert_size	All_Reads.fr_count
83	25
84	22
85	42
86	1986
87	1687
88	2274
89	2869
90	2925
91	2673
92	2506
93	2609
94	3236
95	3670
96	3524
97	3023
98	3346
99	10174
100	11513
101	13482
102	13753
103	14271
104	14472
105	14025
106	14961
107	17448
108	19167
109	22376
110	27235
111	30470
112	31718
113	29405
114	27538
115	28584
116	29888
117	32781
118	36785
119	42399
120	51348
121	64288
122	75208
123	75042
124	62950
125	52869
126	51070
127	54108
128	59731
129	67438
130	79686
131	98407
132	127453
133	157044
134	163153
135	144337
136	129130
137	132457
138	152390
139	187153
140	230543
141	264148
142	275727
143	276976
144	280601
145	285935
146	289506
147	294115
148	309911
149	331626
150	355242
151	385486
152	412095
153	413076
154	397947
155	390040
156	406574
157	441969
158	494013
159	554218
160	600830
161	632225
162	659011
163	701874
164	777100
165	851073
166	888747
167	904758
168	900669
169	881927
170	849864
171	807858
172	774589
173	756890
174	752554
175	747617
176	735554
177	702732
178	660202
179	610965
180	560571
181	515433
182	475382
183	440583
184	413768
185	393678
186	376061
187	360743
188	341519
189	323301
190	298045
191	274417
192	250697
193	230741
194	212837
195	198213
196	187213
197	178305
198	171036
199	161261
200	153383
201	142278
202	131200
203	121216
204	111212
205	102628
206	95544
207	89911
208	85094
209	81119
210	76166
211	71904
212	66527
213	61418
214	56214
215	52209
216	47755
217	44472
218	41753
219	39798
220	36995
221	34741
222	32495
223	30088
224	28089
225	25422
226	23560
227	21964
228	20456
229	19387
230	18687
231	17235
232	15892
233	14924
234	13891
235	12875
236	11659
237	11259
238	10461
239	9966
240	9666
241	9292
242	8832
243	8424
244	8085
245	7667
246	7926
247	6524
248	5559
249	5363
250	5074
251	4881
252	3271
253	3392
254	3126
255	1167
256	586
257	639
258	538

