## htsjdk.samtools.metrics.StringHeader
# CollectInsertSizeMetrics  --Histogram_FILE pandisease.epifluidlab.cchmc.org/results/20200420-week-17/jhu-cfdna-frag/picard_metrics/EGAR00002027780.hg19.insert_size.pdf --INPUT pandisease.epifluidlab.cchmc.org/results/20200420-week-17/jhu-cfdna-frag/filtered_bam/EGAR00002027780.hg19.filtered.bam --OUTPUT pandisease.epifluidlab.cchmc.org/results/20200420-week-17/jhu-cfdna-frag/picard_metrics/EGAR00002027780.hg19.insert_size.txt  --DEVIATIONS 10.0 --MINIMUM_PCT 0.05 --METRIC_ACCUMULATION_LEVEL ALL_READS --INCLUDE_DUPLICATES false --ASSUME_SORTED true --STOP_AFTER 0 --VERBOSITY INFO --QUIET false --VALIDATION_STRINGENCY STRICT --COMPRESSION_LEVEL 5 --MAX_RECORDS_IN_RAM 500000 --CREATE_INDEX false --CREATE_MD5_FILE false --GA4GH_CLIENT_SECRETS client_secrets.json --help false --version false --showHidden false --USE_JDK_DEFLATER false --USE_JDK_INFLATER false
## htsjdk.samtools.metrics.StringHeader
# Started on: Sun May 03 15:02:39 UTC 2020

## METRICS CLASS	picard.analysis.InsertSizeMetrics
MEDIAN_INSERT_SIZE	MODE_INSERT_SIZE	MEDIAN_ABSOLUTE_DEVIATION	MIN_INSERT_SIZE	MAX_INSERT_SIZE	MEAN_INSERT_SIZE	STANDARD_DEVIATION	READ_PAIRS	PAIR_ORIENTATION	WIDTH_OF_10_PERCENT	WIDTH_OF_20_PERCENT	WIDTH_OF_30_PERCENT	WIDTH_OF_40_PERCENT	WIDTH_OF_50_PERCENT	WIDTH_OF_60_PERCENT	WIDTH_OF_70_PERCENT	WIDTH_OF_80_PERCENT	WIDTH_OF_90_PERCENT	WIDTH_OF_95_PERCENT	WIDTH_OF_99_PERCENT	SAMPLE	LIBRARY	READ_GROUP
166	166	11	81	249	164.30418	20.583286	37918479	FR	5	9	13	19	23	31	39	51	69	89	123			

## HISTOGRAM	java.lang.Integer
insert_size	All_Reads.fr_count
81	1410
82	1779
83	2027
84	2062
85	3041
86	3083
87	2625
88	3452
89	3771
90	3987
91	4006
92	3535
93	3804
94	4274
95	4736
96	5239
97	4368
98	4738
99	18902
100	22185
101	25100
102	25631
103	26704
104	26207
105	25414
106	26861
107	30079
108	33783
109	39948
110	50091
111	57523
112	58643
113	52470
114	47925
115	47761
116	50887
117	55370
118	62836
119	73466
120	91020
121	116032
122	134101
123	129721
124	103245
125	82566
126	77457
127	83351
128	90250
129	103893
130	124080
131	155668
132	201651
133	244475
134	250964
135	219854
136	193876
137	198610
138	231042
139	280976
140	340692
141	389940
142	402481
143	398941
144	399843
145	403806
146	398853
147	399268
148	414195
149	437418
150	466413
151	502462
152	530756
153	529891
154	509275
155	506501
156	531900
157	578817
158	637694
159	697912
160	742288
161	774045
162	807663
163	873284
164	974909
165	1069692
166	1100872
167	1092425
168	1060618
169	1011287
170	951797
171	891872
172	842288
173	813123
174	797193
175	778968
176	751974
177	705184
178	649065
179	588932
180	532917
181	480958
182	437565
183	401604
184	372667
185	352092
186	334529
187	313831
188	294650
189	272207
190	249997
191	226474
192	205158
193	187381
194	171489
195	159765
196	149939
197	141953
198	134230
199	126399
200	118551
201	109717
202	100633
203	91562
204	84779
205	77557
206	72785
207	68479
208	64238
209	60216
210	56760
211	52646
212	48589
213	44160
214	40610
215	37235
216	34344
217	31609
218	30111
219	28422
220	26026
221	24628
222	22611
223	20756
224	19061
225	17396
226	16447
227	14868
228	14028
229	13218
230	12482
231	11646
232	10823
233	10149
234	9438
235	8636
236	8020
237	7373
238	7176
239	7000
240	6624
241	6502
242	6129
243	5826
244	5475
245	5746
246	4972
247	3181
248	3642
249	2700

