## htsjdk.samtools.metrics.StringHeader
# CollectInsertSizeMetrics  --Histogram_FILE pandisease.epifluidlab.cchmc.org/results/20200420-week-17/jhu-cfdna-frag/picard_metrics/EGAR00002027892.hg19.insert_size.pdf --INPUT pandisease.epifluidlab.cchmc.org/results/20200420-week-17/jhu-cfdna-frag/filtered_bam/EGAR00002027892.hg19.filtered.bam --OUTPUT pandisease.epifluidlab.cchmc.org/results/20200420-week-17/jhu-cfdna-frag/picard_metrics/EGAR00002027892.hg19.insert_size.txt  --DEVIATIONS 10.0 --MINIMUM_PCT 0.05 --METRIC_ACCUMULATION_LEVEL ALL_READS --INCLUDE_DUPLICATES false --ASSUME_SORTED true --STOP_AFTER 0 --VERBOSITY INFO --QUIET false --VALIDATION_STRINGENCY STRICT --COMPRESSION_LEVEL 5 --MAX_RECORDS_IN_RAM 500000 --CREATE_INDEX false --CREATE_MD5_FILE false --GA4GH_CLIENT_SECRETS client_secrets.json --help false --version false --showHidden false --USE_JDK_DEFLATER false --USE_JDK_INFLATER false
## htsjdk.samtools.metrics.StringHeader
# Started on: Sun May 03 01:14:42 UTC 2020

## METRICS CLASS	picard.analysis.InsertSizeMetrics
MEDIAN_INSERT_SIZE	MODE_INSERT_SIZE	MEDIAN_ABSOLUTE_DEVIATION	MIN_INSERT_SIZE	MAX_INSERT_SIZE	MEAN_INSERT_SIZE	STANDARD_DEVIATION	READ_PAIRS	PAIR_ORIENTATION	WIDTH_OF_10_PERCENT	WIDTH_OF_20_PERCENT	WIDTH_OF_30_PERCENT	WIDTH_OF_40_PERCENT	WIDTH_OF_50_PERCENT	WIDTH_OF_60_PERCENT	WIDTH_OF_70_PERCENT	WIDTH_OF_80_PERCENT	WIDTH_OF_90_PERCENT	WIDTH_OF_95_PERCENT	WIDTH_OF_99_PERCENT	SAMPLE	LIBRARY	READ_GROUP
168	167	11	87	255	168.867849	19.877662	58745795	FR	5	9	13	17	23	31	39	49	67	85	121			

## HISTOGRAM	java.lang.Integer
insert_size	All_Reads.fr_count
87	35
88	64
89	47
90	3894
91	3907
92	3367
93	3468
94	4360
95	4574
96	5039
97	4020
98	4145
99	11561
100	13376
101	14334
102	14406
103	14740
104	15070
105	15935
106	17064
107	19129
108	20329
109	23624
110	28002
111	31854
112	33629
113	31465
114	29913
115	30614
116	32839
117	35625
118	41848
119	49226
120	62134
121	82645
122	99383
123	99428
124	81336
125	66931
126	64522
127	69748
128	77538
129	90683
130	111425
131	145336
132	198683
133	253158
134	264363
135	233295
136	202678
137	210152
138	249667
139	319338
140	404989
141	474721
142	500671
143	499876
144	507409
145	515440
146	509346
147	511202
148	537154
149	583256
150	642379
151	715132
152	780254
153	785000
154	746908
155	733180
156	764877
157	841392
158	944451
159	1054433
160	1145155
161	1200055
162	1246592
163	1336680
164	1474510
165	1608300
166	1669870
167	1682299
168	1658886
169	1606762
170	1532515
171	1439961
172	1364239
173	1323038
174	1293981
175	1271481
176	1240352
177	1187218
178	1120957
179	1046337
180	967620
181	889028
182	818390
183	756864
184	707026
185	668726
186	635444
187	610341
188	585408
189	552277
190	516098
191	477585
192	437106
193	400190
194	367829
195	341761
196	322853
197	306332
198	292096
199	278971
200	265277
201	249256
202	231555
203	212881
204	195804
205	180370
206	167429
207	155974
208	148471
209	140027
210	132984
211	125314
212	116261
213	107375
214	98535
215	90327
216	83165
217	77699
218	72380
219	69183
220	64765
221	61234
222	56029
223	51656
224	48046
225	44227
226	40847
227	37792
228	34984
229	32794
230	31352
231	29392
232	27155
233	25358
234	23207
235	21360
236	19976
237	18451
238	17672
239	16863
240	16189
241	15457
242	14846
243	15541
244	12688
245	10561
246	9995
247	9445
248	9237
249	8785
250	8860
251	8076
252	1403
253	1385
254	1500
255	1251

