## htsjdk.samtools.metrics.StringHeader
# CollectInsertSizeMetrics  --Histogram_FILE pandisease.epifluidlab.cchmc.org/results/20200420-week-17/jhu-cfdna-frag/picard_metrics/EGAR00002027841.hg19.insert_size.pdf --INPUT pandisease.epifluidlab.cchmc.org/results/20200420-week-17/jhu-cfdna-frag/filtered_bam/EGAR00002027841.hg19.filtered.bam --OUTPUT pandisease.epifluidlab.cchmc.org/results/20200420-week-17/jhu-cfdna-frag/picard_metrics/EGAR00002027841.hg19.insert_size.txt  --DEVIATIONS 10.0 --MINIMUM_PCT 0.05 --METRIC_ACCUMULATION_LEVEL ALL_READS --INCLUDE_DUPLICATES false --ASSUME_SORTED true --STOP_AFTER 0 --VERBOSITY INFO --QUIET false --VALIDATION_STRINGENCY STRICT --COMPRESSION_LEVEL 5 --MAX_RECORDS_IN_RAM 500000 --CREATE_INDEX false --CREATE_MD5_FILE false --GA4GH_CLIENT_SECRETS client_secrets.json --help false --version false --showHidden false --USE_JDK_DEFLATER false --USE_JDK_INFLATER false
## htsjdk.samtools.metrics.StringHeader
# Started on: Sun May 03 04:33:55 UTC 2020

## METRICS CLASS	picard.analysis.InsertSizeMetrics
MEDIAN_INSERT_SIZE	MODE_INSERT_SIZE	MEDIAN_ABSOLUTE_DEVIATION	MIN_INSERT_SIZE	MAX_INSERT_SIZE	MEAN_INSERT_SIZE	STANDARD_DEVIATION	READ_PAIRS	PAIR_ORIENTATION	WIDTH_OF_10_PERCENT	WIDTH_OF_20_PERCENT	WIDTH_OF_30_PERCENT	WIDTH_OF_40_PERCENT	WIDTH_OF_50_PERCENT	WIDTH_OF_60_PERCENT	WIDTH_OF_70_PERCENT	WIDTH_OF_80_PERCENT	WIDTH_OF_90_PERCENT	WIDTH_OF_95_PERCENT	WIDTH_OF_99_PERCENT	SAMPLE	LIBRARY	READ_GROUP
166	166	12	76	253	164.334091	21.219473	53540766	FR	5	9	13	19	25	31	41	53	71	91	127			

## HISTOGRAM	java.lang.Integer
insert_size	All_Reads.fr_count
76	128
77	169
78	245
79	3005
80	2794
81	3164
82	3139
83	3682
84	4037
85	3615
86	3688
87	3959
88	4462
89	4817
90	4915
91	4975
92	4303
93	4725
94	5551
95	6038
96	6353
97	5273
98	5709
99	34962
100	40740
101	45967
102	48113
103	48812
104	47994
105	47549
106	50168
107	55484
108	60847
109	68489
110	79040
111	87121
112	87643
113	79431
114	73309
115	73610
116	77859
117	85735
118	92216
119	103717
120	122421
121	152283
122	174887
123	170473
124	141930
125	120413
126	117816
127	126909
128	140002
129	155942
130	181349
131	223044
132	283804
133	341504
134	352069
135	318188
136	289257
137	299408
138	341639
139	405025
140	476427
141	529950
142	545372
143	540749
144	546794
145	553719
146	555611
147	567575
148	596843
149	632835
150	670869
151	712019
152	745200
153	741074
154	714294
155	712920
156	750464
157	817545
158	899413
159	984552
160	1048213
161	1087710
162	1136613
163	1234907
164	1389506
165	1523591
166	1563619
167	1533403
168	1469007
169	1391253
170	1300143
171	1208590
172	1137466
173	1098395
174	1077771
175	1055958
176	1019791
177	960512
178	886366
179	808143
180	734782
181	665798
182	608307
183	560075
184	521193
185	493887
186	470525
187	447840
188	424292
189	395385
190	364353
191	333316
192	302774
193	275072
194	253410
195	235735
196	221699
197	210630
198	200014
199	188891
200	178104
201	165964
202	152687
203	139998
204	128289
205	117817
206	109851
207	103279
208	97029
209	91108
210	86134
211	80784
212	74556
213	68398
214	62562
215	57523
216	53400
217	48715
218	45991
219	43074
220	40975
221	38385
222	35678
223	33063
224	29762
225	27435
226	25384
227	24039
228	22467
229	21407
230	20328
231	18853
232	17796
233	16606
234	15275
235	14436
236	13540
237	12950
238	12118
239	11954
240	11412
241	11042
242	10811
243	10328
244	9762
245	9504
246	10306
247	8571
248	7399
249	7111
250	6901
251	3795
252	3716
253	3319

