## htsjdk.samtools.metrics.StringHeader
# CollectInsertSizeMetrics  --Histogram_FILE pandisease.epifluidlab.cchmc.org/results/20200420-week-17/jhu-cfdna-frag/picard_metrics/EGAR00002027782.hg19.insert_size.pdf --INPUT pandisease.epifluidlab.cchmc.org/results/20200420-week-17/jhu-cfdna-frag/filtered_bam/EGAR00002027782.hg19.filtered.bam --OUTPUT pandisease.epifluidlab.cchmc.org/results/20200420-week-17/jhu-cfdna-frag/picard_metrics/EGAR00002027782.hg19.insert_size.txt  --DEVIATIONS 10.0 --MINIMUM_PCT 0.05 --METRIC_ACCUMULATION_LEVEL ALL_READS --INCLUDE_DUPLICATES false --ASSUME_SORTED true --STOP_AFTER 0 --VERBOSITY INFO --QUIET false --VALIDATION_STRINGENCY STRICT --COMPRESSION_LEVEL 5 --MAX_RECORDS_IN_RAM 500000 --CREATE_INDEX false --CREATE_MD5_FILE false --GA4GH_CLIENT_SECRETS client_secrets.json --help false --version false --showHidden false --USE_JDK_DEFLATER false --USE_JDK_INFLATER false
## htsjdk.samtools.metrics.StringHeader
# Started on: Sun May 03 15:19:42 UTC 2020

## METRICS CLASS	picard.analysis.InsertSizeMetrics
MEDIAN_INSERT_SIZE	MODE_INSERT_SIZE	MEDIAN_ABSOLUTE_DEVIATION	MIN_INSERT_SIZE	MAX_INSERT_SIZE	MEAN_INSERT_SIZE	STANDARD_DEVIATION	READ_PAIRS	PAIR_ORIENTATION	WIDTH_OF_10_PERCENT	WIDTH_OF_20_PERCENT	WIDTH_OF_30_PERCENT	WIDTH_OF_40_PERCENT	WIDTH_OF_50_PERCENT	WIDTH_OF_60_PERCENT	WIDTH_OF_70_PERCENT	WIDTH_OF_80_PERCENT	WIDTH_OF_90_PERCENT	WIDTH_OF_95_PERCENT	WIDTH_OF_99_PERCENT	SAMPLE	LIBRARY	READ_GROUP
165	166	11	85	246	164.579704	18.937182	45850552	FR	5	7	13	17	23	29	37	47	63	81	117			

## HISTOGRAM	java.lang.Integer
insert_size	All_Reads.fr_count
85	20
86	19
87	27
88	241
89	535
90	3722
91	3530
92	3637
93	4064
94	4347
95	4618
96	4584
97	4136
98	5017
99	13035
100	13989
101	14990
102	15498
103	16696
104	17480
105	17561
106	18460
107	20469
108	22486
109	26053
110	30029
111	32788
112	33931
113	33056
114	32712
115	34320
116	38683
117	43082
118	48555
119	55699
120	66802
121	84231
122	99369
123	100830
124	88601
125	77475
126	78410
127	86508
128	96693
129	109371
130	131814
131	165631
132	212973
133	262399
134	278200
135	258084
136	240584
137	254349
138	296374
139	354404
140	417715
141	467084
142	486835
143	487265
144	493742
145	502722
146	501663
147	512935
148	540882
149	574645
150	608022
151	644028
152	674693
153	674573
154	657994
155	665080
156	699675
157	756099
158	830679
159	905791
160	962291
161	1006577
162	1059840
163	1162978
164	1314218
165	1442810
166	1473189
167	1432013
168	1365459
169	1287102
170	1199280
171	1112765
172	1045034
173	1003145
174	979764
175	949420
176	906723
177	842773
178	762257
179	683915
180	611584
181	549033
182	495275
183	452803
184	418053
185	391436
186	368316
187	345915
188	322125
189	296697
190	269917
191	243269
192	219004
193	198281
194	180885
195	167303
196	156956
197	147719
198	139839
199	133025
200	123028
201	113561
202	104367
203	94965
204	87100
205	80203
206	74833
207	69146
208	66452
209	62222
210	58595
211	54244
212	50151
213	45759
214	42409
215	39348
216	36348
217	34377
218	31919
219	29941
220	28378
221	26985
222	25434
223	23486
224	21839
225	20038
226	18809
227	18032
228	17407
229	16550
230	16082
231	15370
232	14800
233	14282
234	13812
235	12635
236	13134
237	11141
238	9738
239	9718
240	9577
241	9789
242	9833
243	8698
244	1286
245	1274
246	1176

