## htsjdk.samtools.metrics.StringHeader
# CollectInsertSizeMetrics  --Histogram_FILE pandisease.epifluidlab.cchmc.org/results/20200420-week-17/jhu-cfdna-frag/picard_metrics/EGAR00002027884.hg19.insert_size.pdf --INPUT pandisease.epifluidlab.cchmc.org/results/20200420-week-17/jhu-cfdna-frag/filtered_bam/EGAR00002027884.hg19.filtered.bam --OUTPUT pandisease.epifluidlab.cchmc.org/results/20200420-week-17/jhu-cfdna-frag/picard_metrics/EGAR00002027884.hg19.insert_size.txt  --DEVIATIONS 10.0 --MINIMUM_PCT 0.05 --METRIC_ACCUMULATION_LEVEL ALL_READS --INCLUDE_DUPLICATES false --ASSUME_SORTED true --STOP_AFTER 0 --VERBOSITY INFO --QUIET false --VALIDATION_STRINGENCY STRICT --COMPRESSION_LEVEL 5 --MAX_RECORDS_IN_RAM 500000 --CREATE_INDEX false --CREATE_MD5_FILE false --GA4GH_CLIENT_SECRETS client_secrets.json --help false --version false --showHidden false --USE_JDK_DEFLATER false --USE_JDK_INFLATER false
## htsjdk.samtools.metrics.StringHeader
# Started on: Sun May 03 15:14:41 UTC 2020

## METRICS CLASS	picard.analysis.InsertSizeMetrics
MEDIAN_INSERT_SIZE	MODE_INSERT_SIZE	MEDIAN_ABSOLUTE_DEVIATION	MIN_INSERT_SIZE	MAX_INSERT_SIZE	MEAN_INSERT_SIZE	STANDARD_DEVIATION	READ_PAIRS	PAIR_ORIENTATION	WIDTH_OF_10_PERCENT	WIDTH_OF_20_PERCENT	WIDTH_OF_30_PERCENT	WIDTH_OF_40_PERCENT	WIDTH_OF_50_PERCENT	WIDTH_OF_60_PERCENT	WIDTH_OF_70_PERCENT	WIDTH_OF_80_PERCENT	WIDTH_OF_90_PERCENT	WIDTH_OF_95_PERCENT	WIDTH_OF_99_PERCENT	SAMPLE	LIBRARY	READ_GROUP
166	166	11	83	246	165.030559	19.527015	35419462	FR	5	7	13	17	23	29	37	49	65	85	119			

## HISTOGRAM	java.lang.Integer
insert_size	All_Reads.fr_count
83	2181
84	2265
85	2050
86	2148
87	1873
88	2573
89	2894
90	2999
91	3047
92	2574
93	3374
94	3530
95	3717
96	3928
97	3208
98	3420
99	12421
100	13820
101	15054
102	15990
103	16310
104	16852
105	16567
106	18279
107	21010
108	22887
109	26445
110	31878
111	35570
112	36485
113	34691
114	32700
115	33258
116	35848
117	38988
118	44067
119	49843
120	61739
121	79131
122	93501
123	92367
124	75983
125	63875
126	62290
127	67737
128	74430
129	84776
130	101184
131	128038
132	167304
133	204267
134	213119
135	186954
136	168476
137	176225
138	208211
139	255771
140	306829
141	346240
142	357201
143	354950
144	354695
145	356009
146	350515
147	354374
148	373975
149	405709
150	438009
151	472818
152	501574
153	504061
154	485302
155	484749
156	509213
157	557548
158	618795
159	684184
160	734946
161	769346
162	805403
163	878930
164	991672
165	1084938
166	1102589
167	1075002
168	1030218
169	981231
170	919195
171	854935
172	801912
173	768674
174	747618
175	728836
176	700484
177	656219
178	604387
179	551305
180	500949
181	453138
182	410910
183	376336
184	347568
185	326782
186	311075
187	294306
188	278294
189	258112
190	237337
191	215297
192	195947
193	178095
194	161532
195	149473
196	140286
197	131276
198	125158
199	117197
200	110074
201	101874
202	93918
203	85327
204	77954
205	71799
206	66104
207	61886
208	58247
209	55211
210	51354
211	47929
212	44119
213	40391
214	36838
215	33879
216	30778
217	28468
218	26576
219	25174
220	23772
221	22056
222	20426
223	18534
224	17311
225	15715
226	14606
227	13445
228	12307
229	11754
230	11452
231	10396
232	9796
233	9124
234	8161
235	7752
236	7149
237	6791
238	6576
239	6286
240	6005
241	5764
242	5879
243	5863
244	643
245	121
246	98

