## htsjdk.samtools.metrics.StringHeader
# CollectInsertSizeMetrics  --Histogram_FILE pandisease.epifluidlab.cchmc.org/results/20200420-week-17/jhu-cfdna-frag/picard_metrics/EGAR00002027881.hg19.insert_size.pdf --INPUT pandisease.epifluidlab.cchmc.org/results/20200420-week-17/jhu-cfdna-frag/filtered_bam/EGAR00002027881.hg19.filtered.bam --OUTPUT pandisease.epifluidlab.cchmc.org/results/20200420-week-17/jhu-cfdna-frag/picard_metrics/EGAR00002027881.hg19.insert_size.txt  --DEVIATIONS 10.0 --MINIMUM_PCT 0.05 --METRIC_ACCUMULATION_LEVEL ALL_READS --INCLUDE_DUPLICATES false --ASSUME_SORTED true --STOP_AFTER 0 --VERBOSITY INFO --QUIET false --VALIDATION_STRINGENCY STRICT --COMPRESSION_LEVEL 5 --MAX_RECORDS_IN_RAM 500000 --CREATE_INDEX false --CREATE_MD5_FILE false --GA4GH_CLIENT_SECRETS client_secrets.json --help false --version false --showHidden false --USE_JDK_DEFLATER false --USE_JDK_INFLATER false
## htsjdk.samtools.metrics.StringHeader
# Started on: Sun May 03 13:47:58 UTC 2020

## METRICS CLASS	picard.analysis.InsertSizeMetrics
MEDIAN_INSERT_SIZE	MODE_INSERT_SIZE	MEDIAN_ABSOLUTE_DEVIATION	MIN_INSERT_SIZE	MAX_INSERT_SIZE	MEAN_INSERT_SIZE	STANDARD_DEVIATION	READ_PAIRS	PAIR_ORIENTATION	WIDTH_OF_10_PERCENT	WIDTH_OF_20_PERCENT	WIDTH_OF_30_PERCENT	WIDTH_OF_40_PERCENT	WIDTH_OF_50_PERCENT	WIDTH_OF_60_PERCENT	WIDTH_OF_70_PERCENT	WIDTH_OF_80_PERCENT	WIDTH_OF_90_PERCENT	WIDTH_OF_95_PERCENT	WIDTH_OF_99_PERCENT	SAMPLE	LIBRARY	READ_GROUP
165	166	10	89	238	164.363373	17.771153	40994180	FR	5	7	11	15	21	27	35	45	59	75	111			

## HISTOGRAM	java.lang.Integer
insert_size	All_Reads.fr_count
89	2155
90	2174
91	2020
92	1789
93	2359
94	2926
95	3620
96	3594
97	3178
98	3367
99	9755
100	10526
101	11368
102	11664
103	12222
104	12986
105	13579
106	14087
107	15802
108	16992
109	19053
110	22689
111	24791
112	26060
113	25016
114	24397
115	24977
116	27516
117	30504
118	34708
119	39152
120	47666
121	61853
122	73447
123	74027
124	63308
125	54856
126	55099
127	60918
128	68627
129	80054
130	97566
131	125508
132	166756
133	209405
134	222354
135	204761
136	192042
137	205910
138	245709
139	300063
140	362420
141	413127
142	432130
143	435487
144	444114
145	455445
146	460769
147	471001
148	494294
149	528388
150	562625
151	605369
152	643149
153	643329
154	623541
155	627510
156	662973
157	722702
158	798290
159	873048
160	929248
161	970152
162	1014746
163	1099132
164	1225884
165	1334169
166	1368575
167	1343265
168	1287892
169	1216713
170	1130481
171	1043028
172	964879
173	910624
174	870133
175	830367
176	784919
177	723605
178	658276
179	591644
180	528608
181	472616
182	422432
183	382210
184	350771
185	324485
186	303233
187	282857
188	263068
189	242546
190	220498
191	198501
192	179747
193	161069
194	147747
195	136550
196	127624
197	120452
198	114644
199	108351
200	101107
201	94028
202	86145
203	78645
204	72130
205	66340
206	62189
207	57897
208	55060
209	51177
210	48104
211	44957
212	41464
213	37837
214	34886
215	31877
216	28845
217	26841
218	25150
219	23519
220	22132
221	20891
222	19067
223	17598
224	16367
225	14638
226	13587
227	12472
228	11660
229	11280
230	10613
231	10014
232	9469
233	8563
234	8068
235	7819
236	887
237	213
238	237

