## htsjdk.samtools.metrics.StringHeader
# CollectInsertSizeMetrics  --Histogram_FILE pandisease.epifluidlab.cchmc.org/results/20200420-week-17/jhu-cfdna-frag/picard_metrics/EGAR00002027781.hg19.insert_size.pdf --INPUT pandisease.epifluidlab.cchmc.org/results/20200420-week-17/jhu-cfdna-frag/filtered_bam/EGAR00002027781.hg19.filtered.bam --OUTPUT pandisease.epifluidlab.cchmc.org/results/20200420-week-17/jhu-cfdna-frag/picard_metrics/EGAR00002027781.hg19.insert_size.txt  --DEVIATIONS 10.0 --MINIMUM_PCT 0.05 --METRIC_ACCUMULATION_LEVEL ALL_READS --INCLUDE_DUPLICATES false --ASSUME_SORTED true --STOP_AFTER 0 --VERBOSITY INFO --QUIET false --VALIDATION_STRINGENCY STRICT --COMPRESSION_LEVEL 5 --MAX_RECORDS_IN_RAM 500000 --CREATE_INDEX false --CREATE_MD5_FILE false --GA4GH_CLIENT_SECRETS client_secrets.json --help false --version false --showHidden false --USE_JDK_DEFLATER false --USE_JDK_INFLATER false
## htsjdk.samtools.metrics.StringHeader
# Started on: Sun May 03 11:04:18 UTC 2020

## METRICS CLASS	picard.analysis.InsertSizeMetrics
MEDIAN_INSERT_SIZE	MODE_INSERT_SIZE	MEDIAN_ABSOLUTE_DEVIATION	MIN_INSERT_SIZE	MAX_INSERT_SIZE	MEAN_INSERT_SIZE	STANDARD_DEVIATION	READ_PAIRS	PAIR_ORIENTATION	WIDTH_OF_10_PERCENT	WIDTH_OF_20_PERCENT	WIDTH_OF_30_PERCENT	WIDTH_OF_40_PERCENT	WIDTH_OF_50_PERCENT	WIDTH_OF_60_PERCENT	WIDTH_OF_70_PERCENT	WIDTH_OF_80_PERCENT	WIDTH_OF_90_PERCENT	WIDTH_OF_95_PERCENT	WIDTH_OF_99_PERCENT	SAMPLE	LIBRARY	READ_GROUP
166	166	10	87	243	164.607153	18.782178	34443952	FR	5	7	11	17	21	29	37	47	63	81	115			

## HISTOGRAM	java.lang.Integer
insert_size	All_Reads.fr_count
87	1941
88	2250
89	2411
90	2440
91	2511
92	2849
93	3002
94	3128
95	3230
96	3471
97	3551
98	3842
99	12856
100	14601
101	15804
102	16521
103	17222
104	17097
105	17108
106	18100
107	20549
108	21949
109	25777
110	30396
111	33985
112	34809
113	31899
114	29480
115	29765
116	32722
117	35757
118	39529
119	45157
120	56531
121	73982
122	88097
123	86076
124	69245
125	55712
126	53785
127	57583
128	64219
129	73750
130	89482
131	116022
132	155484
133	194900
134	203254
135	179904
136	159875
137	168730
138	200392
139	247802
140	299499
141	336536
142	349356
143	347404
144	350155
145	357287
146	355809
147	363890
148	383577
149	411395
150	438833
151	470473
152	496126
153	494272
154	475591
155	477251
156	505960
157	554756
158	618543
159	678777
160	722433
161	750661
162	787143
163	862528
164	976430
165	1078189
166	1106701
167	1086964
168	1046840
169	990856
170	921813
171	854657
172	801917
173	768456
174	749493
175	734353
176	706617
177	662660
178	606216
179	546867
180	490632
181	439839
182	394313
183	358763
184	330639
185	310507
186	292051
187	274280
188	255620
189	236148
190	213304
191	190562
192	170600
193	153383
194	138956
195	128055
196	118609
197	112072
198	105184
199	98537
200	92164
201	83878
202	76545
203	69660
204	64055
205	58485
206	53990
207	50032
208	47052
209	44149
210	41545
211	38133
212	35343
213	32215
214	29361
215	26850
216	24719
217	22611
218	21192
219	19643
220	18647
221	17298
222	16272
223	14542
224	13435
225	11856
226	11134
227	10376
228	9477
229	9139
230	8644
231	7938
232	7513
233	6951
234	6425
235	5970
236	5563
237	5297
238	5300
239	4939
240	2497
241	1442
242	1007
243	796

