## htsjdk.samtools.metrics.StringHeader
# CollectInsertSizeMetrics  --Histogram_FILE pandisease.epifluidlab.cchmc.org/results/20200420-week-17/jhu-cfdna-frag/picard_metrics/EGAR00002027778.hg19.insert_size.pdf --INPUT pandisease.epifluidlab.cchmc.org/results/20200420-week-17/jhu-cfdna-frag/filtered_bam/EGAR00002027778.hg19.filtered.bam --OUTPUT pandisease.epifluidlab.cchmc.org/results/20200420-week-17/jhu-cfdna-frag/picard_metrics/EGAR00002027778.hg19.insert_size.txt  --DEVIATIONS 10.0 --MINIMUM_PCT 0.05 --METRIC_ACCUMULATION_LEVEL ALL_READS --INCLUDE_DUPLICATES false --ASSUME_SORTED true --STOP_AFTER 0 --VERBOSITY INFO --QUIET false --VALIDATION_STRINGENCY STRICT --COMPRESSION_LEVEL 5 --MAX_RECORDS_IN_RAM 500000 --CREATE_INDEX false --CREATE_MD5_FILE false --GA4GH_CLIENT_SECRETS client_secrets.json --help false --version false --showHidden false --USE_JDK_DEFLATER false --USE_JDK_INFLATER false
## htsjdk.samtools.metrics.StringHeader
# Started on: Sun May 03 15:00:01 UTC 2020

## METRICS CLASS	picard.analysis.InsertSizeMetrics
MEDIAN_INSERT_SIZE	MODE_INSERT_SIZE	MEDIAN_ABSOLUTE_DEVIATION	MIN_INSERT_SIZE	MAX_INSERT_SIZE	MEAN_INSERT_SIZE	STANDARD_DEVIATION	READ_PAIRS	PAIR_ORIENTATION	WIDTH_OF_10_PERCENT	WIDTH_OF_20_PERCENT	WIDTH_OF_30_PERCENT	WIDTH_OF_40_PERCENT	WIDTH_OF_50_PERCENT	WIDTH_OF_60_PERCENT	WIDTH_OF_70_PERCENT	WIDTH_OF_80_PERCENT	WIDTH_OF_90_PERCENT	WIDTH_OF_95_PERCENT	WIDTH_OF_99_PERCENT	SAMPLE	LIBRARY	READ_GROUP
163	166	13	60	262	160.490245	22.614791	30750768	FR	5	9	15	21	27	35	43	55	77	95	137			

## HISTOGRAM	java.lang.Integer
insert_size	All_Reads.fr_count
60	1
63	8
64	16
65	1295
66	1510
67	1433
68	1589
69	1817
70	1729
71	1830
72	1654
73	1926
74	2381
75	2027
76	1767
77	2521
78	2689
79	2710
80	2556
81	2420
82	2451
83	2842
84	3521
85	3222
86	3422
87	3017
88	3348
89	3689
90	3900
91	3837
92	4277
93	4433
94	4502
95	4930
96	4901
97	4416
98	4918
99	22666
100	27649
101	32169
102	33865
103	33769
104	32728
105	32810
106	35693
107	40359
108	45492
109	52045
110	63062
111	73104
112	75660
113	68395
114	62544
115	63502
116	68320
117	75797
118	83610
119	92716
120	111165
121	140137
122	162419
123	158135
124	131541
125	112962
126	111670
127	119483
128	131058
129	145008
130	164421
131	197088
132	240908
133	279652
134	285070
135	259226
136	239145
137	246621
138	274813
139	314736
140	353569
141	379735
142	388607
143	387760
144	391126
145	388484
146	386105
147	391093
148	407907
149	424282
150	434143
151	444007
152	448556
153	440552
154	429180
155	428528
156	444260
157	474924
158	512803
159	547984
160	574139
161	590545
162	612813
163	663807
164	746612
165	813357
166	832116
167	808701
168	771407
169	728607
170	678493
171	630903
172	591223
173	570961
174	557897
175	543612
176	518041
177	478828
178	434018
179	387503
180	343866
181	307786
182	278248
183	254464
184	236126
185	221621
186	209086
187	196670
188	183479
189	169754
190	154588
191	139157
192	125665
193	114700
194	105119
195	97202
196	92148
197	86591
198	82286
199	77724
200	73183
201	67928
202	62274
203	56915
204	52472
205	48344
206	45648
207	42516
208	40909
209	38715
210	37112
211	34753
212	32498
213	30046
214	27130
215	25260
216	23438
217	21870
218	20985
219	20381
220	19831
221	19120
222	18363
223	16733
224	15467
225	14212
226	12935
227	12095
228	12215
229	12103
230	12096
231	11549
232	11532
233	10842
234	9946
235	9286
236	8870
237	8396
238	8252
239	8442
240	8680
241	8668
242	8779
243	8560
244	8247
245	7746
246	7636
247	7063
248	7409
249	7278
250	7591
251	7864
252	8140
253	9025
254	7856
255	6881
256	6009
257	2445
258	2588
259	2426
260	564
261	223
262	242

