## htsjdk.samtools.metrics.StringHeader
# CollectInsertSizeMetrics  --Histogram_FILE pandisease.epifluidlab.cchmc.org/results/20200420-week-17/jhu-cfdna-frag/picard_metrics/EGAR00002027835.hg19.insert_size.pdf --INPUT pandisease.epifluidlab.cchmc.org/results/20200420-week-17/jhu-cfdna-frag/filtered_bam/EGAR00002027835.hg19.filtered.bam --OUTPUT pandisease.epifluidlab.cchmc.org/results/20200420-week-17/jhu-cfdna-frag/picard_metrics/EGAR00002027835.hg19.insert_size.txt  --DEVIATIONS 10.0 --MINIMUM_PCT 0.05 --METRIC_ACCUMULATION_LEVEL ALL_READS --INCLUDE_DUPLICATES false --ASSUME_SORTED true --STOP_AFTER 0 --VERBOSITY INFO --QUIET false --VALIDATION_STRINGENCY STRICT --COMPRESSION_LEVEL 5 --MAX_RECORDS_IN_RAM 500000 --CREATE_INDEX false --CREATE_MD5_FILE false --GA4GH_CLIENT_SECRETS client_secrets.json --help false --version false --showHidden false --USE_JDK_DEFLATER false --USE_JDK_INFLATER false
## htsjdk.samtools.metrics.StringHeader
# Started on: Sun May 03 08:45:44 UTC 2020

## METRICS CLASS	picard.analysis.InsertSizeMetrics
MEDIAN_INSERT_SIZE	MODE_INSERT_SIZE	MEDIAN_ABSOLUTE_DEVIATION	MIN_INSERT_SIZE	MAX_INSERT_SIZE	MEAN_INSERT_SIZE	STANDARD_DEVIATION	READ_PAIRS	PAIR_ORIENTATION	WIDTH_OF_10_PERCENT	WIDTH_OF_20_PERCENT	WIDTH_OF_30_PERCENT	WIDTH_OF_40_PERCENT	WIDTH_OF_50_PERCENT	WIDTH_OF_60_PERCENT	WIDTH_OF_70_PERCENT	WIDTH_OF_80_PERCENT	WIDTH_OF_90_PERCENT	WIDTH_OF_95_PERCENT	WIDTH_OF_99_PERCENT	SAMPLE	LIBRARY	READ_GROUP
168	166	12	78	260	167.848758	21.299924	51125252	FR	5	9	13	19	25	31	41	53	71	91	129			

## HISTOGRAM	java.lang.Integer
insert_size	All_Reads.fr_count
78	3
79	3
80	4
81	6
82	459
83	551
84	617
85	2520
86	2945
87	2761
88	3314
89	3394
90	3483
91	3672
92	3629
93	3965
94	4304
95	4196
96	4568
97	3920
98	4591
99	20461
100	24014
101	26550
102	27185
103	27515
104	26960
105	27101
106	29057
107	32100
108	35905
109	41981
110	51227
111	58481
112	59134
113	53457
114	49209
115	49581
116	52368
117	56716
118	63500
119	73806
120	90809
121	118211
122	137223
123	132663
124	106020
125	84290
126	80884
127	85479
128	93165
129	106363
130	127821
131	162047
132	212133
133	262040
134	268886
135	235901
136	207800
137	215169
138	252037
139	311163
140	382432
141	436388
142	454128
143	448491
144	452918
145	459297
146	457441
147	460725
148	481312
149	514171
150	551657
151	599108
152	642656
153	642954
154	617404
155	616168
156	648532
157	708864
158	784637
159	866538
160	936010
161	979164
162	1026968
163	1113257
164	1245530
165	1366646
166	1415200
167	1414667
168	1385355
169	1339885
170	1275415
171	1208670
172	1149665
173	1115258
174	1098594
175	1083464
176	1058803
177	1010366
178	948580
179	877316
180	808978
181	742002
182	683084
183	633058
184	593772
185	566280
186	540210
187	518901
188	497586
189	468629
190	437091
191	403336
192	369364
193	339509
194	314080
195	294229
196	278213
197	264896
198	254259
199	242281
200	230356
201	215505
202	199428
203	183564
204	169766
205	157353
206	146743
207	138719
208	132192
209	124520
210	117908
211	111732
212	103609
213	95223
214	88023
215	80801
216	74896
217	69621
218	65394
219	62256
220	58525
221	55283
222	51036
223	47604
224	44184
225	40175
226	37116
227	34544
228	32413
229	30572
230	28945
231	27012
232	25310
233	23676
234	21601
235	20296
236	18724
237	17420
238	16320
239	15746
240	15220
241	14079
242	13651
243	12955
244	12218
245	12580
246	10676
247	9080
248	8749
249	8422
250	7916
251	7519
252	7307
253	7292
254	6697
255	955
256	976
257	795
258	103
259	128
260	114

