## htsjdk.samtools.metrics.StringHeader
# CollectInsertSizeMetrics  --Histogram_FILE pandisease.epifluidlab.cchmc.org/results/20200420-week-17/jhu-cfdna-frag/picard_metrics/EGAR00002027790.hg19.insert_size.pdf --INPUT pandisease.epifluidlab.cchmc.org/results/20200420-week-17/jhu-cfdna-frag/filtered_bam/EGAR00002027790.hg19.filtered.bam --OUTPUT pandisease.epifluidlab.cchmc.org/results/20200420-week-17/jhu-cfdna-frag/picard_metrics/EGAR00002027790.hg19.insert_size.txt  --DEVIATIONS 10.0 --MINIMUM_PCT 0.05 --METRIC_ACCUMULATION_LEVEL ALL_READS --INCLUDE_DUPLICATES false --ASSUME_SORTED true --STOP_AFTER 0 --VERBOSITY INFO --QUIET false --VALIDATION_STRINGENCY STRICT --COMPRESSION_LEVEL 5 --MAX_RECORDS_IN_RAM 500000 --CREATE_INDEX false --CREATE_MD5_FILE false --GA4GH_CLIENT_SECRETS client_secrets.json --help false --version false --showHidden false --USE_JDK_DEFLATER false --USE_JDK_INFLATER false
## htsjdk.samtools.metrics.StringHeader
# Started on: Sun May 03 15:17:19 UTC 2020

## METRICS CLASS	picard.analysis.InsertSizeMetrics
MEDIAN_INSERT_SIZE	MODE_INSERT_SIZE	MEDIAN_ABSOLUTE_DEVIATION	MIN_INSERT_SIZE	MAX_INSERT_SIZE	MEAN_INSERT_SIZE	STANDARD_DEVIATION	READ_PAIRS	PAIR_ORIENTATION	WIDTH_OF_10_PERCENT	WIDTH_OF_20_PERCENT	WIDTH_OF_30_PERCENT	WIDTH_OF_40_PERCENT	WIDTH_OF_50_PERCENT	WIDTH_OF_60_PERCENT	WIDTH_OF_70_PERCENT	WIDTH_OF_80_PERCENT	WIDTH_OF_90_PERCENT	WIDTH_OF_95_PERCENT	WIDTH_OF_99_PERCENT	SAMPLE	LIBRARY	READ_GROUP
165	166	11	85	246	164.23207	19.191501	36593125	FR	5	7	13	17	23	29	37	47	65	83	119			

## HISTOGRAM	java.lang.Integer
insert_size	All_Reads.fr_count
85	4
86	2835
87	2392
88	2924
89	3334
90	3502
91	3737
92	3446
93	3652
94	3965
95	4259
96	4869
97	4235
98	4588
99	12689
100	14136
101	15052
102	16512
103	16870
104	17190
105	17234
106	18248
107	20112
108	22934
109	25992
110	30509
111	33732
112	34934
113	32664
114	31147
115	33038
116	34872
117	38267
118	42905
119	48705
120	59369
121	75469
122	89008
123	89389
124	75371
125	65042
126	64816
127	70101
128	77659
129	89396
130	106921
131	135299
132	176337
133	212398
134	220827
135	200208
136	185075
137	195455
138	228752
139	278439
140	334049
141	377773
142	395942
143	397623
144	400235
145	401405
146	399101
147	404368
148	425196
149	452030
150	483084
151	516178
152	543378
153	544102
154	530807
155	533856
156	566693
157	619717
158	682813
159	745510
160	790956
161	826451
162	865895
163	940607
164	1048313
165	1138036
166	1160790
167	1132194
168	1085940
169	1029840
170	957300
171	881726
172	820063
173	777138
174	748081
175	719731
176	685001
177	636514
178	583729
179	529337
180	477751
181	427437
182	387151
183	352346
184	323856
185	302720
186	285570
187	268898
188	251742
189	235211
190	214734
191	195258
192	177042
193	160103
194	145780
195	136328
196	126773
197	120391
198	114527
199	108082
200	101506
201	93621
202	86762
203	79988
204	73372
205	67249
206	62589
207	58783
208	55812
209	52271
210	49733
211	45959
212	42416
213	39127
214	35606
215	33167
216	30456
217	28601
218	26545
219	24658
220	23589
221	21926
222	20578
223	18848
224	17753
225	15813
226	14629
227	13658
228	13063
229	12371
230	11560
231	10890
232	10216
233	9631
234	9034
235	8680
236	7899
237	7726
238	7298
239	8019
240	6188
241	5377
242	4845
243	626
244	220
245	235
246	215

