## htsjdk.samtools.metrics.StringHeader
# CollectInsertSizeMetrics  --Histogram_FILE pandisease.epifluidlab.cchmc.org/results/20200420-week-17/jhu-cfdna-frag/picard_metrics/EGAR00002027906.hg19.insert_size.pdf --INPUT pandisease.epifluidlab.cchmc.org/results/20200420-week-17/jhu-cfdna-frag/filtered_bam/EGAR00002027906.hg19.filtered.bam --OUTPUT pandisease.epifluidlab.cchmc.org/results/20200420-week-17/jhu-cfdna-frag/picard_metrics/EGAR00002027906.hg19.insert_size.txt  --DEVIATIONS 10.0 --MINIMUM_PCT 0.05 --METRIC_ACCUMULATION_LEVEL ALL_READS --INCLUDE_DUPLICATES false --ASSUME_SORTED true --STOP_AFTER 0 --VERBOSITY INFO --QUIET false --VALIDATION_STRINGENCY STRICT --COMPRESSION_LEVEL 5 --MAX_RECORDS_IN_RAM 500000 --CREATE_INDEX false --CREATE_MD5_FILE false --GA4GH_CLIENT_SECRETS client_secrets.json --help false --version false --showHidden false --USE_JDK_DEFLATER false --USE_JDK_INFLATER false
## htsjdk.samtools.metrics.StringHeader
# Started on: Sun May 03 15:49:04 UTC 2020

## METRICS CLASS	picard.analysis.InsertSizeMetrics
MEDIAN_INSERT_SIZE	MODE_INSERT_SIZE	MEDIAN_ABSOLUTE_DEVIATION	MIN_INSERT_SIZE	MAX_INSERT_SIZE	MEAN_INSERT_SIZE	STANDARD_DEVIATION	READ_PAIRS	PAIR_ORIENTATION	WIDTH_OF_10_PERCENT	WIDTH_OF_20_PERCENT	WIDTH_OF_30_PERCENT	WIDTH_OF_40_PERCENT	WIDTH_OF_50_PERCENT	WIDTH_OF_60_PERCENT	WIDTH_OF_70_PERCENT	WIDTH_OF_80_PERCENT	WIDTH_OF_90_PERCENT	WIDTH_OF_95_PERCENT	WIDTH_OF_99_PERCENT	SAMPLE	LIBRARY	READ_GROUP
165	166	11	78	249	163.663733	19.930749	26586325	FR	5	9	13	17	23	31	39	49	67	85	119			

## HISTOGRAM	java.lang.Integer
insert_size	All_Reads.fr_count
78	1061
79	1197
80	1154
81	1105
82	1051
83	1188
84	1686
85	1540
86	1543
87	1354
88	1434
89	1589
90	2151
91	2004
92	1853
93	1918
94	2127
95	2178
96	2519
97	2243
98	2545
99	9433
100	10879
101	11911
102	13172
103	13921
104	13978
105	14000
106	14839
107	16349
108	18466
109	21447
110	26105
111	29007
112	30435
113	28293
114	26578
115	27685
116	29677
117	31876
118	35868
119	41590
120	51052
121	65284
122	76386
123	75286
124	63184
125	54241
126	54532
127	59924
128	67743
129	77438
130	92298
131	116365
132	150565
133	184743
134	191483
135	172443
136	155967
137	160553
138	182874
139	219550
140	261145
141	296248
142	307759
143	307114
144	311144
145	314971
146	314014
147	315137
148	326051
149	341366
150	360721
151	384118
152	404325
153	402543
154	384946
155	378157
156	392363
157	424427
158	469168
159	516584
160	550564
161	571801
162	594593
163	638274
164	708244
165	765907
166	781943
167	772840
168	743451
169	707461
170	663851
171	616239
172	573133
173	548882
174	529660
175	509982
176	487368
177	454268
178	418606
179	380188
180	342891
181	310819
182	282578
183	258669
184	238867
185	222277
186	209886
187	197735
188	186078
189	173289
190	159522
191	145092
192	132372
193	121317
194	110513
195	101916
196	95490
197	89591
198	85357
199	80828
200	76036
201	71446
202	65268
203	60006
204	55907
205	50399
206	47110
207	44201
208	42060
209	39558
210	37403
211	35132
212	32150
213	29534
214	27010
215	24702
216	23310
217	21303
218	20017
219	18866
220	17478
221	16375
222	15188
223	14048
224	12848
225	11685
226	10856
227	10192
228	9214
229	9090
230	8202
231	7843
232	7432
233	6838
234	6079
235	5709
236	5403
237	5103
238	4726
239	4682
240	4352
241	4212
242	4087
243	3852
244	3803
245	3799
246	1686
247	1364
248	1184
249	74

