## htsjdk.samtools.metrics.StringHeader
# CollectInsertSizeMetrics  --Histogram_FILE pandisease.epifluidlab.cchmc.org/results/20200420-week-17/jhu-cfdna-frag/picard_metrics/EGAR00002027880.hg19.insert_size.pdf --INPUT pandisease.epifluidlab.cchmc.org/results/20200420-week-17/jhu-cfdna-frag/filtered_bam/EGAR00002027880.hg19.filtered.bam --OUTPUT pandisease.epifluidlab.cchmc.org/results/20200420-week-17/jhu-cfdna-frag/picard_metrics/EGAR00002027880.hg19.insert_size.txt  --DEVIATIONS 10.0 --MINIMUM_PCT 0.05 --METRIC_ACCUMULATION_LEVEL ALL_READS --INCLUDE_DUPLICATES false --ASSUME_SORTED true --STOP_AFTER 0 --VERBOSITY INFO --QUIET false --VALIDATION_STRINGENCY STRICT --COMPRESSION_LEVEL 5 --MAX_RECORDS_IN_RAM 500000 --CREATE_INDEX false --CREATE_MD5_FILE false --GA4GH_CLIENT_SECRETS client_secrets.json --help false --version false --showHidden false --USE_JDK_DEFLATER false --USE_JDK_INFLATER false
## htsjdk.samtools.metrics.StringHeader
# Started on: Sun May 03 15:26:17 UTC 2020

## METRICS CLASS	picard.analysis.InsertSizeMetrics
MEDIAN_INSERT_SIZE	MODE_INSERT_SIZE	MEDIAN_ABSOLUTE_DEVIATION	MIN_INSERT_SIZE	MAX_INSERT_SIZE	MEAN_INSERT_SIZE	STANDARD_DEVIATION	READ_PAIRS	PAIR_ORIENTATION	WIDTH_OF_10_PERCENT	WIDTH_OF_20_PERCENT	WIDTH_OF_30_PERCENT	WIDTH_OF_40_PERCENT	WIDTH_OF_50_PERCENT	WIDTH_OF_60_PERCENT	WIDTH_OF_70_PERCENT	WIDTH_OF_80_PERCENT	WIDTH_OF_90_PERCENT	WIDTH_OF_95_PERCENT	WIDTH_OF_99_PERCENT	SAMPLE	LIBRARY	READ_GROUP
167	167	11	84	248	166.661418	19.75472	33678227	FR	5	9	13	17	23	29	39	49	67	85	119			

## HISTOGRAM	java.lang.Integer
insert_size	All_Reads.fr_count
84	767
85	855
86	895
87	740
88	1997
89	2276
90	2501
91	2589
92	2325
93	2370
94	2922
95	3295
96	3434
97	2810
98	3231
99	9178
100	10506
101	11417
102	12299
103	12514
104	12850
105	12819
106	13716
107	15573
108	17530
109	20595
110	24886
111	28334
112	29353
113	27547
114	26345
115	27016
116	29089
117	31934
118	36189
119	41896
120	51466
121	66588
122	78663
123	78654
124	64991
125	53980
126	52248
127	55637
128	61236
129	70617
130	84414
131	105805
132	140306
133	173955
134	182522
135	162735
136	144109
137	148314
138	173042
139	212885
140	263303
141	303228
142	315777
143	313931
144	318967
145	326524
146	326152
147	328243
148	342391
149	364100
150	391335
151	425614
152	455833
153	454307
154	436056
155	432515
156	453693
157	497930
158	553400
159	613313
160	660306
161	690027
162	719177
163	776433
164	868059
165	952986
166	990871
167	993365
168	971214
169	934807
170	884448
171	831078
172	788779
173	761206
174	747414
175	734703
176	715014
177	676634
178	625670
179	572943
180	522243
181	472787
182	432270
183	397179
184	370667
185	347004
186	330512
187	312193
188	296594
189	274868
190	255209
191	230820
192	210648
193	192007
194	176123
195	163219
196	153958
197	144793
198	138322
199	130862
200	123098
201	114133
202	105187
203	96643
204	88990
205	82033
206	76237
207	71560
208	67307
209	63536
210	59938
211	56413
212	51805
213	47676
214	43445
215	39801
216	37177
217	34056
218	32015
219	30312
220	28528
221	26751
222	24633
223	22728
224	20512
225	19342
226	17785
227	16380
228	15382
229	14414
230	13333
231	12605
232	11896
233	11167
234	10154
235	9306
236	8804
237	8142
238	7655
239	7683
240	7258
241	7168
242	6368
243	5776
244	5853
245	4988
246	562
247	494
248	414

