## htsjdk.samtools.metrics.StringHeader
# CollectInsertSizeMetrics  --Histogram_FILE pandisease.epifluidlab.cchmc.org/results/20200420-week-17/jhu-cfdna-frag/picard_metrics/EGAR00002027882.hg19.insert_size.pdf --INPUT pandisease.epifluidlab.cchmc.org/results/20200420-week-17/jhu-cfdna-frag/filtered_bam/EGAR00002027882.hg19.filtered.bam --OUTPUT pandisease.epifluidlab.cchmc.org/results/20200420-week-17/jhu-cfdna-frag/picard_metrics/EGAR00002027882.hg19.insert_size.txt  --DEVIATIONS 10.0 --MINIMUM_PCT 0.05 --METRIC_ACCUMULATION_LEVEL ALL_READS --INCLUDE_DUPLICATES false --ASSUME_SORTED true --STOP_AFTER 0 --VERBOSITY INFO --QUIET false --VALIDATION_STRINGENCY STRICT --COMPRESSION_LEVEL 5 --MAX_RECORDS_IN_RAM 500000 --CREATE_INDEX false --CREATE_MD5_FILE false --GA4GH_CLIENT_SECRETS client_secrets.json --help false --version false --showHidden false --USE_JDK_DEFLATER false --USE_JDK_INFLATER false
## htsjdk.samtools.metrics.StringHeader
# Started on: Sun May 03 14:51:28 UTC 2020

## METRICS CLASS	picard.analysis.InsertSizeMetrics
MEDIAN_INSERT_SIZE	MODE_INSERT_SIZE	MEDIAN_ABSOLUTE_DEVIATION	MIN_INSERT_SIZE	MAX_INSERT_SIZE	MEAN_INSERT_SIZE	STANDARD_DEVIATION	READ_PAIRS	PAIR_ORIENTATION	WIDTH_OF_10_PERCENT	WIDTH_OF_20_PERCENT	WIDTH_OF_30_PERCENT	WIDTH_OF_40_PERCENT	WIDTH_OF_50_PERCENT	WIDTH_OF_60_PERCENT	WIDTH_OF_70_PERCENT	WIDTH_OF_80_PERCENT	WIDTH_OF_90_PERCENT	WIDTH_OF_95_PERCENT	WIDTH_OF_99_PERCENT	SAMPLE	LIBRARY	READ_GROUP
167	166	11	84	245	166.406888	19.435775	38881663	FR	5	7	13	17	23	29	37	49	65	83	119			

## HISTOGRAM	java.lang.Integer
insert_size	All_Reads.fr_count
84	212
85	235
86	229
87	1051
88	1652
89	1686
90	1784
91	2869
92	2621
93	2736
94	3238
95	3339
96	3849
97	3396
98	3736
99	10720
100	12058
101	12992
102	13734
103	14445
104	14792
105	14413
106	15224
107	17321
108	19227
109	22766
110	26644
111	29769
112	30169
113	28251
114	26713
115	27885
116	30106
117	32658
118	37402
119	43156
120	53682
121	69738
122	83053
123	82030
124	67721
125	56119
126	53997
127	58164
128	65093
129	75130
130	91320
131	117835
132	158569
133	200024
134	208665
135	184464
136	163381
137	169911
138	201067
139	250933
140	310345
141	357618
142	373128
143	371202
144	375182
145	380135
146	378594
147	381695
148	400025
149	430260
150	464973
151	508416
152	545754
153	547705
154	524575
155	520742
156	546510
157	601024
158	671806
159	745270
160	802409
161	839720
162	878336
163	950315
164	1063945
165	1163136
166	1198921
167	1184522
168	1151088
169	1100713
170	1034862
171	964262
172	903084
173	865461
174	839303
175	814549
176	783916
177	736977
178	681983
179	624363
180	568760
181	515004
182	468825
183	429494
184	397459
185	373840
186	353461
187	335004
188	318111
189	297662
190	275302
191	253233
192	230882
193	209729
194	193576
195	180060
196	168189
197	160764
198	152874
199	145795
200	137896
201	129342
202	119620
203	109890
204	101553
205	93779
206	86998
207	81597
208	77639
209	73724
210	69659
211	65889
212	61190
213	56548
214	51512
215	47227
216	43777
217	40786
218	38466
219	35580
220	34020
221	31734
222	29174
223	27012
224	24981
225	23112
226	20906
227	19593
228	18544
229	17376
230	16316
231	15142
232	14395
233	13174
234	12010
235	11087
236	10600
237	10159
238	9256
239	8394
240	8711
241	7616
242	2405
243	2257
244	2117
245	78

