## htsjdk.samtools.metrics.StringHeader
# CollectInsertSizeMetrics  --Histogram_FILE pandisease.epifluidlab.cchmc.org/results/20200420-week-17/jhu-cfdna-frag/picard_metrics/EGAR00002027788.hg19.insert_size.pdf --INPUT pandisease.epifluidlab.cchmc.org/results/20200420-week-17/jhu-cfdna-frag/filtered_bam/EGAR00002027788.hg19.filtered.bam --OUTPUT pandisease.epifluidlab.cchmc.org/results/20200420-week-17/jhu-cfdna-frag/picard_metrics/EGAR00002027788.hg19.insert_size.txt  --DEVIATIONS 10.0 --MINIMUM_PCT 0.05 --METRIC_ACCUMULATION_LEVEL ALL_READS --INCLUDE_DUPLICATES false --ASSUME_SORTED true --STOP_AFTER 0 --VERBOSITY INFO --QUIET false --VALIDATION_STRINGENCY STRICT --COMPRESSION_LEVEL 5 --MAX_RECORDS_IN_RAM 500000 --CREATE_INDEX false --CREATE_MD5_FILE false --GA4GH_CLIENT_SECRETS client_secrets.json --help false --version false --showHidden false --USE_JDK_DEFLATER false --USE_JDK_INFLATER false
## htsjdk.samtools.metrics.StringHeader
# Started on: Sun May 03 15:32:57 UTC 2020

## METRICS CLASS	picard.analysis.InsertSizeMetrics
MEDIAN_INSERT_SIZE	MODE_INSERT_SIZE	MEDIAN_ABSOLUTE_DEVIATION	MIN_INSERT_SIZE	MAX_INSERT_SIZE	MEAN_INSERT_SIZE	STANDARD_DEVIATION	READ_PAIRS	PAIR_ORIENTATION	WIDTH_OF_10_PERCENT	WIDTH_OF_20_PERCENT	WIDTH_OF_30_PERCENT	WIDTH_OF_40_PERCENT	WIDTH_OF_50_PERCENT	WIDTH_OF_60_PERCENT	WIDTH_OF_70_PERCENT	WIDTH_OF_80_PERCENT	WIDTH_OF_90_PERCENT	WIDTH_OF_95_PERCENT	WIDTH_OF_99_PERCENT	SAMPLE	LIBRARY	READ_GROUP
165	166	11	85	246	164.226904	19.422545	32991433	FR	5	9	13	17	23	29	37	47	65	83	119			

## HISTOGRAM	java.lang.Integer
insert_size	All_Reads.fr_count
85	122
86	2811
87	2284
88	2701
89	2879
90	3603
91	3315
92	3164
93	3252
94	3575
95	4279
96	4351
97	3716
98	4104
99	11342
100	12372
101	13811
102	14633
103	14917
104	15006
105	14987
106	16165
107	18073
108	19967
109	22689
110	26836
111	29956
112	30917
113	28893
114	28475
115	29019
116	31376
117	33640
118	38143
119	43867
120	54364
121	70724
122	84573
123	84013
124	68713
125	57555
126	56891
127	62081
128	69585
129	80076
130	96873
131	124016
132	164884
133	204983
134	214608
135	193142
136	173470
137	181902
138	211324
139	258493
140	311993
141	352892
142	364394
143	362874
144	366283
145	372150
146	370852
147	374284
148	389888
149	412101
150	439279
151	470331
152	498177
153	496438
154	476528
155	476197
156	500539
157	547152
158	602055
159	657427
160	699742
161	729103
162	761082
163	826048
164	923411
165	1003806
166	1029356
167	1008198
168	967506
169	915552
170	849917
171	784274
172	730711
173	695193
174	669268
175	648197
176	615955
177	577590
178	527295
179	478733
180	430576
181	386799
182	347710
183	315978
184	293092
185	273578
186	258121
187	243995
188	230237
189	213361
190	195401
191	178894
192	162336
193	147155
194	135230
195	124309
196	117162
197	110574
198	104796
199	99622
200	94385
201	87181
202	80486
203	73822
204	67633
205	62644
206	58013
207	54243
208	52268
209	48876
210	46335
211	43185
212	39798
213	36765
214	33680
215	30787
216	28640
217	26850
218	24943
219	23353
220	22359
221	20899
222	19428
223	18061
224	16373
225	15060
226	13707
227	12941
228	12123
229	11732
230	11096
231	10197
232	9557
233	9021
234	8286
235	7768
236	7319
237	6871
238	6683
239	7115
240	6179
241	5124
242	4993
243	2973
244	2972
245	2891
246	2611

