## htsjdk.samtools.metrics.StringHeader
# CollectInsertSizeMetrics  --Histogram_FILE pandisease.epifluidlab.cchmc.org/results/20200420-week-17/jhu-cfdna-frag/picard_metrics/EGAR00002027909.hg19.insert_size.pdf --INPUT pandisease.epifluidlab.cchmc.org/results/20200420-week-17/jhu-cfdna-frag/filtered_bam/EGAR00002027909.hg19.filtered.bam --OUTPUT pandisease.epifluidlab.cchmc.org/results/20200420-week-17/jhu-cfdna-frag/picard_metrics/EGAR00002027909.hg19.insert_size.txt  --DEVIATIONS 10.0 --MINIMUM_PCT 0.05 --METRIC_ACCUMULATION_LEVEL ALL_READS --INCLUDE_DUPLICATES false --ASSUME_SORTED true --STOP_AFTER 0 --VERBOSITY INFO --QUIET false --VALIDATION_STRINGENCY STRICT --COMPRESSION_LEVEL 5 --MAX_RECORDS_IN_RAM 500000 --CREATE_INDEX false --CREATE_MD5_FILE false --GA4GH_CLIENT_SECRETS client_secrets.json --help false --version false --showHidden false --USE_JDK_DEFLATER false --USE_JDK_INFLATER false
## htsjdk.samtools.metrics.StringHeader
# Started on: Sun May 03 15:30:55 UTC 2020

## METRICS CLASS	picard.analysis.InsertSizeMetrics
MEDIAN_INSERT_SIZE	MODE_INSERT_SIZE	MEDIAN_ABSOLUTE_DEVIATION	MIN_INSERT_SIZE	MAX_INSERT_SIZE	MEAN_INSERT_SIZE	STANDARD_DEVIATION	READ_PAIRS	PAIR_ORIENTATION	WIDTH_OF_10_PERCENT	WIDTH_OF_20_PERCENT	WIDTH_OF_30_PERCENT	WIDTH_OF_40_PERCENT	WIDTH_OF_50_PERCENT	WIDTH_OF_60_PERCENT	WIDTH_OF_70_PERCENT	WIDTH_OF_80_PERCENT	WIDTH_OF_90_PERCENT	WIDTH_OF_95_PERCENT	WIDTH_OF_99_PERCENT	SAMPLE	LIBRARY	READ_GROUP
169	167	13	73	269	169.036231	22.914253	33482853	FR	5	9	15	21	27	35	45	57	77	97	135			

## HISTOGRAM	java.lang.Integer
insert_size	All_Reads.fr_count
73	57
74	70
75	55
76	48
77	127
78	151
79	1778
80	1713
81	1540
82	2069
83	2127
84	2445
85	2245
86	2160
87	1847
88	2587
89	2834
90	2980
91	3115
92	2651
93	2780
94	2935
95	3498
96	3881
97	3117
98	3242
99	12036
100	14080
101	16120
102	16974
103	17264
104	17195
105	16767
106	17611
107	20364
108	22608
109	27215
110	34791
111	39587
112	40764
113	36846
114	34356
115	34500
116	36198
117	40528
118	45722
119	54328
120	66231
121	84371
122	97739
123	94799
124	76808
125	62308
126	59334
127	62812
128	69437
129	77446
130	93782
131	116501
132	149252
133	182494
134	187579
135	164379
136	143079
137	143518
138	163468
139	200152
140	247124
141	286487
142	299613
143	298866
144	301626
145	305519
146	301719
147	299977
148	310001
149	327969
150	353088
151	385536
152	415644
153	417983
154	398751
155	388867
156	399979
157	427166
158	468356
159	521921
160	566476
161	595392
162	616763
163	652545
164	710083
165	764375
166	797161
167	806747
168	805618
169	795914
170	769609
171	739567
172	709522
173	696159
174	690773
175	686413
176	674467
177	651285
178	619041
179	580483
180	542471
181	506008
182	471446
183	441410
184	417703
185	400632
186	384157
187	372303
188	356443
189	340627
190	322057
191	298286
192	277355
193	257081
194	238222
195	222966
196	211645
197	202886
198	196030
199	187064
200	178392
201	168703
202	157150
203	145764
204	133825
205	124595
206	116780
207	110921
208	104817
209	100440
210	95759
211	90518
212	85036
213	78094
214	72376
215	66971
216	62096
217	58126
218	54445
219	51674
220	49386
221	46717
222	43601
223	40483
224	37169
225	34511
226	31595
227	29743
228	28393
229	26503
230	24866
231	23555
232	22009
233	20664
234	19125
235	17882
236	16312
237	15247
238	14232
239	13819
240	13043
241	12245
242	11640
243	11103
244	10494
245	9796
246	9071
247	8750
248	8240
249	7686
250	7540
251	7527
252	7132
253	7613
254	6523
255	5249
256	5067
257	4997
258	4579
259	4510
260	4449
261	4366
262	4314
263	4158
264	4146
265	4222
266	4036
267	1100
268	1136
269	1055

