## htsjdk.samtools.metrics.StringHeader
# CollectInsertSizeMetrics  --Histogram_FILE pandisease.epifluidlab.cchmc.org/results/20200420-week-17/jhu-cfdna-frag/picard_metrics/EGAR00002027897.hg19.insert_size.pdf --INPUT pandisease.epifluidlab.cchmc.org/results/20200420-week-17/jhu-cfdna-frag/filtered_bam/EGAR00002027897.hg19.filtered.bam --OUTPUT pandisease.epifluidlab.cchmc.org/results/20200420-week-17/jhu-cfdna-frag/picard_metrics/EGAR00002027897.hg19.insert_size.txt  --DEVIATIONS 10.0 --MINIMUM_PCT 0.05 --METRIC_ACCUMULATION_LEVEL ALL_READS --INCLUDE_DUPLICATES false --ASSUME_SORTED true --STOP_AFTER 0 --VERBOSITY INFO --QUIET false --VALIDATION_STRINGENCY STRICT --COMPRESSION_LEVEL 5 --MAX_RECORDS_IN_RAM 500000 --CREATE_INDEX false --CREATE_MD5_FILE false --GA4GH_CLIENT_SECRETS client_secrets.json --help false --version false --showHidden false --USE_JDK_DEFLATER false --USE_JDK_INFLATER false
## htsjdk.samtools.metrics.StringHeader
# Started on: Sun May 03 14:59:27 UTC 2020

## METRICS CLASS	picard.analysis.InsertSizeMetrics
MEDIAN_INSERT_SIZE	MODE_INSERT_SIZE	MEDIAN_ABSOLUTE_DEVIATION	MIN_INSERT_SIZE	MAX_INSERT_SIZE	MEAN_INSERT_SIZE	STANDARD_DEVIATION	READ_PAIRS	PAIR_ORIENTATION	WIDTH_OF_10_PERCENT	WIDTH_OF_20_PERCENT	WIDTH_OF_30_PERCENT	WIDTH_OF_40_PERCENT	WIDTH_OF_50_PERCENT	WIDTH_OF_60_PERCENT	WIDTH_OF_70_PERCENT	WIDTH_OF_80_PERCENT	WIDTH_OF_90_PERCENT	WIDTH_OF_95_PERCENT	WIDTH_OF_99_PERCENT	SAMPLE	LIBRARY	READ_GROUP
167	166	11	84	252	167.187159	19.864954	38707023	FR	5	9	13	17	23	31	39	49	67	85	121			

## HISTOGRAM	java.lang.Integer
insert_size	All_Reads.fr_count
84	2
85	2048
86	2111
87	1693
88	2206
89	2613
90	2716
91	2716
92	2541
93	2552
94	2848
95	3531
96	3738
97	3078
98	3393
99	9653
100	10659
101	12290
102	13050
103	13571
104	13537
105	13651
106	14609
107	16753
108	19123
109	21814
110	26630
111	30390
112	31612
113	29810
114	28473
115	29722
116	31807
117	35395
118	39566
119	45877
120	56365
121	72183
122	85261
123	85043
124	71120
125	59745
126	57944
127	61910
128	68646
129	78651
130	93868
131	117200
132	154607
133	191122
134	201049
135	180718
136	162447
137	168613
138	197943
139	243162
140	298438
141	340462
142	355392
143	353687
144	357509
145	364148
146	365039
147	370802
148	387172
149	412531
150	441531
151	478139
152	508011
153	509529
154	491394
155	490777
156	518553
157	569000
158	631287
159	694782
160	743457
161	774209
162	805903
163	871292
164	978599
165	1078891
166	1122094
167	1120769
168	1096285
169	1056798
170	1004375
171	944120
172	894087
173	869275
174	856403
175	849861
176	830047
177	791257
178	736874
179	676552
180	617156
181	561979
182	514024
183	474407
184	444211
185	421591
186	402813
187	384710
188	363884
189	340327
190	313035
191	284570
192	258347
193	235618
194	216657
195	201203
196	187615
197	178246
198	169487
199	159930
200	150005
201	138994
202	127526
203	116455
204	106277
205	98357
206	90976
207	84922
208	79959
209	75166
210	71622
211	66314
212	61086
213	56010
214	51072
215	46883
216	43072
217	40060
218	37693
219	35435
220	33210
221	31191
222	28847
223	26392
224	24119
225	22470
226	20616
227	19149
228	17891
229	16680
230	15835
231	14950
232	13968
233	13017
234	11975
235	11069
236	10223
237	9597
238	9232
239	9015
240	8716
241	8162
242	7832
243	7389
244	7357
245	7407
246	6073
247	4665
248	4838
249	4386
250	113
251	131
252	108

