## htsjdk.samtools.metrics.StringHeader
# CollectInsertSizeMetrics  --Histogram_FILE pandisease.epifluidlab.cchmc.org/results/20200420-week-17/jhu-cfdna-frag/picard_metrics/EGAR00002027858.hg19.insert_size.pdf --INPUT pandisease.epifluidlab.cchmc.org/results/20200420-week-17/jhu-cfdna-frag/filtered_bam/EGAR00002027858.hg19.filtered.bam --OUTPUT pandisease.epifluidlab.cchmc.org/results/20200420-week-17/jhu-cfdna-frag/picard_metrics/EGAR00002027858.hg19.insert_size.txt  --DEVIATIONS 10.0 --MINIMUM_PCT 0.05 --METRIC_ACCUMULATION_LEVEL ALL_READS --INCLUDE_DUPLICATES false --ASSUME_SORTED true --STOP_AFTER 0 --VERBOSITY INFO --QUIET false --VALIDATION_STRINGENCY STRICT --COMPRESSION_LEVEL 5 --MAX_RECORDS_IN_RAM 500000 --CREATE_INDEX false --CREATE_MD5_FILE false --GA4GH_CLIENT_SECRETS client_secrets.json --help false --version false --showHidden false --USE_JDK_DEFLATER false --USE_JDK_INFLATER false
## htsjdk.samtools.metrics.StringHeader
# Started on: Sun May 03 09:58:53 UTC 2020

## METRICS CLASS	picard.analysis.InsertSizeMetrics
MEDIAN_INSERT_SIZE	MODE_INSERT_SIZE	MEDIAN_ABSOLUTE_DEVIATION	MIN_INSERT_SIZE	MAX_INSERT_SIZE	MEAN_INSERT_SIZE	STANDARD_DEVIATION	READ_PAIRS	PAIR_ORIENTATION	WIDTH_OF_10_PERCENT	WIDTH_OF_20_PERCENT	WIDTH_OF_30_PERCENT	WIDTH_OF_40_PERCENT	WIDTH_OF_50_PERCENT	WIDTH_OF_60_PERCENT	WIDTH_OF_70_PERCENT	WIDTH_OF_80_PERCENT	WIDTH_OF_90_PERCENT	WIDTH_OF_95_PERCENT	WIDTH_OF_99_PERCENT	SAMPLE	LIBRARY	READ_GROUP
167	166	12	80	255	166.042611	20.622833	44945901	FR	5	9	13	19	25	31	41	51	69	89	123			

## HISTOGRAM	java.lang.Integer
insert_size	All_Reads.fr_count
80	96
81	84
82	116
83	187
84	2654
85	2556
86	3014
87	2844
88	3022
89	3440
90	3498
91	3269
92	3612
93	3911
94	4045
95	4179
96	4368
97	3767
98	4719
99	18116
100	20947
101	23448
102	23886
103	24489
104	24462
105	24669
106	25947
107	29155
108	33131
109	38598
110	47726
111	54905
112	56921
113	51289
114	46945
115	47234
116	50206
117	54802
118	61918
119	71208
120	88541
121	114005
122	133598
123	128931
124	103755
125	83345
126	79440
127	83887
128	93202
129	105661
130	126708
131	159967
132	211039
133	260196
134	268362
135	235659
136	205855
137	210425
138	247843
139	307124
140	377681
141	431515
142	445731
143	438900
144	443426
145	449252
146	443976
147	445187
148	462744
149	492942
150	529339
151	573760
152	611237
153	609538
154	580175
155	570200
156	597800
157	653236
158	727219
159	802565
160	860253
161	893279
162	927915
163	996974
164	1109903
165	1215912
166	1265104
167	1264379
168	1238159
169	1191695
170	1127161
171	1056102
172	999708
173	969086
174	953952
175	942101
176	917566
177	874236
178	815459
179	750008
180	685724
181	623494
182	569938
183	528090
184	494143
185	466984
186	446259
187	427090
188	404691
189	377785
190	348111
191	318017
192	288842
193	263981
194	242346
195	224910
196	212245
197	200640
198	190414
199	181605
200	169263
201	157514
202	143900
203	131294
204	121240
205	110787
206	103886
207	96924
208	90604
209	85590
210	80905
211	75317
212	69563
213	63925
214	57840
215	53280
216	48903
217	45424
218	42275
219	39995
220	37410
221	34843
222	32768
223	29623
224	26990
225	24793
226	22757
227	21150
228	19852
229	18584
230	17479
231	16102
232	15232
233	14260
234	13163
235	11964
236	11117
237	10513
238	9882
239	9469
240	9406
241	8934
242	8406
243	7808
244	8230
245	6739
246	5819
247	5503
248	5139
249	3609
250	3746
251	3429
252	290
253	278
254	298
255	277

