## htsjdk.samtools.metrics.StringHeader
# CollectInsertSizeMetrics  --Histogram_FILE pandisease.epifluidlab.cchmc.org/results/20200420-week-17/jhu-cfdna-frag/picard_metrics/EGAR00002027876.hg19.insert_size.pdf --INPUT pandisease.epifluidlab.cchmc.org/results/20200420-week-17/jhu-cfdna-frag/filtered_bam/EGAR00002027876.hg19.filtered.bam --OUTPUT pandisease.epifluidlab.cchmc.org/results/20200420-week-17/jhu-cfdna-frag/picard_metrics/EGAR00002027876.hg19.insert_size.txt  --DEVIATIONS 10.0 --MINIMUM_PCT 0.05 --METRIC_ACCUMULATION_LEVEL ALL_READS --INCLUDE_DUPLICATES false --ASSUME_SORTED true --STOP_AFTER 0 --VERBOSITY INFO --QUIET false --VALIDATION_STRINGENCY STRICT --COMPRESSION_LEVEL 5 --MAX_RECORDS_IN_RAM 500000 --CREATE_INDEX false --CREATE_MD5_FILE false --GA4GH_CLIENT_SECRETS client_secrets.json --help false --version false --showHidden false --USE_JDK_DEFLATER false --USE_JDK_INFLATER false
## htsjdk.samtools.metrics.StringHeader
# Started on: Sun May 03 14:00:52 UTC 2020

## METRICS CLASS	picard.analysis.InsertSizeMetrics
MEDIAN_INSERT_SIZE	MODE_INSERT_SIZE	MEDIAN_ABSOLUTE_DEVIATION	MIN_INSERT_SIZE	MAX_INSERT_SIZE	MEAN_INSERT_SIZE	STANDARD_DEVIATION	READ_PAIRS	PAIR_ORIENTATION	WIDTH_OF_10_PERCENT	WIDTH_OF_20_PERCENT	WIDTH_OF_30_PERCENT	WIDTH_OF_40_PERCENT	WIDTH_OF_50_PERCENT	WIDTH_OF_60_PERCENT	WIDTH_OF_70_PERCENT	WIDTH_OF_80_PERCENT	WIDTH_OF_90_PERCENT	WIDTH_OF_95_PERCENT	WIDTH_OF_99_PERCENT	SAMPLE	LIBRARY	READ_GROUP
166	166	11	82	250	164.865106	20.013722	39911203	FR	5	9	13	17	23	29	39	49	67	87	123			

## HISTOGRAM	java.lang.Integer
insert_size	All_Reads.fr_count
82	16
83	2451
84	2714
85	2321
86	2533
87	2471
88	3088
89	3399
90	3378
91	3229
92	3544
93	3731
94	4061
95	4115
96	4298
97	3600
98	4631
99	16923
100	19120
101	20991
102	21708
103	22380
104	22066
105	22703
106	24176
107	26840
108	29689
109	34445
110	41490
111	47106
112	49044
113	44105
114	40496
115	41156
116	43405
117	47611
118	53403
119	61993
120	76927
121	99588
122	116974
123	114151
124	92222
125	74000
126	70919
127	75803
128	84056
129	96378
130	116752
131	149570
132	196708
133	242943
134	250123
135	219261
136	193486
137	199480
138	233755
139	288469
140	353346
141	400997
142	414248
143	410943
144	412241
145	413097
146	408774
147	410976
148	429308
149	459144
150	495179
151	536052
152	570615
153	567769
154	543864
155	542205
156	569343
157	621067
158	692048
159	758711
160	811732
161	844764
162	878164
163	950593
164	1065339
165	1164580
166	1199566
167	1184781
168	1149927
169	1093526
170	1024682
171	956884
172	897556
173	863381
174	842202
175	820297
176	789296
177	744465
178	686338
179	626252
180	568278
181	512031
182	465879
183	427126
184	394683
185	370303
186	350089
187	330304
188	310621
189	287893
190	263724
191	239490
192	217658
193	197722
194	180669
195	167773
196	155420
197	147076
198	139502
199	131078
200	124404
201	114093
202	104881
203	96679
204	88690
205	81416
206	75465
207	70483
208	66213
209	62804
210	58560
211	55017
212	50742
213	46891
214	42580
215	39197
216	36182
217	33756
218	31670
219	29981
220	28125
221	26459
222	24096
223	22154
224	20674
225	19003
226	17742
227	16459
228	15086
229	14359
230	14003
231	13167
232	12298
233	11497
234	10443
235	9866
236	9112
237	8777
238	8596
239	8382
240	8005
241	7823
242	7521
243	8101
244	6021
245	5097
246	4883
247	4118
248	691
249	695
250	680

