## htsjdk.samtools.metrics.StringHeader
# CollectInsertSizeMetrics  --Histogram_FILE pandisease.epifluidlab.cchmc.org/results/20200420-week-17/jhu-cfdna-frag/picard_metrics/EGAR00002027795.hg19.insert_size.pdf --INPUT pandisease.epifluidlab.cchmc.org/results/20200420-week-17/jhu-cfdna-frag/filtered_bam/EGAR00002027795.hg19.filtered.bam --OUTPUT pandisease.epifluidlab.cchmc.org/results/20200420-week-17/jhu-cfdna-frag/picard_metrics/EGAR00002027795.hg19.insert_size.txt  --DEVIATIONS 10.0 --MINIMUM_PCT 0.05 --METRIC_ACCUMULATION_LEVEL ALL_READS --INCLUDE_DUPLICATES false --ASSUME_SORTED true --STOP_AFTER 0 --VERBOSITY INFO --QUIET false --VALIDATION_STRINGENCY STRICT --COMPRESSION_LEVEL 5 --MAX_RECORDS_IN_RAM 500000 --CREATE_INDEX false --CREATE_MD5_FILE false --GA4GH_CLIENT_SECRETS client_secrets.json --help false --version false --showHidden false --USE_JDK_DEFLATER false --USE_JDK_INFLATER false
## htsjdk.samtools.metrics.StringHeader
# Started on: Sun May 03 15:45:59 UTC 2020

## METRICS CLASS	picard.analysis.InsertSizeMetrics
MEDIAN_INSERT_SIZE	MODE_INSERT_SIZE	MEDIAN_ABSOLUTE_DEVIATION	MIN_INSERT_SIZE	MAX_INSERT_SIZE	MEAN_INSERT_SIZE	STANDARD_DEVIATION	READ_PAIRS	PAIR_ORIENTATION	WIDTH_OF_10_PERCENT	WIDTH_OF_20_PERCENT	WIDTH_OF_30_PERCENT	WIDTH_OF_40_PERCENT	WIDTH_OF_50_PERCENT	WIDTH_OF_60_PERCENT	WIDTH_OF_70_PERCENT	WIDTH_OF_80_PERCENT	WIDTH_OF_90_PERCENT	WIDTH_OF_95_PERCENT	WIDTH_OF_99_PERCENT	SAMPLE	LIBRARY	READ_GROUP
163	165	11	79	242	160.706895	19.465892	26762226	FR	5	9	13	17	23	29	37	47	65	85	121			

## HISTOGRAM	java.lang.Integer
insert_size	All_Reads.fr_count
79	1646
80	1467
81	1455
82	1441
83	1810
84	2688
85	2328
86	2560
87	2193
88	2508
89	2836
90	3364
91	3430
92	3033
93	3285
94	3547
95	3906
96	4280
97	3712
98	4067
99	13750
100	15771
101	17475
102	19407
103	19496
104	19819
105	19818
106	21153
107	24135
108	25963
109	29016
110	34093
111	37487
112	38493
113	36303
114	34966
115	36325
116	39768
117	44073
118	48615
119	53723
120	63113
121	77369
122	88758
123	86912
124	76007
125	68928
126	71041
127	77796
128	86737
129	97242
130	112161
131	134902
132	166328
133	194859
134	202152
135	189610
136	183864
137	198690
138	228238
139	266656
140	304162
141	329910
142	338795
143	342992
144	349370
145	356155
146	359905
147	370318
148	385116
149	399508
150	409908
151	419794
152	429868
153	427369
154	421060
155	427771
156	452881
157	488182
158	529331
159	567186
160	593818
161	616417
162	652429
163	714109
164	798314
165	863323
166	862618
167	819740
168	756437
169	698761
170	637002
171	577524
172	531481
173	500557
174	475949
175	452095
176	420506
177	381628
178	339346
179	298600
180	262651
181	233173
182	209118
183	189989
184	174950
185	163765
186	154781
187	145016
188	133999
189	123195
190	111570
191	100130
192	90173
193	81996
194	74949
195	70072
196	66128
197	62828
198	59887
199	56848
200	52644
201	49692
202	45120
203	41277
204	37992
205	35272
206	32997
207	30984
208	29636
209	27835
210	26111
211	24366
212	22432
213	20771
214	19175
215	17430
216	16526
217	15133
218	14167
219	13571
220	12956
221	12335
222	11523
223	10554
224	9683
225	8990
226	8316
227	7830
228	7472
229	7534
230	6947
231	6741
232	6435
233	6097
234	5875
235	5636
236	5196
237	4858
238	4809
239	4960
240	4399
241	4149
242	3779

