## htsjdk.samtools.metrics.StringHeader
# CollectInsertSizeMetrics  --Histogram_FILE pandisease.epifluidlab.cchmc.org/results/20200420-week-17/jhu-cfdna-frag/picard_metrics/EGAR00002027798.hg19.insert_size.pdf --INPUT pandisease.epifluidlab.cchmc.org/results/20200420-week-17/jhu-cfdna-frag/filtered_bam/EGAR00002027798.hg19.filtered.bam --OUTPUT pandisease.epifluidlab.cchmc.org/results/20200420-week-17/jhu-cfdna-frag/picard_metrics/EGAR00002027798.hg19.insert_size.txt  --DEVIATIONS 10.0 --MINIMUM_PCT 0.05 --METRIC_ACCUMULATION_LEVEL ALL_READS --INCLUDE_DUPLICATES false --ASSUME_SORTED true --STOP_AFTER 0 --VERBOSITY INFO --QUIET false --VALIDATION_STRINGENCY STRICT --COMPRESSION_LEVEL 5 --MAX_RECORDS_IN_RAM 500000 --CREATE_INDEX false --CREATE_MD5_FILE false --GA4GH_CLIENT_SECRETS client_secrets.json --help false --version false --showHidden false --USE_JDK_DEFLATER false --USE_JDK_INFLATER false
## htsjdk.samtools.metrics.StringHeader
# Started on: Sun May 03 15:46:14 UTC 2020

## METRICS CLASS	picard.analysis.InsertSizeMetrics
MEDIAN_INSERT_SIZE	MODE_INSERT_SIZE	MEDIAN_ABSOLUTE_DEVIATION	MIN_INSERT_SIZE	MAX_INSERT_SIZE	MEAN_INSERT_SIZE	STANDARD_DEVIATION	READ_PAIRS	PAIR_ORIENTATION	WIDTH_OF_10_PERCENT	WIDTH_OF_20_PERCENT	WIDTH_OF_30_PERCENT	WIDTH_OF_40_PERCENT	WIDTH_OF_50_PERCENT	WIDTH_OF_60_PERCENT	WIDTH_OF_70_PERCENT	WIDTH_OF_80_PERCENT	WIDTH_OF_90_PERCENT	WIDTH_OF_95_PERCENT	WIDTH_OF_99_PERCENT	SAMPLE	LIBRARY	READ_GROUP
167	166	10	91	245	166.502726	18.852887	26150681	FR	5	7	11	17	21	27	37	47	63	81	117			

## HISTOGRAM	java.lang.Integer
insert_size	All_Reads.fr_count
91	85
92	1538
93	1862
94	2153
95	2308
96	2731
97	2343
98	2532
99	7312
100	8099
101	8728
102	9091
103	9320
104	9445
105	9477
106	10532
107	11730
108	12319
109	13651
110	16025
111	17471
112	17899
113	17186
114	16640
115	16937
116	18394
117	19976
118	22416
119	26242
120	31552
121	39673
122	46026
123	45495
124	38064
125	33049
126	33118
127	36562
128	40928
129	46616
130	56402
131	71896
132	94597
133	116000
134	121456
135	110950
136	103605
137	111983
138	134358
139	166070
140	201107
141	227666
142	238215
143	240188
144	244502
145	247638
146	248848
147	256311
148	271068
149	289628
150	313615
151	339275
152	363560
153	365674
154	354737
155	359632
156	381972
157	421478
158	469623
159	514944
160	550756
161	574929
162	605428
163	664218
164	748546
165	816996
166	836601
167	823149
168	791285
169	753646
170	706294
171	661342
172	620003
173	596077
174	579471
175	561316
176	537262
177	502965
178	462804
179	422075
180	381127
181	345621
182	314358
183	287795
184	266477
185	251101
186	236647
187	224217
188	211127
189	196410
190	181421
191	165592
192	150327
193	136338
194	125863
195	117800
196	109670
197	104178
198	99602
199	94378
200	88431
201	81760
202	75906
203	69827
204	64618
205	59470
206	55151
207	52411
208	49311
209	46238
210	43601
211	40867
212	36869
213	34612
214	31624
215	29237
216	26838
217	24915
218	23525
219	21919
220	20476
221	19226
222	17680
223	16231
224	15097
225	13728
226	12485
227	11774
228	11189
229	10466
230	9921
231	9113
232	8438
233	8031
234	7376
235	6927
236	6402
237	5902
238	6218
239	5394
240	4511
241	4158
242	1400
243	1315
244	1286
245	1072

