## htsjdk.samtools.metrics.StringHeader
# CollectInsertSizeMetrics  --Histogram_FILE pandisease.epifluidlab.cchmc.org/results/20200420-week-17/jhu-cfdna-frag/picard_metrics/EGAR00002027888.hg19.insert_size.pdf --INPUT pandisease.epifluidlab.cchmc.org/results/20200420-week-17/jhu-cfdna-frag/filtered_bam/EGAR00002027888.hg19.filtered.bam --OUTPUT pandisease.epifluidlab.cchmc.org/results/20200420-week-17/jhu-cfdna-frag/picard_metrics/EGAR00002027888.hg19.insert_size.txt  --DEVIATIONS 10.0 --MINIMUM_PCT 0.05 --METRIC_ACCUMULATION_LEVEL ALL_READS --INCLUDE_DUPLICATES false --ASSUME_SORTED true --STOP_AFTER 0 --VERBOSITY INFO --QUIET false --VALIDATION_STRINGENCY STRICT --COMPRESSION_LEVEL 5 --MAX_RECORDS_IN_RAM 500000 --CREATE_INDEX false --CREATE_MD5_FILE false --GA4GH_CLIENT_SECRETS client_secrets.json --help false --version false --showHidden false --USE_JDK_DEFLATER false --USE_JDK_INFLATER false
## htsjdk.samtools.metrics.StringHeader
# Started on: Sun May 03 15:31:37 UTC 2020

## METRICS CLASS	picard.analysis.InsertSizeMetrics
MEDIAN_INSERT_SIZE	MODE_INSERT_SIZE	MEDIAN_ABSOLUTE_DEVIATION	MIN_INSERT_SIZE	MAX_INSERT_SIZE	MEAN_INSERT_SIZE	STANDARD_DEVIATION	READ_PAIRS	PAIR_ORIENTATION	WIDTH_OF_10_PERCENT	WIDTH_OF_20_PERCENT	WIDTH_OF_30_PERCENT	WIDTH_OF_40_PERCENT	WIDTH_OF_50_PERCENT	WIDTH_OF_60_PERCENT	WIDTH_OF_70_PERCENT	WIDTH_OF_80_PERCENT	WIDTH_OF_90_PERCENT	WIDTH_OF_95_PERCENT	WIDTH_OF_99_PERCENT	SAMPLE	LIBRARY	READ_GROUP
169	167	11	90	251	169.240561	19.168258	32229563	FR	5	9	13	17	23	29	37	47	65	81	117			

## HISTOGRAM	java.lang.Integer
insert_size	All_Reads.fr_count
90	1
91	5
92	4
93	10
94	1832
95	1853
96	2504
97	2097
98	2229
99	6745
100	7597
101	8576
102	9144
103	9105
104	9362
105	9526
106	10075
107	12039
108	13026
109	14812
110	17897
111	19692
112	20348
113	19429
114	18192
115	18537
116	19871
117	21577
118	24481
119	28545
120	35234
121	45992
122	53474
123	52630
124	42577
125	34633
126	33628
127	36080
128	40461
129	46795
130	56554
131	72708
132	97871
133	121697
134	126305
135	110764
136	98640
137	105434
138	126909
139	160730
140	200378
141	232843
142	244446
143	245170
144	248356
145	252177
146	253316
147	260378
148	279048
149	301869
150	330992
151	363125
152	391251
153	393015
154	378083
155	375261
156	395543
157	439515
158	498489
159	557497
160	604471
161	635203
162	663696
163	715675
164	801597
165	882156
166	926881
167	938495
168	932542
169	909975
170	871733
171	823705
172	784576
173	769620
174	761306
175	758938
176	746566
177	717845
178	672127
179	622858
180	571420
181	521958
182	479414
183	444032
184	417196
185	397588
186	381578
187	364746
188	347949
189	326494
190	301026
191	274832
192	248568
193	227561
194	208478
195	192868
196	181365
197	172625
198	163588
199	154391
200	144461
201	133853
202	121866
203	110764
204	101702
205	93188
206	86560
207	80854
208	75807
209	71321
210	66772
211	62144
212	57281
213	51809
214	47194
215	43132
216	39191
217	36668
218	33824
219	31913
220	29923
221	27653
222	25446
223	23452
224	21382
225	19486
226	18079
227	16607
228	15299
229	14367
230	13478
231	12487
232	11646
233	10742
234	9925
235	9037
236	8399
237	7724
238	7397
239	6959
240	7389
241	6082
242	5131
243	4997
244	4482
245	3849
246	3842
247	3766
248	3306
249	89
250	118
251	99

