## htsjdk.samtools.metrics.StringHeader
# CollectInsertSizeMetrics  --Histogram_FILE pandisease.epifluidlab.cchmc.org/results/20200420-week-17/jhu-cfdna-frag/picard_metrics/EGAR00002027793.hg19.insert_size.pdf --INPUT pandisease.epifluidlab.cchmc.org/results/20200420-week-17/jhu-cfdna-frag/filtered_bam/EGAR00002027793.hg19.filtered.bam --OUTPUT pandisease.epifluidlab.cchmc.org/results/20200420-week-17/jhu-cfdna-frag/picard_metrics/EGAR00002027793.hg19.insert_size.txt  --DEVIATIONS 10.0 --MINIMUM_PCT 0.05 --METRIC_ACCUMULATION_LEVEL ALL_READS --INCLUDE_DUPLICATES false --ASSUME_SORTED true --STOP_AFTER 0 --VERBOSITY INFO --QUIET false --VALIDATION_STRINGENCY STRICT --COMPRESSION_LEVEL 5 --MAX_RECORDS_IN_RAM 500000 --CREATE_INDEX false --CREATE_MD5_FILE false --GA4GH_CLIENT_SECRETS client_secrets.json --help false --version false --showHidden false --USE_JDK_DEFLATER false --USE_JDK_INFLATER false
## htsjdk.samtools.metrics.StringHeader
# Started on: Sun May 03 15:49:41 UTC 2020

## METRICS CLASS	picard.analysis.InsertSizeMetrics
MEDIAN_INSERT_SIZE	MODE_INSERT_SIZE	MEDIAN_ABSOLUTE_DEVIATION	MIN_INSERT_SIZE	MAX_INSERT_SIZE	MEAN_INSERT_SIZE	STANDARD_DEVIATION	READ_PAIRS	PAIR_ORIENTATION	WIDTH_OF_10_PERCENT	WIDTH_OF_20_PERCENT	WIDTH_OF_30_PERCENT	WIDTH_OF_40_PERCENT	WIDTH_OF_50_PERCENT	WIDTH_OF_60_PERCENT	WIDTH_OF_70_PERCENT	WIDTH_OF_80_PERCENT	WIDTH_OF_90_PERCENT	WIDTH_OF_95_PERCENT	WIDTH_OF_99_PERCENT	SAMPLE	LIBRARY	READ_GROUP
166	166	11	87	248	166.103855	20.030592	22401665	FR	5	9	13	17	23	29	39	49	67	87	123			

## HISTOGRAM	java.lang.Integer
insert_size	All_Reads.fr_count
87	149
88	1619
89	1619
90	1685
91	1834
92	1795
93	2023
94	1999
95	2228
96	2515
97	2185
98	2358
99	8075
100	8879
101	9555
102	10443
103	10791
104	11106
105	10955
106	11469
107	12843
108	14268
109	16251
110	18801
111	20843
112	21382
113	19903
114	18628
115	19954
116	20967
117	22867
118	25220
119	28792
120	34766
121	44575
122	51808
123	51115
124	41902
125	34961
126	34563
127	37060
128	41182
129	47005
130	56349
131	72633
132	95656
133	120681
134	125114
135	110080
136	98689
137	104072
138	123441
139	152695
140	186204
141	211256
142	220192
143	218666
144	219654
145	224002
146	222984
147	224553
148	235481
149	252208
150	271531
151	295401
152	313650
153	314525
154	301074
155	299143
156	315709
157	343941
158	382362
159	424879
160	454279
161	475248
162	496560
163	540754
164	603788
165	658111
166	673964
167	666566
168	646918
169	618196
170	583474
171	543289
172	508923
173	488641
174	475358
175	461936
176	446289
177	420573
178	388187
179	355721
180	323007
181	292226
182	266652
183	243778
184	226788
185	212052
186	201430
187	192448
188	182418
189	170937
190	158386
191	144482
192	132411
193	120814
194	111016
195	103489
196	96731
197	91777
198	88088
199	83369
200	79541
201	73825
202	68641
203	62808
204	57937
205	53504
206	49743
207	47223
208	44724
209	42380
210	39998
211	37854
212	35243
213	32566
214	29715
215	27400
216	25689
217	23412
218	22337
219	20873
220	20197
221	18762
222	17462
223	16165
224	15032
225	13503
226	12663
227	11923
228	10924
229	10479
230	9926
231	9374
232	8581
233	8069
234	7514
235	6983
236	6417
237	6095
238	5925
239	5544
240	5296
241	5538
242	4670
243	3757
244	3561
245	3469
246	3254
247	3332
248	3000

