## htsjdk.samtools.metrics.StringHeader
# CollectInsertSizeMetrics  --Histogram_FILE pandisease.epifluidlab.cchmc.org/results/20200420-week-17/jhu-cfdna-frag/picard_metrics/EGAR00002027862.hg19.insert_size.pdf --INPUT pandisease.epifluidlab.cchmc.org/results/20200420-week-17/jhu-cfdna-frag/filtered_bam/EGAR00002027862.hg19.filtered.bam --OUTPUT pandisease.epifluidlab.cchmc.org/results/20200420-week-17/jhu-cfdna-frag/picard_metrics/EGAR00002027862.hg19.insert_size.txt  --DEVIATIONS 10.0 --MINIMUM_PCT 0.05 --METRIC_ACCUMULATION_LEVEL ALL_READS --INCLUDE_DUPLICATES false --ASSUME_SORTED true --STOP_AFTER 0 --VERBOSITY INFO --QUIET false --VALIDATION_STRINGENCY STRICT --COMPRESSION_LEVEL 5 --MAX_RECORDS_IN_RAM 500000 --CREATE_INDEX false --CREATE_MD5_FILE false --GA4GH_CLIENT_SECRETS client_secrets.json --help false --version false --showHidden false --USE_JDK_DEFLATER false --USE_JDK_INFLATER false
## htsjdk.samtools.metrics.StringHeader
# Started on: Sun May 03 09:40:03 UTC 2020

## METRICS CLASS	picard.analysis.InsertSizeMetrics
MEDIAN_INSERT_SIZE	MODE_INSERT_SIZE	MEDIAN_ABSOLUTE_DEVIATION	MIN_INSERT_SIZE	MAX_INSERT_SIZE	MEAN_INSERT_SIZE	STANDARD_DEVIATION	READ_PAIRS	PAIR_ORIENTATION	WIDTH_OF_10_PERCENT	WIDTH_OF_20_PERCENT	WIDTH_OF_30_PERCENT	WIDTH_OF_40_PERCENT	WIDTH_OF_50_PERCENT	WIDTH_OF_60_PERCENT	WIDTH_OF_70_PERCENT	WIDTH_OF_80_PERCENT	WIDTH_OF_90_PERCENT	WIDTH_OF_95_PERCENT	WIDTH_OF_99_PERCENT	SAMPLE	LIBRARY	READ_GROUP
165	166	10	85	241	163.695677	18.843143	45318557	FR	5	7	11	17	21	29	37	47	63	81	115			

## HISTOGRAM	java.lang.Integer
insert_size	All_Reads.fr_count
85	2750
86	2981
87	2569
88	2914
89	3629
90	3554
91	3915
92	3734
93	3968
94	4713
95	5093
96	4878
97	4653
98	4912
99	15827
100	18351
101	19759
102	20448
103	20971
104	20685
105	20786
106	22343
107	25528
108	28051
109	31631
110	36888
111	41344
112	42565
113	40103
114	38316
115	39708
116	42210
117	46024
118	51121
119	58960
120	72543
121	95032
122	113544
123	112338
124	92844
125	77156
126	76736
127	83678
128	93939
129	108629
130	132362
131	172039
132	228652
133	282747
134	296932
135	265512
136	238088
137	249595
138	291837
139	357644
140	434607
141	492125
142	507751
143	503246
144	505254
145	507000
146	503452
147	504351
148	525588
149	559663
150	602744
151	653455
152	696218
153	693788
154	671207
155	671133
156	710217
157	779022
158	862824
159	944210
160	1006396
161	1044516
162	1095119
163	1191394
164	1338093
165	1460296
166	1486671
167	1448164
168	1376230
169	1288165
170	1189352
171	1091959
172	1010135
173	955882
174	915553
175	875678
176	827465
177	765606
178	697525
179	628819
180	565502
181	503316
182	451317
183	410609
184	377275
185	351955
186	328515
187	308665
188	288479
189	267603
190	244035
191	222511
192	201594
193	183575
194	167219
195	154655
196	144776
197	137166
198	131451
199	124747
200	117958
201	109650
202	101380
203	93116
204	85793
205	78164
206	73494
207	68290
208	64887
209	61785
210	57636
211	54062
212	49662
213	45073
214	41629
215	38587
216	35002
217	32611
218	30444
219	28470
220	26497
221	24986
222	23212
223	21486
224	19972
225	17857
226	16380
227	15202
228	14117
229	13548
230	12719
231	11862
232	11077
233	10299
234	9702
235	9056
236	8375
237	7911
238	8127
239	2186
240	1438
241	1288

