## htsjdk.samtools.metrics.StringHeader
# CollectInsertSizeMetrics  --Histogram_FILE pandisease.epifluidlab.cchmc.org/results/20200420-week-17/jhu-cfdna-frag/picard_metrics/EGAR00002027912.hg19.insert_size.pdf --INPUT pandisease.epifluidlab.cchmc.org/results/20200420-week-17/jhu-cfdna-frag/filtered_bam/EGAR00002027912.hg19.filtered.bam --OUTPUT pandisease.epifluidlab.cchmc.org/results/20200420-week-17/jhu-cfdna-frag/picard_metrics/EGAR00002027912.hg19.insert_size.txt  --DEVIATIONS 10.0 --MINIMUM_PCT 0.05 --METRIC_ACCUMULATION_LEVEL ALL_READS --INCLUDE_DUPLICATES false --ASSUME_SORTED true --STOP_AFTER 0 --VERBOSITY INFO --QUIET false --VALIDATION_STRINGENCY STRICT --COMPRESSION_LEVEL 5 --MAX_RECORDS_IN_RAM 500000 --CREATE_INDEX false --CREATE_MD5_FILE false --GA4GH_CLIENT_SECRETS client_secrets.json --help false --version false --showHidden false --USE_JDK_DEFLATER false --USE_JDK_INFLATER false
## htsjdk.samtools.metrics.StringHeader
# Started on: Sun May 03 05:56:55 UTC 2020

## METRICS CLASS	picard.analysis.InsertSizeMetrics
MEDIAN_INSERT_SIZE	MODE_INSERT_SIZE	MEDIAN_ABSOLUTE_DEVIATION	MIN_INSERT_SIZE	MAX_INSERT_SIZE	MEAN_INSERT_SIZE	STANDARD_DEVIATION	READ_PAIRS	PAIR_ORIENTATION	WIDTH_OF_10_PERCENT	WIDTH_OF_20_PERCENT	WIDTH_OF_30_PERCENT	WIDTH_OF_40_PERCENT	WIDTH_OF_50_PERCENT	WIDTH_OF_60_PERCENT	WIDTH_OF_70_PERCENT	WIDTH_OF_80_PERCENT	WIDTH_OF_90_PERCENT	WIDTH_OF_95_PERCENT	WIDTH_OF_99_PERCENT	SAMPLE	LIBRARY	READ_GROUP
168	166	11	92	246	167.731029	19.11767	206496773	FR	5	9	13	17	23	29	37	47	65	81	117			

## HISTOGRAM	java.lang.Integer
insert_size	All_Reads.fr_count
92	10362
93	11118
94	11680
95	13087
96	13215
97	12083
98	14819
99	46544
100	52676
101	57867
102	61210
103	63544
104	67165
105	67722
106	73385
107	82248
108	92971
109	107241
110	129537
111	146142
112	150873
113	140088
114	132681
115	138064
116	148587
117	166735
118	189115
119	215156
120	261811
121	332306
122	389565
123	383329
124	316116
125	265116
126	263191
127	283408
128	314178
129	358895
130	431217
131	544915
132	712714
133	875443
134	910193
135	821388
136	754246
137	806321
138	962241
139	1189280
140	1446044
141	1646369
142	1714961
143	1718729
144	1750191
145	1795019
146	1815754
147	1867172
148	1992366
149	2139158
150	2307252
151	2497596
152	2657334
153	2671711
154	2592091
155	2617859
156	2796954
157	3086975
158	3432788
159	3773003
160	4023126
161	4195860
162	4390914
163	4790975
164	5399445
165	5949954
166	6176082
167	6155846
168	6008042
169	5778508
170	5475759
171	5162816
172	4918642
173	4792412
174	4744387
175	4714370
176	4605238
177	4387103
178	4081884
179	3741664
180	3411737
181	3103932
182	2845059
183	2631914
184	2471752
185	2350517
186	2238436
187	2131710
188	2013408
189	1868783
190	1714972
191	1557028
192	1410911
193	1281747
194	1175433
195	1091085
196	1021929
197	962701
198	906100
199	850942
200	790042
201	725205
202	661309
203	602593
204	551540
205	504718
206	468131
207	434518
208	407923
209	384678
210	357829
211	330239
212	303031
213	277766
214	253387
215	232667
216	214605
217	197905
218	185613
219	172764
220	161440
221	151246
222	139989
223	128448
224	118310
225	108415
226	98841
227	92333
228	86305
229	81726
230	77600
231	71826
232	67147
233	61851
234	57573
235	53621
236	50331
237	47163
238	45391
239	43201
240	42174
241	41668
242	38599
243	33627
244	32161
245	37679
246	27408

