## htsjdk.samtools.metrics.StringHeader
# CollectInsertSizeMetrics  --Histogram_FILE pandisease.epifluidlab.cchmc.org/results/20200420-week-17/jhu-cfdna-frag/picard_metrics/EGAR00002027868.hg19.insert_size.pdf --INPUT pandisease.epifluidlab.cchmc.org/results/20200420-week-17/jhu-cfdna-frag/filtered_bam/EGAR00002027868.hg19.filtered.bam --OUTPUT pandisease.epifluidlab.cchmc.org/results/20200420-week-17/jhu-cfdna-frag/picard_metrics/EGAR00002027868.hg19.insert_size.txt  --DEVIATIONS 10.0 --MINIMUM_PCT 0.05 --METRIC_ACCUMULATION_LEVEL ALL_READS --INCLUDE_DUPLICATES false --ASSUME_SORTED true --STOP_AFTER 0 --VERBOSITY INFO --QUIET false --VALIDATION_STRINGENCY STRICT --COMPRESSION_LEVEL 5 --MAX_RECORDS_IN_RAM 500000 --CREATE_INDEX false --CREATE_MD5_FILE false --GA4GH_CLIENT_SECRETS client_secrets.json --help false --version false --showHidden false --USE_JDK_DEFLATER false --USE_JDK_INFLATER false
## htsjdk.samtools.metrics.StringHeader
# Started on: Sun May 03 15:31:05 UTC 2020

## METRICS CLASS	picard.analysis.InsertSizeMetrics
MEDIAN_INSERT_SIZE	MODE_INSERT_SIZE	MEDIAN_ABSOLUTE_DEVIATION	MIN_INSERT_SIZE	MAX_INSERT_SIZE	MEAN_INSERT_SIZE	STANDARD_DEVIATION	READ_PAIRS	PAIR_ORIENTATION	WIDTH_OF_10_PERCENT	WIDTH_OF_20_PERCENT	WIDTH_OF_30_PERCENT	WIDTH_OF_40_PERCENT	WIDTH_OF_50_PERCENT	WIDTH_OF_60_PERCENT	WIDTH_OF_70_PERCENT	WIDTH_OF_80_PERCENT	WIDTH_OF_90_PERCENT	WIDTH_OF_95_PERCENT	WIDTH_OF_99_PERCENT	SAMPLE	LIBRARY	READ_GROUP
167	167	12	80	255	165.868836	20.749623	34328577	FR	5	9	13	19	25	31	41	51	69	89	127			

## HISTOGRAM	java.lang.Integer
insert_size	All_Reads.fr_count
80	1990
81	1914
82	1874
83	2147
84	2413
85	2601
86	2501
87	2200
88	2597
89	2877
90	2786
91	3339
92	2962
93	3145
94	3318
95	3403
96	3709
97	3584
98	3895
99	13464
100	15277
101	16976
102	17791
103	18671
104	19079
105	19073
106	20357
107	23004
108	25218
109	29131
110	35358
111	40410
112	41236
113	37825
114	35417
115	35564
116	38310
117	41673
118	46639
119	52936
120	65625
121	83671
122	98770
123	96420
124	78495
125	64104
126	61159
127	65598
128	72644
129	82599
130	100358
131	125685
132	163234
133	198710
134	204820
135	181785
136	160577
137	166589
138	193926
139	237110
140	290218
141	331601
142	343141
143	343084
144	342967
145	347696
146	346631
147	349699
148	365046
149	386045
150	413353
151	445390
152	472232
153	472497
154	450502
155	446796
156	465942
157	508161
158	562002
159	620711
160	665103
161	690876
162	716427
163	768293
164	849411
165	928635
166	962899
167	964085
168	942248
169	909945
170	861186
171	809789
172	767173
173	740774
174	728373
175	714391
176	694374
177	658247
178	614926
179	565218
180	518290
181	471077
182	430362
183	398130
184	370905
185	348253
186	330993
187	315178
188	296793
189	277194
190	255148
191	233189
192	212080
193	193452
194	177585
195	165455
196	154912
197	146202
198	139262
199	132241
200	123827
201	115301
202	105482
203	97150
204	89210
205	82224
206	76452
207	71607
208	67133
209	63676
210	60052
211	55589
212	51535
213	47794
214	43675
215	40603
216	36755
217	34208
218	32341
219	30102
220	28450
221	26830
222	24762
223	22975
224	21314
225	19273
226	17890
227	16559
228	15757
229	14780
230	14110
231	13181
232	12225
233	11481
234	10904
235	9916
236	9491
237	8671
238	8341
239	8170
240	7943
241	7662
242	7650
243	6868
244	6638
245	6486
246	6200
247	6709
248	5530
249	4685
250	4822
251	4700
252	4230
253	2430
254	2548
255	2349

