## htsjdk.samtools.metrics.StringHeader
# CollectInsertSizeMetrics  --Histogram_FILE pandisease.epifluidlab.cchmc.org/results/20200420-week-17/jhu-cfdna-frag/picard_metrics/EGAR00002027792.hg19.insert_size.pdf --INPUT pandisease.epifluidlab.cchmc.org/results/20200420-week-17/jhu-cfdna-frag/filtered_bam/EGAR00002027792.hg19.filtered.bam --OUTPUT pandisease.epifluidlab.cchmc.org/results/20200420-week-17/jhu-cfdna-frag/picard_metrics/EGAR00002027792.hg19.insert_size.txt  --DEVIATIONS 10.0 --MINIMUM_PCT 0.05 --METRIC_ACCUMULATION_LEVEL ALL_READS --INCLUDE_DUPLICATES false --ASSUME_SORTED true --STOP_AFTER 0 --VERBOSITY INFO --QUIET false --VALIDATION_STRINGENCY STRICT --COMPRESSION_LEVEL 5 --MAX_RECORDS_IN_RAM 500000 --CREATE_INDEX false --CREATE_MD5_FILE false --GA4GH_CLIENT_SECRETS client_secrets.json --help false --version false --showHidden false --USE_JDK_DEFLATER false --USE_JDK_INFLATER false
## htsjdk.samtools.metrics.StringHeader
# Started on: Sun May 03 15:37:59 UTC 2020

## METRICS CLASS	picard.analysis.InsertSizeMetrics
MEDIAN_INSERT_SIZE	MODE_INSERT_SIZE	MEDIAN_ABSOLUTE_DEVIATION	MIN_INSERT_SIZE	MAX_INSERT_SIZE	MEAN_INSERT_SIZE	STANDARD_DEVIATION	READ_PAIRS	PAIR_ORIENTATION	WIDTH_OF_10_PERCENT	WIDTH_OF_20_PERCENT	WIDTH_OF_30_PERCENT	WIDTH_OF_40_PERCENT	WIDTH_OF_50_PERCENT	WIDTH_OF_60_PERCENT	WIDTH_OF_70_PERCENT	WIDTH_OF_80_PERCENT	WIDTH_OF_90_PERCENT	WIDTH_OF_95_PERCENT	WIDTH_OF_99_PERCENT	SAMPLE	LIBRARY	READ_GROUP
166	166	11	79	254	165.53256	20.338613	31643385	FR	5	9	13	19	23	31	39	51	67	87	123			

## HISTOGRAM	java.lang.Integer
insert_size	All_Reads.fr_count
79	1
80	131
81	116
82	288
83	460
84	2940
85	2628
86	2735
87	2364
88	3105
89	3369
90	3441
91	3486
92	3147
93	3502
94	4084
95	4397
96	4433
97	3935
98	4171
99	11675
100	13419
101	14628
102	14909
103	15248
104	15362
105	15349
106	16562
107	18308
108	19847
109	22985
110	27699
111	31005
112	32148
113	30506
114	29141
115	29338
116	31145
117	33750
118	37851
119	43871
120	54197
121	69497
122	82073
123	81121
124	67355
125	55545
126	54486
127	59261
128	65623
129	75789
130	91041
131	115517
132	151378
133	186609
134	193650
135	173128
136	154829
137	160296
138	186042
139	226629
140	276915
141	316884
142	331739
143	329779
144	334044
145	338184
146	335812
147	337321
148	348576
149	369440
150	395207
151	424460
152	451506
153	450697
154	432931
155	429726
156	449558
157	487916
158	538745
159	588892
160	628087
161	654131
162	681340
163	728885
164	805478
165	875159
166	904444
167	898281
168	872758
169	839795
170	794251
171	744221
172	702829
173	676045
174	662174
175	645521
176	624407
177	589358
178	546161
179	501098
180	456968
181	415257
182	379402
183	349673
184	325734
185	307685
186	290705
187	276266
188	262087
189	245195
190	225315
191	206245
192	187566
193	171616
194	157678
195	146735
196	137357
197	130359
198	123833
199	117845
200	110748
201	102800
202	94827
203	86806
204	80278
205	73575
206	68654
207	63687
208	60940
209	57238
210	54064
211	50861
212	46586
213	42721
214	39507
215	35592
216	33083
217	30867
218	28746
219	27444
220	25680
221	24039
222	22158
223	20616
224	18780
225	17264
226	15909
227	14893
228	14110
229	12943
230	12449
231	11577
232	10702
233	10031
234	9515
235	8434
236	7844
237	7556
238	7093
239	6878
240	6465
241	6258
242	5999
243	5727
244	6182
245	4901
246	4119
247	4004
248	3671
249	3584
250	3647
251	3200
252	110
253	108
254	94

