## htsjdk.samtools.metrics.StringHeader
# CollectInsertSizeMetrics  --Histogram_FILE pandisease.epifluidlab.cchmc.org/results/20200420-week-17/jhu-cfdna-frag/picard_metrics/EGAR00002027871.hg19.insert_size.pdf --INPUT pandisease.epifluidlab.cchmc.org/results/20200420-week-17/jhu-cfdna-frag/filtered_bam/EGAR00002027871.hg19.filtered.bam --OUTPUT pandisease.epifluidlab.cchmc.org/results/20200420-week-17/jhu-cfdna-frag/picard_metrics/EGAR00002027871.hg19.insert_size.txt  --DEVIATIONS 10.0 --MINIMUM_PCT 0.05 --METRIC_ACCUMULATION_LEVEL ALL_READS --INCLUDE_DUPLICATES false --ASSUME_SORTED true --STOP_AFTER 0 --VERBOSITY INFO --QUIET false --VALIDATION_STRINGENCY STRICT --COMPRESSION_LEVEL 5 --MAX_RECORDS_IN_RAM 500000 --CREATE_INDEX false --CREATE_MD5_FILE false --GA4GH_CLIENT_SECRETS client_secrets.json --help false --version false --showHidden false --USE_JDK_DEFLATER false --USE_JDK_INFLATER false
## htsjdk.samtools.metrics.StringHeader
# Started on: Sun May 03 15:44:58 UTC 2020

## METRICS CLASS	picard.analysis.InsertSizeMetrics
MEDIAN_INSERT_SIZE	MODE_INSERT_SIZE	MEDIAN_ABSOLUTE_DEVIATION	MIN_INSERT_SIZE	MAX_INSERT_SIZE	MEAN_INSERT_SIZE	STANDARD_DEVIATION	READ_PAIRS	PAIR_ORIENTATION	WIDTH_OF_10_PERCENT	WIDTH_OF_20_PERCENT	WIDTH_OF_30_PERCENT	WIDTH_OF_40_PERCENT	WIDTH_OF_50_PERCENT	WIDTH_OF_60_PERCENT	WIDTH_OF_70_PERCENT	WIDTH_OF_80_PERCENT	WIDTH_OF_90_PERCENT	WIDTH_OF_95_PERCENT	WIDTH_OF_99_PERCENT	SAMPLE	LIBRARY	READ_GROUP
165	166	11	82	246	164.351652	19.730176	31168786	FR	5	9	13	17	23	29	37	49	65	85	121			

## HISTOGRAM	java.lang.Integer
insert_size	All_Reads.fr_count
82	1631
83	1846
84	2195
85	1951
86	2399
87	2172
88	2474
89	2660
90	2693
91	2994
92	2708
93	3062
94	3250
95	3361
96	3550
97	3149
98	3748
99	12473
100	14330
101	15590
102	16458
103	16762
104	17890
105	18079
106	19475
107	21767
108	23848
109	27339
110	32382
111	36875
112	37762
113	35330
114	32920
115	33670
116	36292
117	39408
118	43662
119	49687
120	61312
121	75969
122	87490
123	84959
124	70706
125	59576
126	58588
127	63007
128	70000
129	79183
130	94541
131	118499
132	152271
133	186668
134	191942
135	172011
136	155363
137	163613
138	191835
139	233429
140	279019
141	315425
142	326164
143	323803
144	326048
145	327278
146	325353
147	329480
148	343470
149	367317
150	393929
151	423636
152	449328
153	448492
154	433325
155	433371
156	456495
157	499295
158	553786
159	608834
160	650369
161	680436
162	713621
163	775801
164	871170
165	949474
166	970921
167	949834
168	912054
169	864396
170	808124
171	749433
172	701137
173	668501
174	646609
175	625405
176	595058
177	557693
178	512387
179	464609
180	420009
181	380524
182	345280
183	316743
184	292564
185	274399
186	257947
187	244265
188	229303
189	213921
190	195799
191	178279
192	161399
193	147144
194	134113
195	123719
196	115235
197	109209
198	102541
199	96910
200	91031
201	84198
202	77700
203	70994
204	65153
205	58837
206	54818
207	50884
208	47885
209	45392
210	42867
211	39735
212	36554
213	33627
214	30597
215	28175
216	26156
217	23796
218	22489
219	21334
220	19835
221	18647
222	17422
223	15736
224	14644
225	13283
226	12233
227	11512
228	10647
229	10133
230	9824
231	9110
232	8350
233	7918
234	7237
235	6781
236	6353
237	6078
238	5914
239	5684
240	5477
241	5366
242	5573
243	4442
244	3151
245	3264
246	2963

