## htsjdk.samtools.metrics.StringHeader
# CollectInsertSizeMetrics  --Histogram_FILE pandisease.epifluidlab.cchmc.org/results/20200420-week-17/jhu-cfdna-frag/picard_metrics/EGAR00002027872.hg19.insert_size.pdf --INPUT pandisease.epifluidlab.cchmc.org/results/20200420-week-17/jhu-cfdna-frag/filtered_bam/EGAR00002027872.hg19.filtered.bam --OUTPUT pandisease.epifluidlab.cchmc.org/results/20200420-week-17/jhu-cfdna-frag/picard_metrics/EGAR00002027872.hg19.insert_size.txt  --DEVIATIONS 10.0 --MINIMUM_PCT 0.05 --METRIC_ACCUMULATION_LEVEL ALL_READS --INCLUDE_DUPLICATES false --ASSUME_SORTED true --STOP_AFTER 0 --VERBOSITY INFO --QUIET false --VALIDATION_STRINGENCY STRICT --COMPRESSION_LEVEL 5 --MAX_RECORDS_IN_RAM 500000 --CREATE_INDEX false --CREATE_MD5_FILE false --GA4GH_CLIENT_SECRETS client_secrets.json --help false --version false --showHidden false --USE_JDK_DEFLATER false --USE_JDK_INFLATER false
## htsjdk.samtools.metrics.StringHeader
# Started on: Sun May 03 15:23:43 UTC 2020

## METRICS CLASS	picard.analysis.InsertSizeMetrics
MEDIAN_INSERT_SIZE	MODE_INSERT_SIZE	MEDIAN_ABSOLUTE_DEVIATION	MIN_INSERT_SIZE	MAX_INSERT_SIZE	MEAN_INSERT_SIZE	STANDARD_DEVIATION	READ_PAIRS	PAIR_ORIENTATION	WIDTH_OF_10_PERCENT	WIDTH_OF_20_PERCENT	WIDTH_OF_30_PERCENT	WIDTH_OF_40_PERCENT	WIDTH_OF_50_PERCENT	WIDTH_OF_60_PERCENT	WIDTH_OF_70_PERCENT	WIDTH_OF_80_PERCENT	WIDTH_OF_90_PERCENT	WIDTH_OF_95_PERCENT	WIDTH_OF_99_PERCENT	SAMPLE	LIBRARY	READ_GROUP
165	166	11	82	245	163.945852	19.483278	35476986	FR	5	9	13	17	23	29	37	49	65	85	119			

## HISTOGRAM	java.lang.Integer
insert_size	All_Reads.fr_count
82	1652
83	1970
84	2113
85	1826
86	1860
87	1891
88	2331
89	2604
90	2620
91	2524
92	2701
93	2970
94	3021
95	3338
96	3440
97	2859
98	3728
99	14114
100	16203
101	17753
102	18428
103	18942
104	19117
105	19690
106	21019
107	23809
108	26523
109	30523
110	37170
111	41531
112	42996
113	39526
114	37335
115	37968
116	40356
117	44583
118	49496
119	56497
120	70101
121	88531
122	103266
123	100864
124	82623
125	68346
126	66902
127	72423
128	79740
129	91086
130	110311
131	138923
132	180205
133	220936
134	229513
135	203689
136	182566
137	191131
138	224821
139	273830
140	330681
141	372025
142	384866
143	382275
144	384158
145	386062
146	381544
147	383691
148	401264
149	428011
150	459645
151	494272
152	523807
153	521753
154	501997
155	501485
156	529642
157	577276
158	639256
159	699731
160	747020
161	780001
162	818401
163	888010
164	995966
165	1084518
166	1107345
167	1082004
168	1037155
169	980841
170	912986
171	846184
172	789275
173	754436
174	726049
175	701336
176	670114
177	624380
178	573578
179	520877
180	470569
181	425147
182	384820
183	351692
184	326650
185	305993
186	286953
187	271251
188	254347
189	236207
190	216608
191	196407
192	177826
193	161734
194	148494
195	135481
196	126536
197	118587
198	111996
199	106452
200	98393
201	91039
202	83603
203	76584
204	69905
205	63774
206	58887
207	54771
208	52327
209	48640
210	45639
211	42331
212	39174
213	35273
214	32257
215	29806
216	27404
217	25408
218	23630
219	22217
220	20687
221	19529
222	18006
223	16445
224	15041
225	13703
226	12645
227	11716
228	10830
229	10398
230	10064
231	9097
232	8648
233	7870
234	7255
235	6752
236	6482
237	6056
238	5577
239	5452
240	5417
241	5343
242	5553
243	1298
244	817
245	742

