## htsjdk.samtools.metrics.StringHeader
# CollectInsertSizeMetrics  --Histogram_FILE pandisease.epifluidlab.cchmc.org/results/20200420-week-17/jhu-cfdna-frag/picard_metrics/EGAR00002027839.hg19.insert_size.pdf --INPUT pandisease.epifluidlab.cchmc.org/results/20200420-week-17/jhu-cfdna-frag/filtered_bam/EGAR00002027839.hg19.filtered.bam --OUTPUT pandisease.epifluidlab.cchmc.org/results/20200420-week-17/jhu-cfdna-frag/picard_metrics/EGAR00002027839.hg19.insert_size.txt  --DEVIATIONS 10.0 --MINIMUM_PCT 0.05 --METRIC_ACCUMULATION_LEVEL ALL_READS --INCLUDE_DUPLICATES false --ASSUME_SORTED true --STOP_AFTER 0 --VERBOSITY INFO --QUIET false --VALIDATION_STRINGENCY STRICT --COMPRESSION_LEVEL 5 --MAX_RECORDS_IN_RAM 500000 --CREATE_INDEX false --CREATE_MD5_FILE false --GA4GH_CLIENT_SECRETS client_secrets.json --help false --version false --showHidden false --USE_JDK_DEFLATER false --USE_JDK_INFLATER false
## htsjdk.samtools.metrics.StringHeader
# Started on: Sun May 03 09:15:23 UTC 2020

## METRICS CLASS	picard.analysis.InsertSizeMetrics
MEDIAN_INSERT_SIZE	MODE_INSERT_SIZE	MEDIAN_ABSOLUTE_DEVIATION	MIN_INSERT_SIZE	MAX_INSERT_SIZE	MEAN_INSERT_SIZE	STANDARD_DEVIATION	READ_PAIRS	PAIR_ORIENTATION	WIDTH_OF_10_PERCENT	WIDTH_OF_20_PERCENT	WIDTH_OF_30_PERCENT	WIDTH_OF_40_PERCENT	WIDTH_OF_50_PERCENT	WIDTH_OF_60_PERCENT	WIDTH_OF_70_PERCENT	WIDTH_OF_80_PERCENT	WIDTH_OF_90_PERCENT	WIDTH_OF_95_PERCENT	WIDTH_OF_99_PERCENT	SAMPLE	LIBRARY	READ_GROUP
168	167	12	72	268	168.206759	22.125901	48282257	FR	5	9	13	19	25	33	43	55	73	95	133			

## HISTOGRAM	java.lang.Integer
insert_size	All_Reads.fr_count
72	2
73	4
74	4
75	5
76	27
77	34
78	36
79	458
80	561
81	489
82	2418
83	2869
84	3300
85	3371
86	3497
87	2881
88	3225
89	3591
90	3818
91	4112
92	3851
93	4065
94	4317
95	4343
96	4385
97	4632
98	5041
99	23332
100	26867
101	29572
102	30484
103	30433
104	30776
105	30015
106	31259
107	34014
108	37667
109	44213
110	52924
111	58873
112	59742
113	53034
114	48828
115	48103
116	50512
117	54787
118	61142
119	70747
120	87075
121	112210
122	131215
123	125886
124	100489
125	81047
126	76548
127	81450
128	88948
129	101903
130	123592
131	158470
132	206752
133	252531
134	258632
135	226795
136	199444
137	202983
138	235149
139	291041
140	360288
141	416193
142	435422
143	432377
144	436879
145	444442
146	442945
147	446147
148	463622
149	489637
150	527182
151	573902
152	616030
153	616080
154	588586
155	581126
156	604947
157	657603
158	725160
159	801872
160	864959
161	906068
162	938995
163	997724
164	1091604
165	1177344
166	1220857
167	1238778
168	1231694
169	1211462
170	1166570
171	1113381
172	1059477
173	1028930
174	1012719
175	1001587
176	980726
177	944292
178	892345
179	835231
180	775037
181	714260
182	663198
183	619163
184	582128
185	555073
186	532042
187	509727
188	488391
189	463484
190	432794
191	400699
192	368311
193	340110
194	314710
195	293868
196	279334
197	266206
198	255594
199	243865
200	230144
201	216987
202	200509
203	185051
204	171369
205	158440
206	149243
207	139325
208	132754
209	126698
210	119983
211	111946
212	104743
213	96716
214	89559
215	82910
216	76606
217	70776
218	66880
219	63724
220	59953
221	56396
222	53031
223	48681
224	45248
225	41972
226	38786
227	35657
228	33723
229	31794
230	30031
231	28031
232	26612
233	25088
234	23007
235	21391
236	19762
237	18241
238	17303
239	16611
240	15740
241	14992
242	14445
243	13830
244	13026
245	12315
246	11489
247	11096
248	10748
249	11241
250	9687
251	8275
252	8192
253	7959
254	7467
255	7195
256	6830
257	6679
258	6433
259	6016
260	6241
261	6148
262	5958
263	2023
264	2176
265	2031
266	103
267	136
268	108

