## htsjdk.samtools.metrics.StringHeader
# CollectInsertSizeMetrics  --Histogram_FILE pandisease.epifluidlab.cchmc.org/results/20200420-week-17/jhu-cfdna-frag/picard_metrics/EGAR00002027866.hg19.insert_size.pdf --INPUT pandisease.epifluidlab.cchmc.org/results/20200420-week-17/jhu-cfdna-frag/filtered_bam/EGAR00002027866.hg19.filtered.bam --OUTPUT pandisease.epifluidlab.cchmc.org/results/20200420-week-17/jhu-cfdna-frag/picard_metrics/EGAR00002027866.hg19.insert_size.txt  --DEVIATIONS 10.0 --MINIMUM_PCT 0.05 --METRIC_ACCUMULATION_LEVEL ALL_READS --INCLUDE_DUPLICATES false --ASSUME_SORTED true --STOP_AFTER 0 --VERBOSITY INFO --QUIET false --VALIDATION_STRINGENCY STRICT --COMPRESSION_LEVEL 5 --MAX_RECORDS_IN_RAM 500000 --CREATE_INDEX false --CREATE_MD5_FILE false --GA4GH_CLIENT_SECRETS client_secrets.json --help false --version false --showHidden false --USE_JDK_DEFLATER false --USE_JDK_INFLATER false
## htsjdk.samtools.metrics.StringHeader
# Started on: Sun May 03 12:59:18 UTC 2020

## METRICS CLASS	picard.analysis.InsertSizeMetrics
MEDIAN_INSERT_SIZE	MODE_INSERT_SIZE	MEDIAN_ABSOLUTE_DEVIATION	MIN_INSERT_SIZE	MAX_INSERT_SIZE	MEAN_INSERT_SIZE	STANDARD_DEVIATION	READ_PAIRS	PAIR_ORIENTATION	WIDTH_OF_10_PERCENT	WIDTH_OF_20_PERCENT	WIDTH_OF_30_PERCENT	WIDTH_OF_40_PERCENT	WIDTH_OF_50_PERCENT	WIDTH_OF_60_PERCENT	WIDTH_OF_70_PERCENT	WIDTH_OF_80_PERCENT	WIDTH_OF_90_PERCENT	WIDTH_OF_95_PERCENT	WIDTH_OF_99_PERCENT	SAMPLE	LIBRARY	READ_GROUP
166	166	12	80	254	165.575401	20.45815	43466107	FR	5	9	13	19	25	31	39	51	69	87	123			

## HISTOGRAM	java.lang.Integer
insert_size	All_Reads.fr_count
80	2065
81	1981
82	2010
83	2447
84	2713
85	2798
86	2922
87	2448
88	2930
89	3277
90	3190
91	3696
92	3412
93	3534
94	3814
95	4004
96	4200
97	4178
98	4556
99	17334
100	19799
101	21999
102	23077
103	23725
104	24045
105	23681
106	25175
107	27746
108	31583
109	36947
110	45103
111	52389
112	54045
113	49177
114	44991
115	45354
116	48419
117	53366
118	60096
119	69143
120	87152
121	111347
122	130867
123	126574
124	101845
125	82023
126	77059
127	82512
128	90447
129	103663
130	126588
131	160065
132	208933
133	255709
134	262889
135	232156
136	206275
137	213703
138	250606
139	308335
140	376400
141	427654
142	441219
143	437175
144	438782
145	442172
146	439900
147	445078
148	465044
149	494313
150	526735
151	564920
152	599955
153	595027
154	570469
155	566901
156	596609
157	652137
158	723377
159	795434
160	846225
161	878140
162	909222
163	977902
164	1089706
165	1192516
166	1233844
167	1229876
168	1198444
169	1151424
170	1083088
171	1017719
172	960351
173	928440
174	910269
175	900908
176	876850
177	834985
178	780022
179	714393
180	653365
181	591913
182	543037
183	498063
184	466052
185	441953
186	420599
187	402218
188	381547
189	357093
190	328544
191	298476
192	270548
193	246685
194	224131
195	208367
196	195551
197	184944
198	175332
199	165502
200	155018
201	143547
202	130076
203	119770
204	109062
205	98866
206	92173
207	86333
208	80549
209	75877
210	71373
211	66347
212	61281
213	56454
214	50799
215	46654
216	42225
217	39267
218	36890
219	34614
220	32466
221	30619
222	28341
223	26234
224	23858
225	21586
226	19912
227	18436
228	17222
229	16529
230	15479
231	14385
232	13319
233	12523
234	11552
235	10767
236	9960
237	9237
238	8770
239	8537
240	8287
241	7953
242	7731
243	7110
244	6871
245	6561
246	6373
247	6513
248	5223
249	4179
250	4417
251	4007
252	102
253	87
254	124

