## htsjdk.samtools.metrics.StringHeader
# CollectInsertSizeMetrics  --Histogram_FILE pandisease.epifluidlab.cchmc.org/results/20200420-week-17/jhu-cfdna-frag/picard_metrics/EGAR00002027859.hg19.insert_size.pdf --INPUT pandisease.epifluidlab.cchmc.org/results/20200420-week-17/jhu-cfdna-frag/filtered_bam/EGAR00002027859.hg19.filtered.bam --OUTPUT pandisease.epifluidlab.cchmc.org/results/20200420-week-17/jhu-cfdna-frag/picard_metrics/EGAR00002027859.hg19.insert_size.txt  --DEVIATIONS 10.0 --MINIMUM_PCT 0.05 --METRIC_ACCUMULATION_LEVEL ALL_READS --INCLUDE_DUPLICATES false --ASSUME_SORTED true --STOP_AFTER 0 --VERBOSITY INFO --QUIET false --VALIDATION_STRINGENCY STRICT --COMPRESSION_LEVEL 5 --MAX_RECORDS_IN_RAM 500000 --CREATE_INDEX false --CREATE_MD5_FILE false --GA4GH_CLIENT_SECRETS client_secrets.json --help false --version false --showHidden false --USE_JDK_DEFLATER false --USE_JDK_INFLATER false
## htsjdk.samtools.metrics.StringHeader
# Started on: Sun May 03 09:04:02 UTC 2020

## METRICS CLASS	picard.analysis.InsertSizeMetrics
MEDIAN_INSERT_SIZE	MODE_INSERT_SIZE	MEDIAN_ABSOLUTE_DEVIATION	MIN_INSERT_SIZE	MAX_INSERT_SIZE	MEAN_INSERT_SIZE	STANDARD_DEVIATION	READ_PAIRS	PAIR_ORIENTATION	WIDTH_OF_10_PERCENT	WIDTH_OF_20_PERCENT	WIDTH_OF_30_PERCENT	WIDTH_OF_40_PERCENT	WIDTH_OF_50_PERCENT	WIDTH_OF_60_PERCENT	WIDTH_OF_70_PERCENT	WIDTH_OF_80_PERCENT	WIDTH_OF_90_PERCENT	WIDTH_OF_95_PERCENT	WIDTH_OF_99_PERCENT	SAMPLE	LIBRARY	READ_GROUP
167	166	11	81	252	166.932986	20.384307	45995521	FR	5	9	13	19	23	31	39	51	69	87	123			

## HISTOGRAM	java.lang.Integer
insert_size	All_Reads.fr_count
81	343
82	441
83	474
84	668
85	2652
86	2776
87	2244
88	3160
89	3653
90	3593
91	3630
92	3182
93	3582
94	4394
95	4307
96	4524
97	3870
98	4225
99	15857
100	18436
101	20088
102	20461
103	21004
104	20867
105	20825
106	22224
107	25497
108	28092
109	32806
110	39565
111	44717
112	45603
113	41093
114	38661
115	39349
116	42084
117	45958
118	51695
119	59900
120	74711
121	97462
122	116164
123	113410
124	91047
125	72263
126	68329
127	73380
128	81213
129	93468
130	115039
131	147478
132	197353
133	245635
134	254219
135	223086
136	196852
137	202585
138	238805
139	296673
140	368869
141	422265
142	436817
143	429235
144	432254
145	438823
146	438453
147	441957
148	464223
149	494974
150	532093
151	581489
152	624108
153	622146
154	592157
155	586998
156	618628
157	677507
158	756032
159	836615
160	894367
161	926271
162	958649
163	1026132
164	1139350
165	1243888
166	1289914
167	1289886
168	1265242
169	1221130
170	1158184
171	1084875
172	1026144
173	990732
174	974178
175	962368
176	939639
177	898252
178	847332
179	784062
180	720430
181	657971
182	602391
183	556422
184	521456
185	494805
186	474953
187	455607
188	434351
189	409441
190	378354
191	347591
192	315958
193	288742
194	265118
195	247176
196	232366
197	219308
198	209462
199	199247
200	187487
201	174730
202	159945
203	146591
204	133843
205	122189
206	113956
207	107469
208	100249
209	95030
210	89414
211	83893
212	77498
213	70658
214	64240
215	59452
216	54028
217	50313
218	46737
219	44026
220	41587
221	38719
222	35991
223	32831
224	29934
225	27574
226	25417
227	23439
228	22001
229	20649
230	19014
231	17838
232	16631
233	15418
234	14261
235	13316
236	12039
237	11219
238	10520
239	10065
240	9977
241	9595
242	8875
243	8501
244	7978
245	8344
246	7019
247	6008
248	5979
249	5397
250	1543
251	1585
252	1450

