## htsjdk.samtools.metrics.StringHeader
# CollectInsertSizeMetrics  --Histogram_FILE pandisease.epifluidlab.cchmc.org/results/20200420-week-17/jhu-cfdna-frag/picard_metrics/EGAR00002027878.hg19.insert_size.pdf --INPUT pandisease.epifluidlab.cchmc.org/results/20200420-week-17/jhu-cfdna-frag/filtered_bam/EGAR00002027878.hg19.filtered.bam --OUTPUT pandisease.epifluidlab.cchmc.org/results/20200420-week-17/jhu-cfdna-frag/picard_metrics/EGAR00002027878.hg19.insert_size.txt  --DEVIATIONS 10.0 --MINIMUM_PCT 0.05 --METRIC_ACCUMULATION_LEVEL ALL_READS --INCLUDE_DUPLICATES false --ASSUME_SORTED true --STOP_AFTER 0 --VERBOSITY INFO --QUIET false --VALIDATION_STRINGENCY STRICT --COMPRESSION_LEVEL 5 --MAX_RECORDS_IN_RAM 500000 --CREATE_INDEX false --CREATE_MD5_FILE false --GA4GH_CLIENT_SECRETS client_secrets.json --help false --version false --showHidden false --USE_JDK_DEFLATER false --USE_JDK_INFLATER false
## htsjdk.samtools.metrics.StringHeader
# Started on: Sun May 03 14:48:31 UTC 2020

## METRICS CLASS	picard.analysis.InsertSizeMetrics
MEDIAN_INSERT_SIZE	MODE_INSERT_SIZE	MEDIAN_ABSOLUTE_DEVIATION	MIN_INSERT_SIZE	MAX_INSERT_SIZE	MEAN_INSERT_SIZE	STANDARD_DEVIATION	READ_PAIRS	PAIR_ORIENTATION	WIDTH_OF_10_PERCENT	WIDTH_OF_20_PERCENT	WIDTH_OF_30_PERCENT	WIDTH_OF_40_PERCENT	WIDTH_OF_50_PERCENT	WIDTH_OF_60_PERCENT	WIDTH_OF_70_PERCENT	WIDTH_OF_80_PERCENT	WIDTH_OF_90_PERCENT	WIDTH_OF_95_PERCENT	WIDTH_OF_99_PERCENT	SAMPLE	LIBRARY	READ_GROUP
167	167	12	81	256	167.082631	20.539216	40479764	FR	5	9	13	19	25	31	41	51	69	87	123			

## HISTOGRAM	java.lang.Integer
insert_size	All_Reads.fr_count
81	8
82	194
83	194
84	246
85	2669
86	2672
87	2262
88	2903
89	3260
90	3262
91	3200
92	2981
93	3151
94	3976
95	3990
96	4242
97	3668
98	3955
99	12904
100	14993
101	16295
102	16704
103	17369
104	17680
105	17680
106	19047
107	21894
108	23896
109	27443
110	32672
111	36736
112	38066
113	35169
114	33871
115	34555
116	37262
117	40544
118	45763
119	52335
120	65194
121	84093
122	101006
123	98732
124	80391
125	64900
126	62385
127	66050
128	72825
129	83106
130	100538
131	129151
132	171920
133	215368
134	223669
135	196996
136	172618
137	177978
138	210446
139	264524
140	330370
141	380901
142	393710
143	386468
144	386706
145	392951
146	390596
147	392990
148	409995
149	436963
150	471978
151	514585
152	551103
153	548552
154	517591
155	507056
156	531468
157	581713
158	650252
159	723245
160	779005
161	809658
162	835321
163	889197
164	984538
165	1074279
166	1118119
167	1122347
168	1106434
169	1067188
170	1012693
171	950299
172	898405
173	870165
174	852451
175	842869
176	826195
177	792240
178	745989
179	694179
180	637992
181	585489
182	537327
183	496549
184	464695
185	443116
186	422172
187	406726
188	387740
189	366102
190	338413
191	311936
192	283775
193	257415
194	237796
195	220034
196	206948
197	196028
198	187241
199	177000
200	167229
201	154585
202	142975
203	130275
204	119483
205	109923
206	101825
207	96216
208	89490
209	84659
210	80051
211	74603
212	69105
213	63026
214	57971
215	53224
216	48213
217	45337
218	42145
219	39726
220	37526
221	35103
222	32160
223	29644
224	27162
225	24709
226	22660
227	21332
228	19764
229	18777
230	17412
231	16290
232	15354
233	14036
234	13336
235	12269
236	11200
237	10498
238	9904
239	9590
240	9266
241	8807
242	8258
243	8008
244	7642
245	8049
246	6703
247	5552
248	5242
249	5343
250	5000
251	4837
252	4891
253	4575
254	649
255	675
256	621

