## htsjdk.samtools.metrics.StringHeader
# CollectInsertSizeMetrics  --Histogram_FILE pandisease.epifluidlab.cchmc.org/results/20200420-week-17/jhu-cfdna-frag/picard_metrics/EGAR00002027905.hg19.insert_size.pdf --INPUT pandisease.epifluidlab.cchmc.org/results/20200420-week-17/jhu-cfdna-frag/filtered_bam/EGAR00002027905.hg19.filtered.bam --OUTPUT pandisease.epifluidlab.cchmc.org/results/20200420-week-17/jhu-cfdna-frag/picard_metrics/EGAR00002027905.hg19.insert_size.txt  --DEVIATIONS 10.0 --MINIMUM_PCT 0.05 --METRIC_ACCUMULATION_LEVEL ALL_READS --INCLUDE_DUPLICATES false --ASSUME_SORTED true --STOP_AFTER 0 --VERBOSITY INFO --QUIET false --VALIDATION_STRINGENCY STRICT --COMPRESSION_LEVEL 5 --MAX_RECORDS_IN_RAM 500000 --CREATE_INDEX false --CREATE_MD5_FILE false --GA4GH_CLIENT_SECRETS client_secrets.json --help false --version false --showHidden false --USE_JDK_DEFLATER false --USE_JDK_INFLATER false
## htsjdk.samtools.metrics.StringHeader
# Started on: Sun May 03 03:43:28 UTC 2020

## METRICS CLASS	picard.analysis.InsertSizeMetrics
MEDIAN_INSERT_SIZE	MODE_INSERT_SIZE	MEDIAN_ABSOLUTE_DEVIATION	MIN_INSERT_SIZE	MAX_INSERT_SIZE	MEAN_INSERT_SIZE	STANDARD_DEVIATION	READ_PAIRS	PAIR_ORIENTATION	WIDTH_OF_10_PERCENT	WIDTH_OF_20_PERCENT	WIDTH_OF_30_PERCENT	WIDTH_OF_40_PERCENT	WIDTH_OF_50_PERCENT	WIDTH_OF_60_PERCENT	WIDTH_OF_70_PERCENT	WIDTH_OF_80_PERCENT	WIDTH_OF_90_PERCENT	WIDTH_OF_95_PERCENT	WIDTH_OF_99_PERCENT	SAMPLE	LIBRARY	READ_GROUP
168	166	11	85	253	167.72303	20.281982	49150590	FR	5	9	13	17	23	31	39	51	69	87	123			

## HISTOGRAM	java.lang.Integer
insert_size	All_Reads.fr_count
85	1091
86	1176
87	958
88	1233
89	3276
90	3325
91	3485
92	3256
93	3456
94	3866
95	3926
96	4442
97	4028
98	4325
99	13823
100	15208
101	16257
102	17082
103	18181
104	18294
105	18527
106	19626
107	21754
108	24414
109	28278
110	34013
111	37803
112	38873
113	35907
114	34002
115	35131
116	38509
117	42192
118	47470
119	55111
120	67939
121	88075
122	103923
123	102303
124	83791
125	69281
126	66770
127	71555
128	79625
129	91499
130	111065
131	143168
132	191349
133	239857
134	250297
135	221223
136	195149
137	205593
138	244496
139	304908
140	380034
141	435027
142	451010
143	446728
144	448123
145	454180
146	455770
147	460654
148	486181
149	525443
150	565478
151	616891
152	660719
153	658608
154	624739
155	615210
156	646548
157	707989
158	788954
159	880811
160	951167
161	995877
162	1033117
163	1114121
164	1244422
165	1362627
166	1406156
167	1394503
168	1364682
169	1321155
170	1257741
171	1181180
172	1119326
173	1081277
174	1062347
175	1044342
176	1015678
177	966158
178	906284
179	838507
180	773719
181	708875
182	647609
183	598845
184	560303
185	529880
186	507261
187	486083
188	466605
189	438472
190	407629
191	373295
192	341227
193	312542
194	286583
195	267055
196	251889
197	241050
198	230315
199	221303
200	209160
201	195901
202	179365
203	165498
204	152151
205	139672
206	130980
207	122701
208	116782
209	110761
210	105576
211	98817
212	91411
213	84231
214	77004
215	70633
216	64950
217	60716
218	56323
219	53776
220	50503
221	47307
222	44001
223	40500
224	37316
225	33927
226	31391
227	28981
228	27039
229	25599
230	24169
231	22731
232	21060
233	19891
234	18483
235	16987
236	15598
237	14606
238	13831
239	13285
240	12924
241	12290
242	12329
243	10800
244	9646
245	9605
246	8600
247	7832
248	7578
249	7392
250	6757
251	2291
252	2324
253	2141

