## htsjdk.samtools.metrics.StringHeader
# CollectInsertSizeMetrics  --Histogram_FILE pandisease.epifluidlab.cchmc.org/results/20200420-week-17/jhu-cfdna-frag/picard_metrics/EGAR00002027789.hg19.insert_size.pdf --INPUT pandisease.epifluidlab.cchmc.org/results/20200420-week-17/jhu-cfdna-frag/filtered_bam/EGAR00002027789.hg19.filtered.bam --OUTPUT pandisease.epifluidlab.cchmc.org/results/20200420-week-17/jhu-cfdna-frag/picard_metrics/EGAR00002027789.hg19.insert_size.txt  --DEVIATIONS 10.0 --MINIMUM_PCT 0.05 --METRIC_ACCUMULATION_LEVEL ALL_READS --INCLUDE_DUPLICATES false --ASSUME_SORTED true --STOP_AFTER 0 --VERBOSITY INFO --QUIET false --VALIDATION_STRINGENCY STRICT --COMPRESSION_LEVEL 5 --MAX_RECORDS_IN_RAM 500000 --CREATE_INDEX false --CREATE_MD5_FILE false --GA4GH_CLIENT_SECRETS client_secrets.json --help false --version false --showHidden false --USE_JDK_DEFLATER false --USE_JDK_INFLATER false
## htsjdk.samtools.metrics.StringHeader
# Started on: Sun May 03 15:07:11 UTC 2020

## METRICS CLASS	picard.analysis.InsertSizeMetrics
MEDIAN_INSERT_SIZE	MODE_INSERT_SIZE	MEDIAN_ABSOLUTE_DEVIATION	MIN_INSERT_SIZE	MAX_INSERT_SIZE	MEAN_INSERT_SIZE	STANDARD_DEVIATION	READ_PAIRS	PAIR_ORIENTATION	WIDTH_OF_10_PERCENT	WIDTH_OF_20_PERCENT	WIDTH_OF_30_PERCENT	WIDTH_OF_40_PERCENT	WIDTH_OF_50_PERCENT	WIDTH_OF_60_PERCENT	WIDTH_OF_70_PERCENT	WIDTH_OF_80_PERCENT	WIDTH_OF_90_PERCENT	WIDTH_OF_95_PERCENT	WIDTH_OF_99_PERCENT	SAMPLE	LIBRARY	READ_GROUP
164	166	12	74	251	162.733991	21.153153	38138122	FR	5	9	13	19	25	31	41	51	71	89	127			

## HISTOGRAM	java.lang.Integer
insert_size	All_Reads.fr_count
74	2727
75	2188
76	1961
77	2415
78	2841
79	3099
80	2960
81	2862
82	2793
83	3264
84	4368
85	3710
86	4074
87	3365
88	4009
89	4386
90	4592
91	5326
92	4677
93	5110
94	5493
95	5695
96	5865
97	4849
98	5954
99	21435
100	24770
101	27903
102	29748
103	29170
104	28940
105	28631
106	31430
107	35486
108	39707
109	46375
110	55963
111	62889
112	63418
113	57809
114	53097
115	54860
116	59495
117	65542
118	74510
119	84136
120	100517
121	122095
122	138911
123	136336
124	116167
125	103440
126	104159
127	114366
128	126631
129	142077
130	165567
131	198396
132	242567
133	282577
134	288210
135	263212
136	242264
137	251228
138	284002
139	333104
140	383053
141	417530
142	426936
143	423667
144	426704
145	430930
146	428934
147	435672
148	455988
149	481296
150	504233
151	530116
152	550094
153	546606
154	530278
155	531113
156	558157
157	603423
158	658598
159	713628
160	751606
161	779662
162	815879
163	890517
164	1006935
165	1106115
166	1126280
167	1094396
168	1038383
169	976878
170	909285
171	841854
172	788557
173	758744
174	743873
175	729122
176	701090
177	653608
178	597989
179	537264
180	481293
181	431346
182	390047
183	356511
184	331984
185	312530
186	296349
187	280382
188	262556
189	242738
190	220936
191	199259
192	181093
193	164010
194	149168
195	139394
196	130118
197	122436
198	117075
199	110046
200	103018
201	95110
202	87915
203	80199
204	73896
205	67231
206	63467
207	59925
208	56012
209	53507
210	50481
211	47299
212	44054
213	40631
214	37146
215	34207
216	31901
217	29521
218	27732
219	26881
220	25950
221	24511
222	22984
223	21164
224	19961
225	17610
226	16550
227	15683
228	15002
229	14641
230	14242
231	13918
232	12939
233	12302
234	11475
235	10876
236	10238
237	9727
238	9441
239	9224
240	9122
241	9235
242	8954
243	8772
244	8250
245	7808
246	7748
247	7572
248	7623
249	3894
250	3310
251	3276

