## htsjdk.samtools.metrics.StringHeader
# CollectInsertSizeMetrics  --Histogram_FILE pandisease.epifluidlab.cchmc.org/results/20200420-week-17/jhu-cfdna-frag/picard_metrics/EGAR00002027894.hg19.insert_size.pdf --INPUT pandisease.epifluidlab.cchmc.org/results/20200420-week-17/jhu-cfdna-frag/filtered_bam/EGAR00002027894.hg19.filtered.bam --OUTPUT pandisease.epifluidlab.cchmc.org/results/20200420-week-17/jhu-cfdna-frag/picard_metrics/EGAR00002027894.hg19.insert_size.txt  --DEVIATIONS 10.0 --MINIMUM_PCT 0.05 --METRIC_ACCUMULATION_LEVEL ALL_READS --INCLUDE_DUPLICATES false --ASSUME_SORTED true --STOP_AFTER 0 --VERBOSITY INFO --QUIET false --VALIDATION_STRINGENCY STRICT --COMPRESSION_LEVEL 5 --MAX_RECORDS_IN_RAM 500000 --CREATE_INDEX false --CREATE_MD5_FILE false --GA4GH_CLIENT_SECRETS client_secrets.json --help false --version false --showHidden false --USE_JDK_DEFLATER false --USE_JDK_INFLATER false
## htsjdk.samtools.metrics.StringHeader
# Started on: Sun May 03 15:20:04 UTC 2020

## METRICS CLASS	picard.analysis.InsertSizeMetrics
MEDIAN_INSERT_SIZE	MODE_INSERT_SIZE	MEDIAN_ABSOLUTE_DEVIATION	MIN_INSERT_SIZE	MAX_INSERT_SIZE	MEAN_INSERT_SIZE	STANDARD_DEVIATION	READ_PAIRS	PAIR_ORIENTATION	WIDTH_OF_10_PERCENT	WIDTH_OF_20_PERCENT	WIDTH_OF_30_PERCENT	WIDTH_OF_40_PERCENT	WIDTH_OF_50_PERCENT	WIDTH_OF_60_PERCENT	WIDTH_OF_70_PERCENT	WIDTH_OF_80_PERCENT	WIDTH_OF_90_PERCENT	WIDTH_OF_95_PERCENT	WIDTH_OF_99_PERCENT	SAMPLE	LIBRARY	READ_GROUP
167	166	11	83	251	165.97152	19.949227	35831734	FR	5	9	13	17	23	29	39	49	67	85	121			

## HISTOGRAM	java.lang.Integer
insert_size	All_Reads.fr_count
83	2
84	2565
85	2158
86	2077
87	2092
88	2908
89	2953
90	3007
91	3018
92	2645
93	3303
94	3471
95	3712
96	3961
97	3129
98	3636
99	11386
100	12945
101	13930
102	14508
103	15238
104	15551
105	15592
106	17139
107	19297
108	21422
109	24913
110	30551
111	35063
112	36659
113	34941
114	32888
115	34018
116	36358
117	39577
118	44725
119	51603
120	63432
121	80105
122	92885
123	91840
124	76338
125	64305
126	61909
127	66442
128	73166
129	83286
130	98303
131	122554
132	157056
133	189837
134	197519
135	178804
136	161748
137	169495
138	199194
139	241377
140	293159
141	332283
142	343443
143	344091
144	350093
145	354585
146	355063
147	359292
148	375208
149	400047
150	424361
151	456412
152	481969
153	482715
154	468258
155	470491
156	494497
157	538939
158	596690
159	654379
160	700569
161	730866
162	769258
163	838062
164	943708
165	1038762
166	1071871
167	1063081
168	1032569
169	987247
170	933953
171	877383
172	824919
173	796807
174	781668
175	767207
176	743252
177	703413
178	650004
179	589776
180	537521
181	485228
182	442986
183	407581
184	377861
185	357141
186	338287
187	321225
188	302765
189	281966
190	259413
191	235278
192	214251
193	196178
194	179798
195	166277
196	156195
197	147034
198	139063
199	130659
200	123182
201	114123
202	104911
203	95615
204	88264
205	80658
206	75261
207	69751
208	65944
209	62524
210	58616
211	54501
212	50951
213	46517
214	42894
215	39128
216	35791
217	33559
218	31441
219	29530
220	27880
221	26165
222	24302
223	22077
224	20438
225	19030
226	17349
227	16101
228	15197
229	14171
230	13312
231	12785
232	11806
233	11082
234	10329
235	9468
236	8831
237	8335
238	7950
239	7709
240	7300
241	6920
242	6713
243	6416
244	6891
245	5849
246	4890
247	4839
248	4512
249	118
250	110
251	105

