## htsjdk.samtools.metrics.StringHeader
# CollectInsertSizeMetrics  --Histogram_FILE pandisease.epifluidlab.cchmc.org/results/20200420-week-17/jhu-cfdna-frag/picard_metrics/EGAR00002027779.hg19.insert_size.pdf --INPUT pandisease.epifluidlab.cchmc.org/results/20200420-week-17/jhu-cfdna-frag/filtered_bam/EGAR00002027779.hg19.filtered.bam --OUTPUT pandisease.epifluidlab.cchmc.org/results/20200420-week-17/jhu-cfdna-frag/picard_metrics/EGAR00002027779.hg19.insert_size.txt  --DEVIATIONS 10.0 --MINIMUM_PCT 0.05 --METRIC_ACCUMULATION_LEVEL ALL_READS --INCLUDE_DUPLICATES false --ASSUME_SORTED true --STOP_AFTER 0 --VERBOSITY INFO --QUIET false --VALIDATION_STRINGENCY STRICT --COMPRESSION_LEVEL 5 --MAX_RECORDS_IN_RAM 500000 --CREATE_INDEX false --CREATE_MD5_FILE false --GA4GH_CLIENT_SECRETS client_secrets.json --help false --version false --showHidden false --USE_JDK_DEFLATER false --USE_JDK_INFLATER false
## htsjdk.samtools.metrics.StringHeader
# Started on: Sun May 03 15:22:52 UTC 2020

## METRICS CLASS	picard.analysis.InsertSizeMetrics
MEDIAN_INSERT_SIZE	MODE_INSERT_SIZE	MEDIAN_ABSOLUTE_DEVIATION	MIN_INSERT_SIZE	MAX_INSERT_SIZE	MEAN_INSERT_SIZE	STANDARD_DEVIATION	READ_PAIRS	PAIR_ORIENTATION	WIDTH_OF_10_PERCENT	WIDTH_OF_20_PERCENT	WIDTH_OF_30_PERCENT	WIDTH_OF_40_PERCENT	WIDTH_OF_50_PERCENT	WIDTH_OF_60_PERCENT	WIDTH_OF_70_PERCENT	WIDTH_OF_80_PERCENT	WIDTH_OF_90_PERCENT	WIDTH_OF_95_PERCENT	WIDTH_OF_99_PERCENT	SAMPLE	LIBRARY	READ_GROUP
166	166	11	82	250	164.784734	20.097496	28634006	FR	5	9	13	17	23	31	39	49	67	87	123			

## HISTOGRAM	java.lang.Integer
insert_size	All_Reads.fr_count
82	32
83	1785
84	2005
85	1994
86	2055
87	2160
88	2503
89	2470
90	2612
91	2713
92	2854
93	2957
94	3248
95	3296
96	3488
97	2901
98	3793
99	13032
100	14880
101	16387
102	16640
103	17259
104	16818
105	17234
106	18148
107	19904
108	22042
109	25238
110	30558
111	33729
112	34921
113	31488
114	29007
115	29132
116	30944
117	33405
118	37806
119	43370
120	55099
121	72800
122	86023
123	84317
124	66190
125	52134
126	49152
127	52430
128	58035
129	66739
130	81741
131	107216
132	143790
133	179804
134	184829
135	159102
136	138507
137	143025
138	169884
139	211365
140	259885
141	296115
142	305280
143	302380
144	302421
145	303002
146	297215
147	295300
148	310895
149	333594
150	360412
151	389794
152	414636
153	414341
154	393841
155	390553
156	407864
157	444117
158	491554
159	542805
160	581501
161	605002
162	628680
163	680218
164	758585
165	828268
166	846195
167	831321
168	803627
169	770241
170	724658
171	676936
172	635083
173	610445
174	595137
175	581989
176	561291
177	529140
178	488745
179	444610
180	404822
181	366201
182	333296
183	305729
184	282032
185	266943
186	253576
187	241718
188	228000
189	211967
190	194197
191	176047
192	159461
193	144613
194	132812
195	122927
196	115223
197	108563
198	103417
199	97490
200	91993
201	84969
202	78097
203	70622
204	65705
205	59748
206	55649
207	52256
208	48707
209	46224
210	43958
211	40618
212	37257
213	34119
214	31185
215	28362
216	26180
217	24298
218	22939
219	21269
220	20231
221	18703
222	17346
223	15689
224	14437
225	13289
226	12161
227	11303
228	10593
229	9913
230	9319
231	8726
232	8074
233	7722
234	7032
235	6534
236	6001
237	5628
238	5415
239	5234
240	5016
241	4759
242	4615
243	4920
244	3878
245	3449
246	2997
247	862
248	790
249	821
250	694

