## htsjdk.samtools.metrics.StringHeader
# CollectInsertSizeMetrics  --Histogram_FILE pandisease.epifluidlab.cchmc.org/results/20200420-week-17/jhu-cfdna-frag/picard_metrics/EGAR00002027867.hg19.insert_size.pdf --INPUT pandisease.epifluidlab.cchmc.org/results/20200420-week-17/jhu-cfdna-frag/filtered_bam/EGAR00002027867.hg19.filtered.bam --OUTPUT pandisease.epifluidlab.cchmc.org/results/20200420-week-17/jhu-cfdna-frag/picard_metrics/EGAR00002027867.hg19.insert_size.txt  --DEVIATIONS 10.0 --MINIMUM_PCT 0.05 --METRIC_ACCUMULATION_LEVEL ALL_READS --INCLUDE_DUPLICATES false --ASSUME_SORTED true --STOP_AFTER 0 --VERBOSITY INFO --QUIET false --VALIDATION_STRINGENCY STRICT --COMPRESSION_LEVEL 5 --MAX_RECORDS_IN_RAM 500000 --CREATE_INDEX false --CREATE_MD5_FILE false --GA4GH_CLIENT_SECRETS client_secrets.json --help false --version false --showHidden false --USE_JDK_DEFLATER false --USE_JDK_INFLATER false
## htsjdk.samtools.metrics.StringHeader
# Started on: Sun May 03 15:38:32 UTC 2020

## METRICS CLASS	picard.analysis.InsertSizeMetrics
MEDIAN_INSERT_SIZE	MODE_INSERT_SIZE	MEDIAN_ABSOLUTE_DEVIATION	MIN_INSERT_SIZE	MAX_INSERT_SIZE	MEAN_INSERT_SIZE	STANDARD_DEVIATION	READ_PAIRS	PAIR_ORIENTATION	WIDTH_OF_10_PERCENT	WIDTH_OF_20_PERCENT	WIDTH_OF_30_PERCENT	WIDTH_OF_40_PERCENT	WIDTH_OF_50_PERCENT	WIDTH_OF_60_PERCENT	WIDTH_OF_70_PERCENT	WIDTH_OF_80_PERCENT	WIDTH_OF_90_PERCENT	WIDTH_OF_95_PERCENT	WIDTH_OF_99_PERCENT	SAMPLE	LIBRARY	READ_GROUP
168	167	12	82	258	168.456855	21.157022	30492549	FR	5	9	13	19	25	33	41	53	71	89	127			

## HISTOGRAM	java.lang.Integer
insert_size	All_Reads.fr_count
82	1380
83	1698
84	1860
85	1663
86	1705
87	1735
88	2058
89	2156
90	2176
91	2103
92	1948
93	2355
94	2565
95	2714
96	2767
97	2363
98	2538
99	8201
100	9140
101	9929
102	10405
103	10725
104	11067
105	11048
106	12224
107	13689
108	15129
109	18204
110	22631
111	25610
112	26742
113	25736
114	24283
115	24747
116	26407
117	29089
118	33679
119	39036
120	48477
121	61580
122	71825
123	70733
124	58867
125	49247
126	47472
127	50829
128	56619
129	63849
130	76655
131	95701
132	124721
133	153183
134	158450
135	140794
136	125477
137	127977
138	147153
139	180127
140	221798
141	256262
142	269162
143	271025
144	275243
145	280189
146	279791
147	280485
148	291044
149	308309
150	331843
151	357399
152	384327
153	386136
154	371899
155	366346
156	380789
157	412172
158	455670
159	505845
160	548842
161	575720
162	598427
163	639489
164	702715
165	762344
166	795019
167	808129
168	803179
169	787576
170	759340
171	723887
172	694023
173	679920
174	670474
175	665211
176	651821
177	624302
178	586985
179	544664
180	502342
181	462291
182	426151
183	398147
184	372634
185	355477
186	340965
187	325401
188	310059
189	292494
190	272172
191	249523
192	228593
193	210819
194	195926
195	182635
196	172904
197	164789
198	157373
199	149652
200	140725
201	131485
202	121870
203	112538
204	103670
205	95600
206	89731
207	84043
208	79874
209	75586
210	71614
211	67210
212	62046
213	56900
214	53033
215	48883
216	45014
217	41819
218	39516
219	37351
220	35124
221	33069
222	30760
223	28308
224	26437
225	24343
226	22297
227	20758
228	19648
229	18389
230	17507
231	16356
232	15167
233	14080
234	13057
235	12174
236	11487
237	10442
238	10047
239	9633
240	9204
241	8552
242	8159
243	7863
244	7520
245	7027
246	6666
247	6390
248	5979
249	6627
250	5485
251	4636
252	4623
253	4412
254	4195
255	4185
256	4145
257	4185
258	3716

