## htsjdk.samtools.metrics.StringHeader
# CollectInsertSizeMetrics  --Histogram_FILE pandisease.epifluidlab.cchmc.org/results/20200420-week-17/jhu-cfdna-frag/picard_metrics/EGAR00002027837.hg19.insert_size.pdf --INPUT pandisease.epifluidlab.cchmc.org/results/20200420-week-17/jhu-cfdna-frag/filtered_bam/EGAR00002027837.hg19.filtered.bam --OUTPUT pandisease.epifluidlab.cchmc.org/results/20200420-week-17/jhu-cfdna-frag/picard_metrics/EGAR00002027837.hg19.insert_size.txt  --DEVIATIONS 10.0 --MINIMUM_PCT 0.05 --METRIC_ACCUMULATION_LEVEL ALL_READS --INCLUDE_DUPLICATES false --ASSUME_SORTED true --STOP_AFTER 0 --VERBOSITY INFO --QUIET false --VALIDATION_STRINGENCY STRICT --COMPRESSION_LEVEL 5 --MAX_RECORDS_IN_RAM 500000 --CREATE_INDEX false --CREATE_MD5_FILE false --GA4GH_CLIENT_SECRETS client_secrets.json --help false --version false --showHidden false --USE_JDK_DEFLATER false --USE_JDK_INFLATER false
## htsjdk.samtools.metrics.StringHeader
# Started on: Sun May 03 03:12:24 UTC 2020

## METRICS CLASS	picard.analysis.InsertSizeMetrics
MEDIAN_INSERT_SIZE	MODE_INSERT_SIZE	MEDIAN_ABSOLUTE_DEVIATION	MIN_INSERT_SIZE	MAX_INSERT_SIZE	MEAN_INSERT_SIZE	STANDARD_DEVIATION	READ_PAIRS	PAIR_ORIENTATION	WIDTH_OF_10_PERCENT	WIDTH_OF_20_PERCENT	WIDTH_OF_30_PERCENT	WIDTH_OF_40_PERCENT	WIDTH_OF_50_PERCENT	WIDTH_OF_60_PERCENT	WIDTH_OF_70_PERCENT	WIDTH_OF_80_PERCENT	WIDTH_OF_90_PERCENT	WIDTH_OF_95_PERCENT	WIDTH_OF_99_PERCENT	SAMPLE	LIBRARY	READ_GROUP
166	166	11	86	247	165.606268	19.625992	54384711	FR	5	9	13	17	23	29	37	49	65	85	119			

## HISTOGRAM	java.lang.Integer
insert_size	All_Reads.fr_count
86	18
87	2820
88	3143
89	3740
90	4394
91	4162
92	3830
93	4033
94	4260
95	5250
96	5288
97	4744
98	5050
99	21950
100	25225
101	28838
102	30331
103	30488
104	30249
105	30210
106	32285
107	37443
108	40175
109	46065
110	54655
111	60596
112	60480
113	54493
114	51392
115	52249
116	55147
117	61253
118	67368
119	75466
120	92972
121	118775
122	138533
123	135371
124	107932
125	88087
126	84853
127	90957
128	100682
129	116137
130	139776
131	178600
132	237451
133	291546
134	299872
135	264392
136	237625
137	249761
138	294762
139	365270
140	444618
141	503926
142	523357
143	519216
144	527060
145	532243
146	531415
147	537637
148	564067
149	603820
150	650419
151	707020
152	755039
153	756232
154	726706
155	724733
156	768476
157	847377
158	943440
159	1039044
160	1110250
161	1155207
162	1207036
163	1307168
164	1462688
165	1602077
166	1652266
167	1642413
168	1591575
169	1520597
170	1431859
171	1334998
172	1253549
173	1208714
174	1179933
175	1155189
176	1113793
177	1047531
178	969332
179	886060
180	803177
181	727208
182	661797
183	609619
184	561973
185	530907
186	503093
187	477088
188	449453
189	417332
190	382000
191	346497
192	313557
193	284485
194	260412
195	242090
196	224656
197	212555
198	202676
199	191634
200	178518
201	165330
202	152553
203	138237
204	126665
205	117129
206	107870
207	99863
208	95224
209	89418
210	83947
211	77395
212	71557
213	65749
214	59556
215	54365
216	50350
217	46363
218	43384
219	40637
220	38270
221	35046
222	32769
223	29943
224	27397
225	24961
226	23223
227	21440
228	19949
229	18689
230	17872
231	16471
232	15787
233	14446
234	13465
235	12517
236	11498
237	11000
238	10472
239	10261
240	11265
241	9132
242	7708
243	7602
244	6672
245	706
246	686
247	621

