## htsjdk.samtools.metrics.StringHeader
# CollectInsertSizeMetrics  --Histogram_FILE pandisease.epifluidlab.cchmc.org/results/20200420-week-17/jhu-cfdna-frag/picard_metrics/EGAR00002027834.hg19.insert_size.pdf --INPUT pandisease.epifluidlab.cchmc.org/results/20200420-week-17/jhu-cfdna-frag/filtered_bam/EGAR00002027834.hg19.filtered.bam --OUTPUT pandisease.epifluidlab.cchmc.org/results/20200420-week-17/jhu-cfdna-frag/picard_metrics/EGAR00002027834.hg19.insert_size.txt  --DEVIATIONS 10.0 --MINIMUM_PCT 0.05 --METRIC_ACCUMULATION_LEVEL ALL_READS --INCLUDE_DUPLICATES false --ASSUME_SORTED true --STOP_AFTER 0 --VERBOSITY INFO --QUIET false --VALIDATION_STRINGENCY STRICT --COMPRESSION_LEVEL 5 --MAX_RECORDS_IN_RAM 500000 --CREATE_INDEX false --CREATE_MD5_FILE false --GA4GH_CLIENT_SECRETS client_secrets.json --help false --version false --showHidden false --USE_JDK_DEFLATER false --USE_JDK_INFLATER false
## htsjdk.samtools.metrics.StringHeader
# Started on: Sun May 03 02:27:02 UTC 2020

## METRICS CLASS	picard.analysis.InsertSizeMetrics
MEDIAN_INSERT_SIZE	MODE_INSERT_SIZE	MEDIAN_ABSOLUTE_DEVIATION	MIN_INSERT_SIZE	MAX_INSERT_SIZE	MEAN_INSERT_SIZE	STANDARD_DEVIATION	READ_PAIRS	PAIR_ORIENTATION	WIDTH_OF_10_PERCENT	WIDTH_OF_20_PERCENT	WIDTH_OF_30_PERCENT	WIDTH_OF_40_PERCENT	WIDTH_OF_50_PERCENT	WIDTH_OF_60_PERCENT	WIDTH_OF_70_PERCENT	WIDTH_OF_80_PERCENT	WIDTH_OF_90_PERCENT	WIDTH_OF_95_PERCENT	WIDTH_OF_99_PERCENT	SAMPLE	LIBRARY	READ_GROUP
158	153	13	59	262	159.767663	22.513561	136725320	FR	7	11	13	19	27	33	41	53	75	97	143			

## HISTOGRAM	java.lang.Integer
insert_size	All_Reads.fr_count
59	146
60	735
61	830
62	1811
63	2467
64	2953
65	3064
66	3971
67	3579
68	3866
69	4725
70	5122
71	4522
72	4352
73	4826
74	5926
75	5835
76	5753
77	6297
78	6534
79	7318
80	7536
81	7904
82	8040
83	9636
84	10207
85	10426
86	11019
87	10578
88	11873
89	13700
90	14571
91	16212
92	15952
93	16308
94	16912
95	18011
96	17699
97	17259
98	18522
99	123799
100	168599
101	177439
102	155631
103	118802
104	88128
105	72277
106	67907
107	72603
108	82912
109	109369
110	157732
111	213362
112	221144
113	184840
114	143825
115	121221
116	121443
117	137004
118	164838
119	226535
120	357401
121	546837
122	594991
123	483025
124	369430
125	306667
126	287964
127	312938
128	368985
129	486144
130	763355
131	1269100
132	1782319
133	1864813
134	1471555
135	1073169
136	877359
137	824884
138	889980
139	1145614
140	1744288
141	2499895
142	3051342
143	3286816
144	3082954
145	2470902
146	1849625
147	1514465
148	1460262
149	1687283
150	2367629
151	3485284
152	4405362
153	4443145
154	3761273
155	2908212
156	2268778
157	1939508
158	1961485
159	2411192
160	3204446
161	3826220
162	3888595
163	3473927
164	2883544
165	2338650
166	1970579
167	1752037
168	1663949
169	1702154
170	1795999
171	1854282
172	1849156
173	1791275
174	1717151
175	1614443
176	1485412
177	1359659
178	1259989
179	1180570
180	1124273
181	1082848
182	1046261
183	1009786
184	973484
185	932498
186	882728
187	835427
188	784456
189	735158
190	694345
191	651833
192	617742
193	589787
194	562081
195	536243
196	510275
197	483757
198	460187
199	433523
200	407558
201	383696
202	359748
203	340465
204	322535
205	305860
206	290427
207	277485
208	262699
209	248812
210	235477
211	220803
212	207194
213	194474
214	182479
215	172730
216	163817
217	156135
218	147735
219	140513
220	133203
221	126456
222	118401
223	110957
224	104325
225	97724
226	92123
227	87493
228	83851
229	79864
230	76861
231	72675
232	69232
233	65209
234	61052
235	57075
236	53760
237	50194
238	48140
239	46765
240	45371
241	44299
242	42267
243	40330
244	37453
245	34974
246	32737
247	31084
248	29796
249	28890
250	28886
251	28905
252	28363
253	26021
254	22263
255	19150
256	17245
257	15936
258	10783
259	2503
260	221
261	244
262	231

