## htsjdk.samtools.metrics.StringHeader
# CollectInsertSizeMetrics  --Histogram_FILE pandisease.epifluidlab.cchmc.org/results/20200420-week-17/jhu-cfdna-frag/picard_metrics/EGAR00002027904.hg19.insert_size.pdf --INPUT pandisease.epifluidlab.cchmc.org/results/20200420-week-17/jhu-cfdna-frag/filtered_bam/EGAR00002027904.hg19.filtered.bam --OUTPUT pandisease.epifluidlab.cchmc.org/results/20200420-week-17/jhu-cfdna-frag/picard_metrics/EGAR00002027904.hg19.insert_size.txt  --DEVIATIONS 10.0 --MINIMUM_PCT 0.05 --METRIC_ACCUMULATION_LEVEL ALL_READS --INCLUDE_DUPLICATES false --ASSUME_SORTED true --STOP_AFTER 0 --VERBOSITY INFO --QUIET false --VALIDATION_STRINGENCY STRICT --COMPRESSION_LEVEL 5 --MAX_RECORDS_IN_RAM 500000 --CREATE_INDEX false --CREATE_MD5_FILE false --GA4GH_CLIENT_SECRETS client_secrets.json --help false --version false --showHidden false --USE_JDK_DEFLATER false --USE_JDK_INFLATER false
## htsjdk.samtools.metrics.StringHeader
# Started on: Sun May 03 15:48:30 UTC 2020

## METRICS CLASS	picard.analysis.InsertSizeMetrics
MEDIAN_INSERT_SIZE	MODE_INSERT_SIZE	MEDIAN_ABSOLUTE_DEVIATION	MIN_INSERT_SIZE	MAX_INSERT_SIZE	MEAN_INSERT_SIZE	STANDARD_DEVIATION	READ_PAIRS	PAIR_ORIENTATION	WIDTH_OF_10_PERCENT	WIDTH_OF_20_PERCENT	WIDTH_OF_30_PERCENT	WIDTH_OF_40_PERCENT	WIDTH_OF_50_PERCENT	WIDTH_OF_60_PERCENT	WIDTH_OF_70_PERCENT	WIDTH_OF_80_PERCENT	WIDTH_OF_90_PERCENT	WIDTH_OF_95_PERCENT	WIDTH_OF_99_PERCENT	SAMPLE	LIBRARY	READ_GROUP
167	166	12	80	255	166.228906	20.990071	27136565	FR	5	9	13	19	25	31	41	51	69	89	127			

## HISTOGRAM	java.lang.Integer
insert_size	All_Reads.fr_count
80	1242
81	1186
82	1149
83	1311
84	2218
85	2129
86	2417
87	1889
88	2222
89	2404
90	2555
91	2765
92	2561
93	2725
94	2954
95	3049
96	3191
97	3028
98	3311
99	11121
100	12227
101	13004
102	13414
103	14192
104	14845
105	14905
106	15812
107	17360
108	19174
109	22446
110	26066
111	29076
112	29225
113	27413
114	26673
115	27121
116	29010
117	31249
118	35283
119	41117
120	50972
121	64309
122	73349
123	70025
124	57640
125	48699
126	47828
127	50812
128	56261
129	64468
130	78497
131	100714
132	131342
133	156685
134	158141
135	139081
136	125519
137	131955
138	155284
139	191131
140	234130
141	265461
142	273918
143	271961
144	270597
145	271856
146	267796
147	269252
148	281455
149	300889
150	324806
151	353165
152	373054
153	370355
154	352471
155	349000
156	366268
157	401408
158	447096
159	494023
160	530500
161	553823
162	576183
163	617942
164	682539
165	735209
166	755929
167	752704
168	734735
169	708195
170	667827
171	626765
172	591536
173	572238
174	558315
175	547732
176	531718
177	503512
178	471554
179	436332
180	399522
181	365872
182	335703
183	310146
184	290860
185	273884
186	262517
187	251624
188	239488
189	226695
190	208196
191	193203
192	175459
193	161072
194	149028
195	138068
196	130832
197	124451
198	118170
199	112448
200	106785
201	99349
202	91327
203	83379
204	77806
205	71046
206	66331
207	62228
208	58553
209	55673
210	52799
211	48909
212	45708
213	41967
214	38682
215	35528
216	32764
217	30578
218	28335
219	27342
220	25634
221	24398
222	22184
223	20565
224	18928
225	17022
226	15828
227	14916
228	13973
229	13370
230	12601
231	11572
232	10856
233	10134
234	9682
235	8916
236	8394
237	7750
238	7401
239	7147
240	6945
241	6564
242	6339
243	6087
244	5997
245	5368
246	4945
247	5191
248	4391
249	3762
250	3798
251	3782
252	3629
253	1452
254	1501
255	1216

