## htsjdk.samtools.metrics.StringHeader
# CollectInsertSizeMetrics  --Histogram_FILE pandisease.epifluidlab.cchmc.org/results/20200420-week-17/jhu-cfdna-frag/picard_metrics/EGAR00002027910.hg19.insert_size.pdf --INPUT pandisease.epifluidlab.cchmc.org/results/20200420-week-17/jhu-cfdna-frag/filtered_bam/EGAR00002027910.hg19.filtered.bam --OUTPUT pandisease.epifluidlab.cchmc.org/results/20200420-week-17/jhu-cfdna-frag/picard_metrics/EGAR00002027910.hg19.insert_size.txt  --DEVIATIONS 10.0 --MINIMUM_PCT 0.05 --METRIC_ACCUMULATION_LEVEL ALL_READS --INCLUDE_DUPLICATES false --ASSUME_SORTED true --STOP_AFTER 0 --VERBOSITY INFO --QUIET false --VALIDATION_STRINGENCY STRICT --COMPRESSION_LEVEL 5 --MAX_RECORDS_IN_RAM 500000 --CREATE_INDEX false --CREATE_MD5_FILE false --GA4GH_CLIENT_SECRETS client_secrets.json --help false --version false --showHidden false --USE_JDK_DEFLATER false --USE_JDK_INFLATER false
## htsjdk.samtools.metrics.StringHeader
# Started on: Sun May 03 05:29:57 UTC 2020

## METRICS CLASS	picard.analysis.InsertSizeMetrics
MEDIAN_INSERT_SIZE	MODE_INSERT_SIZE	MEDIAN_ABSOLUTE_DEVIATION	MIN_INSERT_SIZE	MAX_INSERT_SIZE	MEAN_INSERT_SIZE	STANDARD_DEVIATION	READ_PAIRS	PAIR_ORIENTATION	WIDTH_OF_10_PERCENT	WIDTH_OF_20_PERCENT	WIDTH_OF_30_PERCENT	WIDTH_OF_40_PERCENT	WIDTH_OF_50_PERCENT	WIDTH_OF_60_PERCENT	WIDTH_OF_70_PERCENT	WIDTH_OF_80_PERCENT	WIDTH_OF_90_PERCENT	WIDTH_OF_95_PERCENT	WIDTH_OF_99_PERCENT	SAMPLE	LIBRARY	READ_GROUP
167	166	11	84	252	166.644353	19.557647	48528978	FR	5	9	13	17	23	29	37	49	65	83	119			

## HISTOGRAM	java.lang.Integer
insert_size	All_Reads.fr_count
84	6
85	8
86	11
87	16
88	2571
89	2593
90	2525
91	3267
92	3027
93	3238
94	3361
95	3423
96	3916
97	3623
98	3951
99	13719
100	15629
101	16965
102	17650
103	18699
104	19001
105	18824
106	20096
107	22632
108	25005
109	29692
110	35767
111	40140
112	41984
113	38367
114	35805
115	36622
116	40196
117	44364
118	50159
119	58360
120	71081
121	91372
122	108231
123	105902
124	87435
125	72090
126	68922
127	74204
128	81482
129	93013
130	112771
131	144187
132	189695
133	236158
134	247195
135	222103
136	200503
137	210887
138	250072
139	308348
140	378944
141	435802
142	456215
143	460507
144	467995
145	477559
146	479427
147	485349
148	509107
149	542577
150	581911
151	625826
152	666092
153	668261
154	645925
155	644973
156	680494
157	744435
158	823395
159	902253
160	962775
161	1005331
162	1047995
163	1132575
164	1258300
165	1374229
166	1421648
167	1417083
168	1387304
169	1336926
170	1271224
171	1198915
172	1134578
173	1094186
174	1072011
175	1050863
176	1016242
177	962505
178	890653
179	818113
180	746565
181	678322
182	621619
183	571461
184	532801
185	504295
186	478469
187	455182
188	428767
189	399237
190	366651
191	335083
192	302333
193	278270
194	253647
195	236378
196	222177
197	209327
198	198624
199	186801
200	176067
201	162836
202	150165
203	137080
204	126218
205	115825
206	107272
207	100389
208	94748
209	89156
210	84294
211	78431
212	72356
213	65880
214	60150
215	55403
216	52047
217	47470
218	44390
219	41869
220	39206
221	36237
222	33766
223	31084
224	28711
225	26627
226	24160
227	22598
228	21024
229	19594
230	18787
231	17674
232	16499
233	15062
234	14049
235	12966
236	12313
237	11596
238	10936
239	10675
240	10279
241	10683
242	9236
243	7640
244	7306
245	6644
246	1043
247	1079
248	1070
249	641
250	133
251	136
252	103

