## htsjdk.samtools.metrics.StringHeader
# CollectInsertSizeMetrics  --Histogram_FILE pandisease.epifluidlab.cchmc.org/results/20200420-week-17/jhu-cfdna-frag/picard_metrics/EGAR00002027883.hg19.insert_size.pdf --INPUT pandisease.epifluidlab.cchmc.org/results/20200420-week-17/jhu-cfdna-frag/filtered_bam/EGAR00002027883.hg19.filtered.bam --OUTPUT pandisease.epifluidlab.cchmc.org/results/20200420-week-17/jhu-cfdna-frag/picard_metrics/EGAR00002027883.hg19.insert_size.txt  --DEVIATIONS 10.0 --MINIMUM_PCT 0.05 --METRIC_ACCUMULATION_LEVEL ALL_READS --INCLUDE_DUPLICATES false --ASSUME_SORTED true --STOP_AFTER 0 --VERBOSITY INFO --QUIET false --VALIDATION_STRINGENCY STRICT --COMPRESSION_LEVEL 5 --MAX_RECORDS_IN_RAM 500000 --CREATE_INDEX false --CREATE_MD5_FILE false --GA4GH_CLIENT_SECRETS client_secrets.json --help false --version false --showHidden false --USE_JDK_DEFLATER false --USE_JDK_INFLATER false
## htsjdk.samtools.metrics.StringHeader
# Started on: Sun May 03 15:13:05 UTC 2020

## METRICS CLASS	picard.analysis.InsertSizeMetrics
MEDIAN_INSERT_SIZE	MODE_INSERT_SIZE	MEDIAN_ABSOLUTE_DEVIATION	MIN_INSERT_SIZE	MAX_INSERT_SIZE	MEAN_INSERT_SIZE	STANDARD_DEVIATION	READ_PAIRS	PAIR_ORIENTATION	WIDTH_OF_10_PERCENT	WIDTH_OF_20_PERCENT	WIDTH_OF_30_PERCENT	WIDTH_OF_40_PERCENT	WIDTH_OF_50_PERCENT	WIDTH_OF_60_PERCENT	WIDTH_OF_70_PERCENT	WIDTH_OF_80_PERCENT	WIDTH_OF_90_PERCENT	WIDTH_OF_95_PERCENT	WIDTH_OF_99_PERCENT	SAMPLE	LIBRARY	READ_GROUP
167	166	11	87	248	166.703112	19.692646	35818041	FR	5	9	13	17	23	29	37	49	67	85	119			

## HISTOGRAM	java.lang.Integer
insert_size	All_Reads.fr_count
87	8
88	2324
89	2355
90	2652
91	3318
92	2775
93	2916
94	3100
95	3248
96	4117
97	3325
98	3560
99	9694
100	11156
101	12397
102	13218
103	13796
104	13865
105	13852
106	14607
107	16549
108	18652
109	21729
110	25735
111	28724
112	29835
113	27892
114	26498
115	27639
116	29663
117	32587
118	36587
119	42432
120	51688
121	66377
122	77919
123	77364
124	64039
125	52864
126	51300
127	54957
128	61035
129	69297
130	83820
131	107050
132	141621
133	177614
134	186906
135	165789
136	147734
137	154495
138	181425
139	226920
140	281720
141	325956
142	340241
143	337109
144	341464
145	349710
146	347393
147	351224
148	366899
149	393049
150	423950
151	462954
152	498139
153	497342
154	476474
155	472379
156	495555
157	545261
158	606094
159	668862
160	717297
161	748958
162	779684
163	839105
164	936175
165	1025479
166	1063443
167	1062966
168	1037077
169	994339
170	939744
171	878924
172	831492
173	802532
174	784042
175	767619
176	744499
177	701426
178	650599
179	596317
180	543883
181	493196
182	450870
183	414685
184	385506
185	363020
186	344041
187	326864
188	308692
189	288328
190	265971
191	243018
192	221078
193	202354
194	186034
195	173194
196	162859
197	154337
198	147372
199	140721
200	132496
201	123247
202	113606
203	104917
204	96552
205	89353
206	82477
207	77158
208	73318
209	68848
210	65333
211	61302
212	56719
213	52935
214	47142
215	44173
216	40553
217	37810
218	34949
219	33513
220	31530
221	29336
222	27292
223	25057
224	23015
225	21063
226	19355
227	17979
228	16837
229	16128
230	14943
231	13965
232	13141
233	12131
234	11295
235	10311
236	9984
237	9271
238	8752
239	8497
240	7954
241	8594
242	7144
243	5981
244	5817
245	5046
246	242
247	228
248	218

