## htsjdk.samtools.metrics.StringHeader
# CollectInsertSizeMetrics  --Histogram_FILE pandisease.epifluidlab.cchmc.org/results/20200420-week-17/jhu-cfdna-frag/picard_metrics/EGAR00002027899.hg19.insert_size.pdf --INPUT pandisease.epifluidlab.cchmc.org/results/20200420-week-17/jhu-cfdna-frag/filtered_bam/EGAR00002027899.hg19.filtered.bam --OUTPUT pandisease.epifluidlab.cchmc.org/results/20200420-week-17/jhu-cfdna-frag/picard_metrics/EGAR00002027899.hg19.insert_size.txt  --DEVIATIONS 10.0 --MINIMUM_PCT 0.05 --METRIC_ACCUMULATION_LEVEL ALL_READS --INCLUDE_DUPLICATES false --ASSUME_SORTED true --STOP_AFTER 0 --VERBOSITY INFO --QUIET false --VALIDATION_STRINGENCY STRICT --COMPRESSION_LEVEL 5 --MAX_RECORDS_IN_RAM 500000 --CREATE_INDEX false --CREATE_MD5_FILE false --GA4GH_CLIENT_SECRETS client_secrets.json --help false --version false --showHidden false --USE_JDK_DEFLATER false --USE_JDK_INFLATER false
## htsjdk.samtools.metrics.StringHeader
# Started on: Sun May 03 01:30:40 UTC 2020

## METRICS CLASS	picard.analysis.InsertSizeMetrics
MEDIAN_INSERT_SIZE	MODE_INSERT_SIZE	MEDIAN_ABSOLUTE_DEVIATION	MIN_INSERT_SIZE	MAX_INSERT_SIZE	MEAN_INSERT_SIZE	STANDARD_DEVIATION	READ_PAIRS	PAIR_ORIENTATION	WIDTH_OF_10_PERCENT	WIDTH_OF_20_PERCENT	WIDTH_OF_30_PERCENT	WIDTH_OF_40_PERCENT	WIDTH_OF_50_PERCENT	WIDTH_OF_60_PERCENT	WIDTH_OF_70_PERCENT	WIDTH_OF_80_PERCENT	WIDTH_OF_90_PERCENT	WIDTH_OF_95_PERCENT	WIDTH_OF_99_PERCENT	SAMPLE	LIBRARY	READ_GROUP
167	166	11	85	253	167.511054	19.485905	56592768	FR	5	9	13	17	23	29	37	49	65	83	119			

## HISTOGRAM	java.lang.Integer
insert_size	All_Reads.fr_count
85	6
86	3
87	5
88	3
89	3474
90	3356
91	3522
92	3275
93	3461
94	4282
95	4491
96	4483
97	3937
98	4195
99	12539
100	13897
101	14828
102	15287
103	15574
104	16015
105	16803
106	17739
107	19873
108	21554
109	25353
110	30142
111	35545
112	37045
113	34383
114	32395
115	33089
116	35806
117	39604
118	45684
119	53585
120	67380
121	88327
122	106707
123	106407
124	87218
125	71144
126	68745
127	74045
128	82312
129	95825
130	118170
131	153111
132	206346
133	260863
134	273896
135	244633
136	217470
137	228006
138	272918
139	342935
140	427187
141	496894
142	522585
143	519478
144	523795
145	531350
146	531053
147	537538
148	562411
149	603874
150	653538
151	716668
152	768255
153	772972
154	741854
155	740489
156	782791
157	863064
158	960520
159	1062275
160	1138924
161	1187426
162	1239646
163	1338992
164	1494428
165	1637132
166	1692178
167	1684683
168	1643222
169	1575303
170	1487115
171	1395334
172	1317244
173	1271760
174	1240523
175	1213570
176	1175572
177	1115187
178	1039445
179	958941
180	877239
181	798869
182	730593
183	674060
184	629938
185	593062
186	564997
187	538950
188	511727
189	480139
190	444966
191	408231
192	371782
193	340497
194	313064
195	290977
196	273124
197	258851
198	246529
199	236175
200	222895
201	208637
202	191980
203	177507
204	162969
205	149658
206	138954
207	130311
208	122781
209	116640
210	109936
211	103115
212	95301
213	87689
214	79485
215	72663
216	67520
217	62701
218	58750
219	55334
220	52679
221	48812
222	45216
223	41915
224	38583
225	35170
226	32050
227	30068
228	27839
229	26481
230	25002
231	23183
232	22152
233	20132
234	18671
235	17483
236	15945
237	14982
238	13978
239	13677
240	13557
241	13085
242	13511
243	11359
244	9542
245	9168
246	8156
247	3750
248	3629
249	3701
250	3366
251	121
252	155
253	147

