## htsjdk.samtools.metrics.StringHeader
# CollectInsertSizeMetrics  --Histogram_FILE pandisease.epifluidlab.cchmc.org/results/20200420-week-17/jhu-cfdna-frag/picard_metrics/EGAR00002028047.hg19.insert_size.pdf --INPUT pandisease.epifluidlab.cchmc.org/results/20200420-week-17/jhu-cfdna-frag/filtered_bam/EGAR00002028047.hg19.filtered.bam --OUTPUT pandisease.epifluidlab.cchmc.org/results/20200420-week-17/jhu-cfdna-frag/picard_metrics/EGAR00002028047.hg19.insert_size.txt  --DEVIATIONS 10.0 --MINIMUM_PCT 0.05 --METRIC_ACCUMULATION_LEVEL ALL_READS --INCLUDE_DUPLICATES false --ASSUME_SORTED true --STOP_AFTER 0 --VERBOSITY INFO --QUIET false --VALIDATION_STRINGENCY STRICT --COMPRESSION_LEVEL 5 --MAX_RECORDS_IN_RAM 500000 --CREATE_INDEX false --CREATE_MD5_FILE false --GA4GH_CLIENT_SECRETS client_secrets.json --help false --version false --showHidden false --USE_JDK_DEFLATER false --USE_JDK_INFLATER false
## htsjdk.samtools.metrics.StringHeader
# Started on: Sun May 03 13:20:33 UTC 2020

## METRICS CLASS	picard.analysis.InsertSizeMetrics
MEDIAN_INSERT_SIZE	MODE_INSERT_SIZE	MEDIAN_ABSOLUTE_DEVIATION	MIN_INSERT_SIZE	MAX_INSERT_SIZE	MEAN_INSERT_SIZE	STANDARD_DEVIATION	READ_PAIRS	PAIR_ORIENTATION	WIDTH_OF_10_PERCENT	WIDTH_OF_20_PERCENT	WIDTH_OF_30_PERCENT	WIDTH_OF_40_PERCENT	WIDTH_OF_50_PERCENT	WIDTH_OF_60_PERCENT	WIDTH_OF_70_PERCENT	WIDTH_OF_80_PERCENT	WIDTH_OF_90_PERCENT	WIDTH_OF_95_PERCENT	WIDTH_OF_99_PERCENT	SAMPLE	LIBRARY	READ_GROUP
169	168	12	80	262	169.382476	21.269481	40705845	FR	5	9	13	19	25	33	41	53	71	89	127			

## HISTOGRAM	java.lang.Integer
insert_size	All_Reads.fr_count
80	7
81	3
82	6
83	1827
84	2147
85	2150
86	2257
87	1970
88	2553
89	2679
90	2793
91	2758
92	2498
93	3067
94	3280
95	3446
96	3520
97	3093
98	3357
99	10419
100	12026
101	13543
102	13813
103	14140
104	14076
105	13601
106	14916
107	17120
108	19047
109	22883
110	28152
111	32425
112	33430
113	29953
114	28428
115	28162
116	30383
117	33309
118	38082
119	45992
120	57824
121	75804
122	90949
123	89790
124	72432
125	58827
126	55428
127	59001
128	66101
129	76209
130	93231
131	120115
132	158034
133	198337
134	205147
135	180348
136	154858
137	155912
138	180992
139	226203
140	287590
141	335573
142	351135
143	350771
144	355413
145	361711
146	358976
147	356733
148	370544
149	394751
150	427757
151	472801
152	513088
153	516613
154	491813
155	479820
156	495371
157	533656
158	589558
159	658633
160	717578
161	755382
162	782720
163	825380
164	897585
165	968454
166	1010255
167	1030167
168	1032577
169	1020298
170	990171
171	949885
172	910256
173	891874
174	883432
175	878966
176	867036
177	836945
178	795729
179	746723
180	697251
181	644932
182	598729
183	560006
184	529155
185	504743
186	486094
187	467948
188	447537
189	424850
190	397786
191	366973
192	338480
193	311567
194	288459
195	269514
196	254499
197	242737
198	232348
199	222133
200	210106
201	196806
202	181631
203	166710
204	154365
205	142226
206	132513
207	124581
208	117818
209	112085
210	105620
211	98768
212	91975
213	84712
214	77503
215	70932
216	66323
217	61224
218	57242
219	53918
220	50882
221	47894
222	44145
223	41229
224	37772
225	34688
226	31828
227	29424
228	27260
229	25804
230	24254
231	22975
232	21175
233	19542
234	18091
235	16550
236	15472
237	14289
238	13721
239	12978
240	12306
241	11921
242	11111
243	10559
244	9918
245	9420
246	8657
247	8349
248	7837
249	7904
250	8356
251	7105
252	5833
253	5580
254	5258
255	5225
256	5059
257	4907
258	4887
259	4504
260	589
261	673
262	542

