## htsjdk.samtools.metrics.StringHeader
# CollectInsertSizeMetrics  --Histogram_FILE pandisease.epifluidlab.cchmc.org/results/20200420-week-17/jhu-cfdna-frag/picard_metrics/EGAR00002027996.hg19.insert_size.pdf --INPUT pandisease.epifluidlab.cchmc.org/results/20200420-week-17/jhu-cfdna-frag/filtered_bam/EGAR00002027996.hg19.filtered.bam --OUTPUT pandisease.epifluidlab.cchmc.org/results/20200420-week-17/jhu-cfdna-frag/picard_metrics/EGAR00002027996.hg19.insert_size.txt  --DEVIATIONS 10.0 --MINIMUM_PCT 0.05 --METRIC_ACCUMULATION_LEVEL ALL_READS --INCLUDE_DUPLICATES false --ASSUME_SORTED true --STOP_AFTER 0 --VERBOSITY INFO --QUIET false --VALIDATION_STRINGENCY STRICT --COMPRESSION_LEVEL 5 --MAX_RECORDS_IN_RAM 500000 --CREATE_INDEX false --CREATE_MD5_FILE false --GA4GH_CLIENT_SECRETS client_secrets.json --help false --version false --showHidden false --USE_JDK_DEFLATER false --USE_JDK_INFLATER false
## htsjdk.samtools.metrics.StringHeader
# Started on: Sun May 03 11:50:54 UTC 2020

## METRICS CLASS	picard.analysis.InsertSizeMetrics
MEDIAN_INSERT_SIZE	MODE_INSERT_SIZE	MEDIAN_ABSOLUTE_DEVIATION	MIN_INSERT_SIZE	MAX_INSERT_SIZE	MEAN_INSERT_SIZE	STANDARD_DEVIATION	READ_PAIRS	PAIR_ORIENTATION	WIDTH_OF_10_PERCENT	WIDTH_OF_20_PERCENT	WIDTH_OF_30_PERCENT	WIDTH_OF_40_PERCENT	WIDTH_OF_50_PERCENT	WIDTH_OF_60_PERCENT	WIDTH_OF_70_PERCENT	WIDTH_OF_80_PERCENT	WIDTH_OF_90_PERCENT	WIDTH_OF_95_PERCENT	WIDTH_OF_99_PERCENT	SAMPLE	LIBRARY	READ_GROUP
168	167	10	93	247	168.354065	19.043295	37171962	FR	5	7	11	17	21	29	37	47	65	81	117			

## HISTOGRAM	java.lang.Integer
insert_size	All_Reads.fr_count
93	1211
94	1843
95	1833
96	2868
97	2804
98	2959
99	8268
100	9239
101	10388
102	10797
103	11101
104	11318
105	11464
106	12339
107	14301
108	15949
109	18296
110	22032
111	24329
112	25674
113	24374
114	23051
115	23782
116	25329
117	27898
118	31733
119	36775
120	45716
121	57231
122	67211
123	66520
124	54687
125	45592
126	43959
127	48352
128	53711
129	61006
130	73542
131	92296
132	121288
133	150617
134	156442
135	139866
136	125777
137	132363
138	157783
139	197469
140	243449
141	279060
142	291814
143	292048
144	296578
145	300953
146	303331
147	310984
148	333431
149	362390
150	393271
151	426382
152	456546
153	458528
154	442087
155	442450
156	465420
157	517950
158	582175
159	653766
160	709517
161	743185
162	784142
163	854848
164	971599
165	1082714
166	1134300
167	1138866
168	1114859
169	1078491
170	1027158
171	967069
172	918746
173	896896
174	888269
175	882096
176	862167
177	818698
178	759018
179	694789
180	630008
181	570113
182	521334
183	480744
184	448550
185	425651
186	402337
187	384876
188	362946
189	339095
190	310047
191	281656
192	254773
193	233005
194	213097
195	198610
196	185588
197	175827
198	166668
199	158186
200	148250
201	136745
202	125405
203	114606
204	104952
205	97120
206	89512
207	84203
208	79414
209	75038
210	70666
211	66236
212	60307
213	55860
214	50573
215	46356
216	43053
217	39895
218	37136
219	34971
220	32874
221	30659
222	28193
223	26273
224	24430
225	22094
226	20370
227	18615
228	17369
229	16565
230	15705
231	14513
232	13672
233	12590
234	11736
235	10846
236	10438
237	9490
238	8755
239	8978
240	8256
241	7105
242	7018
243	5987
244	779
245	614
246	655
247	551

