## htsjdk.samtools.metrics.StringHeader
# CollectInsertSizeMetrics  --Histogram_FILE pandisease.epifluidlab.cchmc.org/results/20200420-week-17/jhu-cfdna-frag/picard_metrics/EGAR00002027983.hg19.insert_size.pdf --INPUT pandisease.epifluidlab.cchmc.org/results/20200420-week-17/jhu-cfdna-frag/filtered_bam/EGAR00002027983.hg19.filtered.bam --OUTPUT pandisease.epifluidlab.cchmc.org/results/20200420-week-17/jhu-cfdna-frag/picard_metrics/EGAR00002027983.hg19.insert_size.txt  --DEVIATIONS 10.0 --MINIMUM_PCT 0.05 --METRIC_ACCUMULATION_LEVEL ALL_READS --INCLUDE_DUPLICATES false --ASSUME_SORTED true --STOP_AFTER 0 --VERBOSITY INFO --QUIET false --VALIDATION_STRINGENCY STRICT --COMPRESSION_LEVEL 5 --MAX_RECORDS_IN_RAM 500000 --CREATE_INDEX false --CREATE_MD5_FILE false --GA4GH_CLIENT_SECRETS client_secrets.json --help false --version false --showHidden false --USE_JDK_DEFLATER false --USE_JDK_INFLATER false
## htsjdk.samtools.metrics.StringHeader
# Started on: Sun May 03 09:26:22 UTC 2020

## METRICS CLASS	picard.analysis.InsertSizeMetrics
MEDIAN_INSERT_SIZE	MODE_INSERT_SIZE	MEDIAN_ABSOLUTE_DEVIATION	MIN_INSERT_SIZE	MAX_INSERT_SIZE	MEAN_INSERT_SIZE	STANDARD_DEVIATION	READ_PAIRS	PAIR_ORIENTATION	WIDTH_OF_10_PERCENT	WIDTH_OF_20_PERCENT	WIDTH_OF_30_PERCENT	WIDTH_OF_40_PERCENT	WIDTH_OF_50_PERCENT	WIDTH_OF_60_PERCENT	WIDTH_OF_70_PERCENT	WIDTH_OF_80_PERCENT	WIDTH_OF_90_PERCENT	WIDTH_OF_95_PERCENT	WIDTH_OF_99_PERCENT	SAMPLE	LIBRARY	READ_GROUP
171	167	10	84	271	172.8317	19.851811	39315492	FR	5	9	13	17	21	29	37	49	65	83	129			

## HISTOGRAM	java.lang.Integer
insert_size	All_Reads.fr_count
84	2
85	12
86	28
87	25
88	29
89	93
90	109
91	129
92	168
93	173
94	229
95	214
96	456
97	792
98	929
99	2711
100	2997
101	5388
102	5922
103	6020
104	6293
105	6304
106	6468
107	7664
108	8192
109	9185
110	10816
111	11463
112	12347
113	12186
114	11791
115	12051
116	12634
117	13713
118	16578
119	19411
120	23383
121	30230
122	36125
123	36431
124	31304
125	26791
126	25865
127	28377
128	31512
129	37094
130	44613
131	57699
132	78521
133	98893
134	105616
135	96028
136	87586
137	93141
138	110908
139	140698
140	177108
141	209944
142	223645
143	224867
144	234001
145	242880
146	247051
147	256126
148	274719
149	300216
150	327933
151	362035
152	395790
153	404430
154	396601
155	401451
156	427839
157	480172
158	545261
159	613745
160	669383
161	712287
162	758175
163	834415
164	957680
165	1073085
166	1135105
167	1154944
168	1148436
169	1124621
170	1078533
171	1028735
172	986444
173	972715
174	971106
175	970705
176	958418
177	923774
178	869280
179	806310
180	743433
181	682891
182	630133
183	586361
184	553065
185	530117
186	510220
187	490493
188	466429
189	441146
190	410559
191	377812
192	346832
193	318188
194	296591
195	277447
196	261825
197	251966
198	241380
199	229789
200	217909
201	205007
202	190573
203	175685
204	162648
205	150794
206	141195
207	133183
208	126098
209	120736
210	114020
211	107285
212	100687
213	92509
214	85276
215	78538
216	73044
217	68132
218	63778
219	60690
220	57078
221	53477
222	50247
223	46682
224	43240
225	39360
226	36659
227	33889
228	31914
229	30181
230	28413
231	27319
232	25209
233	23547
234	21837
235	20476
236	19057
237	17871
238	17065
239	16724
240	17599
241	15185
242	13476
243	12985
244	12139
245	11249
246	10700
247	10356
248	10052
249	9780
250	9490
251	9472
252	9377
253	9114
254	8822
255	8822
256	8681
257	8478
258	8231
259	8075
260	7997
261	6683
262	6712
263	6911
264	6260
265	2967
266	3089
267	2825
268	371
269	184
270	202
271	197

