## htsjdk.samtools.metrics.StringHeader
# CollectInsertSizeMetrics  --Histogram_FILE pandisease.epifluidlab.cchmc.org/results/20200420-week-17/jhu-cfdna-frag/picard_metrics/EGAR00002028020.hg19.insert_size.pdf --INPUT pandisease.epifluidlab.cchmc.org/results/20200420-week-17/jhu-cfdna-frag/filtered_bam/EGAR00002028020.hg19.filtered.bam --OUTPUT pandisease.epifluidlab.cchmc.org/results/20200420-week-17/jhu-cfdna-frag/picard_metrics/EGAR00002028020.hg19.insert_size.txt  --DEVIATIONS 10.0 --MINIMUM_PCT 0.05 --METRIC_ACCUMULATION_LEVEL ALL_READS --INCLUDE_DUPLICATES false --ASSUME_SORTED true --STOP_AFTER 0 --VERBOSITY INFO --QUIET false --VALIDATION_STRINGENCY STRICT --COMPRESSION_LEVEL 5 --MAX_RECORDS_IN_RAM 500000 --CREATE_INDEX false --CREATE_MD5_FILE false --GA4GH_CLIENT_SECRETS client_secrets.json --help false --version false --showHidden false --USE_JDK_DEFLATER false --USE_JDK_INFLATER false
## htsjdk.samtools.metrics.StringHeader
# Started on: Sun May 03 14:49:12 UTC 2020

## METRICS CLASS	picard.analysis.InsertSizeMetrics
MEDIAN_INSERT_SIZE	MODE_INSERT_SIZE	MEDIAN_ABSOLUTE_DEVIATION	MIN_INSERT_SIZE	MAX_INSERT_SIZE	MEAN_INSERT_SIZE	STANDARD_DEVIATION	READ_PAIRS	PAIR_ORIENTATION	WIDTH_OF_10_PERCENT	WIDTH_OF_20_PERCENT	WIDTH_OF_30_PERCENT	WIDTH_OF_40_PERCENT	WIDTH_OF_50_PERCENT	WIDTH_OF_60_PERCENT	WIDTH_OF_70_PERCENT	WIDTH_OF_80_PERCENT	WIDTH_OF_90_PERCENT	WIDTH_OF_95_PERCENT	WIDTH_OF_99_PERCENT	SAMPLE	LIBRARY	READ_GROUP
167	166	10	91	245	166.985706	18.794484	36130107	FR	5	7	11	17	21	29	37	47	63	79	115			

## HISTOGRAM	java.lang.Integer
insert_size	All_Reads.fr_count
91	79
92	2188
93	2233
94	2387
95	2970
96	3353
97	2659
98	2905
99	7845
100	8670
101	9578
102	9579
103	10071
104	10432
105	10340
106	11461
107	13107
108	14198
109	16219
110	19618
111	21437
112	22618
113	21816
114	20579
115	21210
116	22457
117	25009
118	28554
119	33473
120	41889
121	54210
122	64351
123	63959
124	52423
125	43431
126	42464
127	45851
128	50975
129	58701
130	72183
131	93751
132	127149
133	159492
134	168401
135	150776
136	134760
137	142495
138	171839
139	218307
140	273691
141	316660
142	330439
143	329229
144	332363
145	339264
146	338267
147	345218
148	364299
149	392604
150	427443
151	469579
152	504539
153	505208
154	485888
155	483789
156	512636
157	565147
158	632626
159	699926
160	751689
161	784290
162	816981
163	884812
164	991124
165	1089836
166	1127129
167	1121064
168	1092694
169	1045411
170	982947
171	918994
172	862492
173	828924
174	806542
175	786434
176	759676
177	716388
178	668954
179	612669
180	557650
181	504328
182	458353
183	419443
184	386618
185	362889
186	343208
187	325633
188	306627
189	285505
190	263738
191	240206
192	217384
193	198193
194	181625
195	168196
196	157217
197	147758
198	140793
199	134486
200	126042
201	117047
202	108415
203	99534
204	91518
205	83892
206	78003
207	72965
208	68974
209	65888
210	61768
211	58063
212	53231
213	49139
214	44744
215	41371
216	38237
217	35162
218	33055
219	30640
220	29138
221	27257
222	25374
223	23160
224	21657
225	19741
226	17809
227	16894
228	15758
229	15046
230	13873
231	13012
232	12473
233	11449
234	10610
235	9770
236	8996
237	8525
238	8889
239	7627
240	6300
241	6394
242	5892
243	1535
244	1641
245	1432

