## htsjdk.samtools.metrics.StringHeader
# CollectInsertSizeMetrics  --Histogram_FILE pandisease.epifluidlab.cchmc.org/results/20200420-week-17/jhu-cfdna-frag/picard_metrics/EGAR00002027939.hg19.insert_size.pdf --INPUT pandisease.epifluidlab.cchmc.org/results/20200420-week-17/jhu-cfdna-frag/filtered_bam/EGAR00002027939.hg19.filtered.bam --OUTPUT pandisease.epifluidlab.cchmc.org/results/20200420-week-17/jhu-cfdna-frag/picard_metrics/EGAR00002027939.hg19.insert_size.txt  --DEVIATIONS 10.0 --MINIMUM_PCT 0.05 --METRIC_ACCUMULATION_LEVEL ALL_READS --INCLUDE_DUPLICATES false --ASSUME_SORTED true --STOP_AFTER 0 --VERBOSITY INFO --QUIET false --VALIDATION_STRINGENCY STRICT --COMPRESSION_LEVEL 5 --MAX_RECORDS_IN_RAM 500000 --CREATE_INDEX false --CREATE_MD5_FILE false --GA4GH_CLIENT_SECRETS client_secrets.json --help false --version false --showHidden false --USE_JDK_DEFLATER false --USE_JDK_INFLATER false
## htsjdk.samtools.metrics.StringHeader
# Started on: Sun May 03 14:46:10 UTC 2020

## METRICS CLASS	picard.analysis.InsertSizeMetrics
MEDIAN_INSERT_SIZE	MODE_INSERT_SIZE	MEDIAN_ABSOLUTE_DEVIATION	MIN_INSERT_SIZE	MAX_INSERT_SIZE	MEAN_INSERT_SIZE	STANDARD_DEVIATION	READ_PAIRS	PAIR_ORIENTATION	WIDTH_OF_10_PERCENT	WIDTH_OF_20_PERCENT	WIDTH_OF_30_PERCENT	WIDTH_OF_40_PERCENT	WIDTH_OF_50_PERCENT	WIDTH_OF_60_PERCENT	WIDTH_OF_70_PERCENT	WIDTH_OF_80_PERCENT	WIDTH_OF_90_PERCENT	WIDTH_OF_95_PERCENT	WIDTH_OF_99_PERCENT	SAMPLE	LIBRARY	READ_GROUP
166	166	11	87	248	166.251772	19.343293	41155625	FR	5	7	13	17	23	29	37	47	65	83	119			

## HISTOGRAM	java.lang.Integer
insert_size	All_Reads.fr_count
87	89
88	2153
89	2290
90	2310
91	2858
92	2916
93	3089
94	3443
95	3465
96	3735
97	3148
98	4002
99	10954
100	12084
101	13121
102	13387
103	14286
104	14804
105	14766
106	15633
107	17213
108	18958
109	22337
110	26252
111	29833
112	30931
113	28587
114	27371
115	28180
116	30692
117	34047
118	37910
119	43487
120	54604
121	70565
122	83854
123	82711
124	68722
125	56530
126	55954
127	60282
128	67597
129	78085
130	96175
131	123765
132	165225
133	207350
134	217296
135	194804
136	177033
137	187374
138	222403
139	275502
140	336731
141	385194
142	401048
143	398599
144	402393
145	412221
146	413493
147	419531
148	441652
149	471351
150	506047
151	547613
152	580645
153	583919
154	562480
155	565243
156	601371
157	662986
158	734320
159	801917
160	853524
161	889081
162	930657
163	1011417
164	1138112
165	1247778
166	1283127
167	1260919
168	1212527
169	1151890
170	1074891
171	999059
172	938952
173	903986
174	879186
175	854808
176	819475
177	772968
178	713850
179	653118
180	594735
181	536844
182	489316
183	448808
184	416796
185	392266
186	373477
187	353664
188	335089
189	312765
190	289433
191	264499
192	240670
193	219744
194	201433
195	187124
196	175548
197	167822
198	159804
199	152875
200	143749
201	133977
202	123696
203	112830
204	104149
205	94842
206	89000
207	83408
208	78900
209	75263
210	70415
211	66025
212	61199
213	55800
214	51060
215	47104
216	43469
217	40104
218	37371
219	35404
220	33300
221	31390
222	29064
223	26510
224	24566
225	22704
226	20544
227	19197
228	17775
229	17248
230	16052
231	14887
232	14041
233	12804
234	12027
235	11273
236	10474
237	9869
238	9336
239	8816
240	8492
241	8913
242	7590
243	6502
244	6108
245	5362
246	2868
247	2692
248	2503

