## htsjdk.samtools.metrics.StringHeader
# CollectInsertSizeMetrics  --Histogram_FILE pandisease.epifluidlab.cchmc.org/results/20200420-week-17/jhu-cfdna-frag/picard_metrics/EGAR00002027967.hg19.insert_size.pdf --INPUT pandisease.epifluidlab.cchmc.org/results/20200420-week-17/jhu-cfdna-frag/filtered_bam/EGAR00002027967.hg19.filtered.bam --OUTPUT pandisease.epifluidlab.cchmc.org/results/20200420-week-17/jhu-cfdna-frag/picard_metrics/EGAR00002027967.hg19.insert_size.txt  --DEVIATIONS 10.0 --MINIMUM_PCT 0.05 --METRIC_ACCUMULATION_LEVEL ALL_READS --INCLUDE_DUPLICATES false --ASSUME_SORTED true --STOP_AFTER 0 --VERBOSITY INFO --QUIET false --VALIDATION_STRINGENCY STRICT --COMPRESSION_LEVEL 5 --MAX_RECORDS_IN_RAM 500000 --CREATE_INDEX false --CREATE_MD5_FILE false --GA4GH_CLIENT_SECRETS client_secrets.json --help false --version false --showHidden false --USE_JDK_DEFLATER false --USE_JDK_INFLATER false
## htsjdk.samtools.metrics.StringHeader
# Started on: Sun May 03 15:01:15 UTC 2020

## METRICS CLASS	picard.analysis.InsertSizeMetrics
MEDIAN_INSERT_SIZE	MODE_INSERT_SIZE	MEDIAN_ABSOLUTE_DEVIATION	MIN_INSERT_SIZE	MAX_INSERT_SIZE	MEAN_INSERT_SIZE	STANDARD_DEVIATION	READ_PAIRS	PAIR_ORIENTATION	WIDTH_OF_10_PERCENT	WIDTH_OF_20_PERCENT	WIDTH_OF_30_PERCENT	WIDTH_OF_40_PERCENT	WIDTH_OF_50_PERCENT	WIDTH_OF_60_PERCENT	WIDTH_OF_70_PERCENT	WIDTH_OF_80_PERCENT	WIDTH_OF_90_PERCENT	WIDTH_OF_95_PERCENT	WIDTH_OF_99_PERCENT	SAMPLE	LIBRARY	READ_GROUP
167	166	11	84	248	166.387828	19.844788	38223744	FR	5	9	13	17	23	29	39	49	67	85	121			

## HISTOGRAM	java.lang.Integer
insert_size	All_Reads.fr_count
84	2284
85	2133
86	2132
87	1869
88	2092
89	2689
90	2901
91	2808
92	2468
93	2741
94	2873
95	3665
96	3554
97	3122
98	3410
99	9629
100	10917
101	12674
102	13102
103	13677
104	13916
105	13703
106	14472
107	16985
108	19044
109	22567
110	27680
111	31422
112	33269
113	30868
114	29484
115	29761
116	32416
117	35361
118	40136
119	47634
120	59283
121	76443
122	91921
123	91031
124	74443
125	61240
126	59371
127	63412
128	71112
129	81280
130	97887
131	124124
132	166015
133	206172
134	215503
135	191669
136	168516
137	172886
138	201373
139	250999
140	310065
141	357160
142	377036
143	376864
144	381231
145	385412
146	380111
147	379489
148	393834
149	420260
150	452067
151	493323
152	529532
153	534712
154	512376
155	505739
156	526823
157	573286
158	637143
159	704792
160	756125
161	793112
162	829754
163	894029
164	993642
165	1085909
166	1122487
167	1119744
168	1093947
169	1054373
170	996349
171	936700
172	883780
173	852177
174	830028
175	808546
176	782957
177	739034
178	684912
179	629941
180	572959
181	522521
182	476953
183	438722
184	407960
185	383159
186	363464
187	345606
188	326136
189	305054
190	282760
191	258799
192	234534
193	215232
194	196767
195	183539
196	172386
197	162086
198	154586
199	146474
200	138187
201	128012
202	118576
203	109053
204	99664
205	91544
206	85603
207	79601
208	75016
209	71264
210	67486
211	63191
212	58551
213	53789
214	49542
215	44732
216	41040
217	38316
218	36223
219	34117
220	31937
221	29936
222	27800
223	25458
224	23660
225	21584
226	19759
227	18682
228	17142
229	16276
230	15424
231	14531
232	13694
233	12660
234	11661
235	10689
236	9943
237	9589
238	9074
239	8791
240	8308
241	7951
242	7844
243	7372
244	7861
245	6394
246	4718
247	4620
248	4243

