## htsjdk.samtools.metrics.StringHeader
# CollectInsertSizeMetrics  --Histogram_FILE pandisease.epifluidlab.cchmc.org/results/20200420-week-17/jhu-cfdna-frag/picard_metrics/EGAR00002027999.hg19.insert_size.pdf --INPUT pandisease.epifluidlab.cchmc.org/results/20200420-week-17/jhu-cfdna-frag/filtered_bam/EGAR00002027999.hg19.filtered.bam --OUTPUT pandisease.epifluidlab.cchmc.org/results/20200420-week-17/jhu-cfdna-frag/picard_metrics/EGAR00002027999.hg19.insert_size.txt  --DEVIATIONS 10.0 --MINIMUM_PCT 0.05 --METRIC_ACCUMULATION_LEVEL ALL_READS --INCLUDE_DUPLICATES false --ASSUME_SORTED true --STOP_AFTER 0 --VERBOSITY INFO --QUIET false --VALIDATION_STRINGENCY STRICT --COMPRESSION_LEVEL 5 --MAX_RECORDS_IN_RAM 500000 --CREATE_INDEX false --CREATE_MD5_FILE false --GA4GH_CLIENT_SECRETS client_secrets.json --help false --version false --showHidden false --USE_JDK_DEFLATER false --USE_JDK_INFLATER false
## htsjdk.samtools.metrics.StringHeader
# Started on: Sun May 03 10:59:45 UTC 2020

## METRICS CLASS	picard.analysis.InsertSizeMetrics
MEDIAN_INSERT_SIZE	MODE_INSERT_SIZE	MEDIAN_ABSOLUTE_DEVIATION	MIN_INSERT_SIZE	MAX_INSERT_SIZE	MEAN_INSERT_SIZE	STANDARD_DEVIATION	READ_PAIRS	PAIR_ORIENTATION	WIDTH_OF_10_PERCENT	WIDTH_OF_20_PERCENT	WIDTH_OF_30_PERCENT	WIDTH_OF_40_PERCENT	WIDTH_OF_50_PERCENT	WIDTH_OF_60_PERCENT	WIDTH_OF_70_PERCENT	WIDTH_OF_80_PERCENT	WIDTH_OF_90_PERCENT	WIDTH_OF_95_PERCENT	WIDTH_OF_99_PERCENT	SAMPLE	LIBRARY	READ_GROUP
167	166	10	89	246	167.243675	18.972356	37467458	FR	5	7	11	17	21	29	37	47	63	81	117			

## HISTOGRAM	java.lang.Integer
insert_size	All_Reads.fr_count
89	240
90	269
91	232
92	2153
93	2382
94	2820
95	3347
96	3408
97	2719
98	3087
99	7870
100	9235
101	10012
102	10447
103	10845
104	11132
105	11455
106	12629
107	14042
108	15430
109	17679
110	21478
111	24255
112	25918
113	24350
114	23371
115	24256
116	25860
117	28307
118	32334
119	37654
120	46099
121	58823
122	69585
123	69274
124	57248
125	48098
126	48117
127	51411
128	57386
129	65599
130	79299
131	100892
132	132714
133	164755
134	174352
135	158452
136	143256
137	151169
138	178317
139	220138
140	270451
141	311693
142	328042
143	330431
144	336095
145	344904
146	347636
147	356019
148	373963
149	399222
150	429148
151	464966
152	495190
153	498385
154	482734
155	483747
156	510623
157	561674
158	624169
159	689021
160	739119
161	777659
162	816524
163	886276
164	1002245
165	1108116
166	1156044
167	1155162
168	1126196
169	1084942
170	1026171
171	965434
172	914677
173	887217
174	872936
175	856672
176	827018
177	780219
178	719722
179	656208
180	594917
181	535491
182	487775
183	447751
184	415423
185	389743
186	369571
187	349181
188	328447
189	306178
190	279507
191	254469
192	230392
193	209855
194	192857
195	178774
196	167728
197	157874
198	150413
199	142207
200	134130
201	124647
202	113910
203	104764
204	97174
205	88079
206	81878
207	76697
208	72229
209	68629
210	64227
211	60093
212	55549
213	50857
214	46405
215	42737
216	39451
217	36468
218	33903
219	31911
220	29904
221	28166
222	26113
223	23984
224	22132
225	20231
226	18759
227	17232
228	16068
229	15472
230	14434
231	13475
232	12513
233	11701
234	10826
235	10135
236	9333
237	8966
238	9190
239	7934
240	6776
241	6454
242	6442
243	4779
244	4549
245	4643
246	4086

