## htsjdk.samtools.metrics.StringHeader
# CollectInsertSizeMetrics  --Histogram_FILE pandisease.epifluidlab.cchmc.org/results/20200420-week-17/jhu-cfdna-frag/picard_metrics/EGAR00002028054.hg19.insert_size.pdf --INPUT pandisease.epifluidlab.cchmc.org/results/20200420-week-17/jhu-cfdna-frag/filtered_bam/EGAR00002028054.hg19.filtered.bam --OUTPUT pandisease.epifluidlab.cchmc.org/results/20200420-week-17/jhu-cfdna-frag/picard_metrics/EGAR00002028054.hg19.insert_size.txt  --DEVIATIONS 10.0 --MINIMUM_PCT 0.05 --METRIC_ACCUMULATION_LEVEL ALL_READS --INCLUDE_DUPLICATES false --ASSUME_SORTED true --STOP_AFTER 0 --VERBOSITY INFO --QUIET false --VALIDATION_STRINGENCY STRICT --COMPRESSION_LEVEL 5 --MAX_RECORDS_IN_RAM 500000 --CREATE_INDEX false --CREATE_MD5_FILE false --GA4GH_CLIENT_SECRETS client_secrets.json --help false --version false --showHidden false --USE_JDK_DEFLATER false --USE_JDK_INFLATER false
## htsjdk.samtools.metrics.StringHeader
# Started on: Sun May 03 15:10:19 UTC 2020

## METRICS CLASS	picard.analysis.InsertSizeMetrics
MEDIAN_INSERT_SIZE	MODE_INSERT_SIZE	MEDIAN_ABSOLUTE_DEVIATION	MIN_INSERT_SIZE	MAX_INSERT_SIZE	MEAN_INSERT_SIZE	STANDARD_DEVIATION	READ_PAIRS	PAIR_ORIENTATION	WIDTH_OF_10_PERCENT	WIDTH_OF_20_PERCENT	WIDTH_OF_30_PERCENT	WIDTH_OF_40_PERCENT	WIDTH_OF_50_PERCENT	WIDTH_OF_60_PERCENT	WIDTH_OF_70_PERCENT	WIDTH_OF_80_PERCENT	WIDTH_OF_90_PERCENT	WIDTH_OF_95_PERCENT	WIDTH_OF_99_PERCENT	SAMPLE	LIBRARY	READ_GROUP
166	166	11	79	247	164.501929	19.47097	36315582	FR	5	9	13	17	23	29	37	49	65	83	119			

## HISTOGRAM	java.lang.Integer
insert_size	All_Reads.fr_count
79	204
80	171
81	220
82	223
83	2101
84	2684
85	2331
86	2439
87	2390
88	2717
89	3087
90	3082
91	2876
92	2702
93	3474
94	3676
95	3960
96	3963
97	3464
98	3778
99	14163
100	16113
101	17551
102	18311
103	18681
104	18770
105	18642
106	19989
107	22183
108	24510
109	28902
110	35419
111	40803
112	42101
113	38157
114	35410
115	35419
116	38022
117	41475
118	46587
119	54283
120	67651
121	88279
122	104139
123	101586
124	81369
125	65848
126	61999
127	65785
128	72429
129	82818
130	101265
131	129800
132	170775
133	212802
134	222497
135	200177
136	177914
137	185081
138	216891
139	265424
140	324271
141	369282
142	383741
143	384912
144	391904
145	401579
146	402209
147	407163
148	421828
149	443009
150	469590
151	500090
152	524534
153	522076
154	503211
155	505804
156	535379
157	584706
158	643099
159	697917
160	735267
161	759693
162	790508
163	858035
164	963853
165	1058894
166	1093313
167	1080921
168	1044260
169	996019
170	935349
171	874765
172	823712
173	793549
174	779794
175	765684
176	739717
177	694009
178	637119
179	575063
180	515856
181	463609
182	420315
183	384341
184	357785
185	337609
186	321300
187	302555
188	282101
189	259357
190	235953
191	211806
192	190106
193	172354
194	156830
195	145791
196	134462
197	126982
198	119915
199	111903
200	102955
201	94430
202	86298
203	78865
204	71578
205	65767
206	60430
207	56150
208	52653
209	48969
210	46047
211	42848
212	39428
213	35416
214	32131
215	29506
216	27428
217	25199
218	23624
219	21932
220	20539
221	19168
222	17558
223	16201
224	14937
225	13650
226	12615
227	11849
228	10973
229	10604
230	9901
231	9379
232	8855
233	8114
234	7538
235	7057
236	6555
237	6437
238	6171
239	5903
240	5867
241	5711
242	5456
243	5964
244	4035
245	3478
246	3029
247	64

