## htsjdk.samtools.metrics.StringHeader
# CollectInsertSizeMetrics  --Histogram_FILE pandisease.epifluidlab.cchmc.org/results/20200420-week-17/jhu-cfdna-frag/picard_metrics/EGAR00002027986.hg19.insert_size.pdf --INPUT pandisease.epifluidlab.cchmc.org/results/20200420-week-17/jhu-cfdna-frag/filtered_bam/EGAR00002027986.hg19.filtered.bam --OUTPUT pandisease.epifluidlab.cchmc.org/results/20200420-week-17/jhu-cfdna-frag/picard_metrics/EGAR00002027986.hg19.insert_size.txt  --DEVIATIONS 10.0 --MINIMUM_PCT 0.05 --METRIC_ACCUMULATION_LEVEL ALL_READS --INCLUDE_DUPLICATES false --ASSUME_SORTED true --STOP_AFTER 0 --VERBOSITY INFO --QUIET false --VALIDATION_STRINGENCY STRICT --COMPRESSION_LEVEL 5 --MAX_RECORDS_IN_RAM 500000 --CREATE_INDEX false --CREATE_MD5_FILE false --GA4GH_CLIENT_SECRETS client_secrets.json --help false --version false --showHidden false --USE_JDK_DEFLATER false --USE_JDK_INFLATER false
## htsjdk.samtools.metrics.StringHeader
# Started on: Sun May 03 14:59:32 UTC 2020

## METRICS CLASS	picard.analysis.InsertSizeMetrics
MEDIAN_INSERT_SIZE	MODE_INSERT_SIZE	MEDIAN_ABSOLUTE_DEVIATION	MIN_INSERT_SIZE	MAX_INSERT_SIZE	MEAN_INSERT_SIZE	STANDARD_DEVIATION	READ_PAIRS	PAIR_ORIENTATION	WIDTH_OF_10_PERCENT	WIDTH_OF_20_PERCENT	WIDTH_OF_30_PERCENT	WIDTH_OF_40_PERCENT	WIDTH_OF_50_PERCENT	WIDTH_OF_60_PERCENT	WIDTH_OF_70_PERCENT	WIDTH_OF_80_PERCENT	WIDTH_OF_90_PERCENT	WIDTH_OF_95_PERCENT	WIDTH_OF_99_PERCENT	SAMPLE	LIBRARY	READ_GROUP
169	167	11	86	254	168.644434	19.74018	34775337	FR	5	9	13	17	23	29	37	49	67	83	121			

## HISTOGRAM	java.lang.Integer
insert_size	All_Reads.fr_count
86	3
87	5
88	2
89	4
90	2299
91	2186
92	2004
93	2558
94	2788
95	2834
96	2817
97	2454
98	3177
99	8734
100	10041
101	11043
102	11552
103	11797
104	12689
105	12346
106	13036
107	14895
108	16585
109	19735
110	24198
111	28054
112	29256
113	26591
114	25272
115	25409
116	27181
117	29952
118	34784
119	40843
120	50047
121	62757
122	73430
123	71388
124	58832
125	47916
126	46777
127	50126
128	55488
129	62301
130	74559
131	93580
132	121184
133	148602
134	153598
135	137806
136	122812
137	127279
138	150563
139	185149
140	227209
141	260097
142	270942
143	270968
144	275441
145	279418
146	279946
147	287356
148	306509
149	329424
150	356448
151	385727
152	410839
153	413599
154	403217
155	402104
156	427584
157	471254
158	525972
159	584944
160	631064
161	663843
162	695979
163	757169
164	854551
165	947901
166	992850
167	998808
168	987681
169	960682
170	919399
171	873015
172	834643
173	818314
174	816791
175	818987
176	807841
177	771898
178	723473
179	664504
180	609618
181	556142
182	512011
183	476339
184	448116
185	427496
186	409904
187	392161
188	370107
189	345929
190	316667
191	289356
192	261733
193	238947
194	219310
195	203656
196	191267
197	182138
198	172009
199	160097
200	150518
201	137689
202	125670
203	115165
204	104912
205	96177
206	89678
207	83147
208	78253
209	73446
210	68480
211	63661
212	58089
213	53707
214	48817
215	44834
216	41001
217	37902
218	35396
219	32826
220	30761
221	29114
222	26585
223	23997
224	22734
225	20445
226	18507
227	17332
228	16587
229	15105
230	14270
231	13300
232	12603
233	11643
234	10847
235	9958
236	9169
237	8436
238	8159
239	7865
240	7584
241	7048
242	6827
243	7304
244	5882
245	5046
246	4629
247	4544
248	4289
249	4225
250	4239
251	3871
252	110
253	120
254	122

