## htsjdk.samtools.metrics.StringHeader
# CollectInsertSizeMetrics  --Histogram_FILE pandisease.epifluidlab.cchmc.org/results/20200420-week-17/jhu-cfdna-frag/picard_metrics/EGAR00002028064.hg19.insert_size.pdf --INPUT pandisease.epifluidlab.cchmc.org/results/20200420-week-17/jhu-cfdna-frag/filtered_bam/EGAR00002028064.hg19.filtered.bam --OUTPUT pandisease.epifluidlab.cchmc.org/results/20200420-week-17/jhu-cfdna-frag/picard_metrics/EGAR00002028064.hg19.insert_size.txt  --DEVIATIONS 10.0 --MINIMUM_PCT 0.05 --METRIC_ACCUMULATION_LEVEL ALL_READS --INCLUDE_DUPLICATES false --ASSUME_SORTED true --STOP_AFTER 0 --VERBOSITY INFO --QUIET false --VALIDATION_STRINGENCY STRICT --COMPRESSION_LEVEL 5 --MAX_RECORDS_IN_RAM 500000 --CREATE_INDEX false --CREATE_MD5_FILE false --GA4GH_CLIENT_SECRETS client_secrets.json --help false --version false --showHidden false --USE_JDK_DEFLATER false --USE_JDK_INFLATER false
## htsjdk.samtools.metrics.StringHeader
# Started on: Sun May 03 01:57:41 UTC 2020

## METRICS CLASS	picard.analysis.InsertSizeMetrics
MEDIAN_INSERT_SIZE	MODE_INSERT_SIZE	MEDIAN_ABSOLUTE_DEVIATION	MIN_INSERT_SIZE	MAX_INSERT_SIZE	MEAN_INSERT_SIZE	STANDARD_DEVIATION	READ_PAIRS	PAIR_ORIENTATION	WIDTH_OF_10_PERCENT	WIDTH_OF_20_PERCENT	WIDTH_OF_30_PERCENT	WIDTH_OF_40_PERCENT	WIDTH_OF_50_PERCENT	WIDTH_OF_60_PERCENT	WIDTH_OF_70_PERCENT	WIDTH_OF_80_PERCENT	WIDTH_OF_90_PERCENT	WIDTH_OF_95_PERCENT	WIDTH_OF_99_PERCENT	SAMPLE	LIBRARY	READ_GROUP
168	167	12	82	257	168.056535	20.713544	54131252	FR	5	9	13	19	25	31	41	51	69	89	125			

## HISTOGRAM	java.lang.Integer
insert_size	All_Reads.fr_count
82	904
83	1206
84	1343
85	1221
86	3047
87	2751
88	3685
89	3875
90	3847
91	3972
92	3469
93	3849
94	4632
95	4864
96	4978
97	4356
98	4691
99	16682
100	19788
101	21799
102	22326
103	23118
104	23109
105	23131
106	25019
107	28570
108	31522
109	36546
110	44383
111	50262
112	52603
113	49291
114	46367
115	47464
116	50171
117	54723
118	60775
119	70935
120	86672
121	111351
122	129892
123	128563
124	107107
125	88219
126	86084
127	91396
128	99847
129	113433
130	134296
131	167065
132	217746
133	267983
134	277432
135	246933
136	218982
137	225389
138	262151
139	321825
140	395215
141	455268
142	474948
143	472101
144	478527
145	488999
146	490519
147	497490
148	520536
149	555078
150	591522
151	638898
152	676101
153	674923
154	645725
155	634782
156	662635
157	724273
158	807072
159	895540
160	968409
161	1012459
162	1055254
163	1132065
164	1260146
165	1384363
166	1450323
167	1472058
168	1459564
169	1426384
170	1366177
171	1296931
172	1239883
173	1215495
174	1209976
175	1211953
176	1195363
177	1146737
178	1075054
179	994412
180	909393
181	831382
182	766497
183	709096
184	668041
185	640927
186	615515
187	589451
188	562368
189	527739
190	486146
191	442062
192	402787
193	368823
194	339047
195	316892
196	298414
197	283357
198	270647
199	255355
200	238004
201	221564
202	203518
203	185852
204	170972
205	156937
206	146155
207	137306
208	129620
209	122240
210	114786
211	106451
212	98588
213	90300
214	82820
215	76084
216	70006
217	64952
218	60676
219	57093
220	53422
221	50179
222	46865
223	42387
224	39569
225	36153
226	32744
227	30842
228	28663
229	27267
230	26167
231	23963
232	21913
233	20896
234	19369
235	17751
236	16684
237	15574
238	14613
239	14081
240	13619
241	13020
242	12728
243	11791
244	11100
245	10479
246	10623
247	9329
248	8314
249	8495
250	7759
251	6469
252	6308
253	6494
254	5703
255	397
256	454
257	407

