## htsjdk.samtools.metrics.StringHeader
# CollectInsertSizeMetrics  --Histogram_FILE pandisease.epifluidlab.cchmc.org/results/20200420-week-17/jhu-cfdna-frag/picard_metrics/EGAR00002027990.hg19.insert_size.pdf --INPUT pandisease.epifluidlab.cchmc.org/results/20200420-week-17/jhu-cfdna-frag/filtered_bam/EGAR00002027990.hg19.filtered.bam --OUTPUT pandisease.epifluidlab.cchmc.org/results/20200420-week-17/jhu-cfdna-frag/picard_metrics/EGAR00002027990.hg19.insert_size.txt  --DEVIATIONS 10.0 --MINIMUM_PCT 0.05 --METRIC_ACCUMULATION_LEVEL ALL_READS --INCLUDE_DUPLICATES false --ASSUME_SORTED true --STOP_AFTER 0 --VERBOSITY INFO --QUIET false --VALIDATION_STRINGENCY STRICT --COMPRESSION_LEVEL 5 --MAX_RECORDS_IN_RAM 500000 --CREATE_INDEX false --CREATE_MD5_FILE false --GA4GH_CLIENT_SECRETS client_secrets.json --help false --version false --showHidden false --USE_JDK_DEFLATER false --USE_JDK_INFLATER false
## htsjdk.samtools.metrics.StringHeader
# Started on: Sun May 03 14:28:39 UTC 2020

## METRICS CLASS	picard.analysis.InsertSizeMetrics
MEDIAN_INSERT_SIZE	MODE_INSERT_SIZE	MEDIAN_ABSOLUTE_DEVIATION	MIN_INSERT_SIZE	MAX_INSERT_SIZE	MEAN_INSERT_SIZE	STANDARD_DEVIATION	READ_PAIRS	PAIR_ORIENTATION	WIDTH_OF_10_PERCENT	WIDTH_OF_20_PERCENT	WIDTH_OF_30_PERCENT	WIDTH_OF_40_PERCENT	WIDTH_OF_50_PERCENT	WIDTH_OF_60_PERCENT	WIDTH_OF_70_PERCENT	WIDTH_OF_80_PERCENT	WIDTH_OF_90_PERCENT	WIDTH_OF_95_PERCENT	WIDTH_OF_99_PERCENT	SAMPLE	LIBRARY	READ_GROUP
167	166	10	86	247	165.863287	19.029371	36875509	FR	5	7	11	17	21	29	37	47	65	81	117			

## HISTOGRAM	java.lang.Integer
insert_size	All_Reads.fr_count
86	7
87	858
88	1051
89	1054
90	1220
91	2420
92	2415
93	2476
94	2834
95	2815
96	2957
97	2752
98	3187
99	9603
100	10738
101	11852
102	13051
103	13781
104	14030
105	13883
106	14960
107	16993
108	19059
109	22665
110	28201
111	31727
112	33044
113	30743
114	28908
115	29816
116	32756
117	35915
118	40414
119	47100
120	57312
121	72325
122	84778
123	84571
124	70469
125	58851
126	57586
127	61957
128	69063
129	78679
130	94511
131	118523
132	153666
133	188531
134	198411
135	179691
136	161966
137	170072
138	198543
139	242228
140	292258
141	332399
142	346378
143	347099
144	353455
145	361501
146	363641
147	371196
148	390292
149	414482
150	441455
151	473868
152	500015
153	501876
154	487555
155	488838
156	515372
157	564472
158	627962
159	689448
160	739466
161	773927
162	813182
163	887102
164	1003221
165	1109120
166	1149930
167	1141261
168	1111445
169	1062639
170	1003131
171	941166
172	886035
173	853851
174	836042
175	821666
176	792946
177	743410
178	682146
179	617850
180	557649
181	501988
182	454983
183	416719
184	385123
185	361033
186	340136
187	319770
188	298046
189	274783
190	251143
191	225938
192	203853
193	185548
194	168939
195	156172
196	145236
197	136848
198	128524
199	121389
200	113022
201	103945
202	95800
203	87394
204	80101
205	73163
206	68602
207	64154
208	60343
209	56677
210	53419
211	49839
212	45884
213	42000
214	38382
215	35195
216	32583
217	30293
218	28266
219	26689
220	24791
221	23136
222	21424
223	19906
224	18570
225	16576
226	15143
227	14368
228	13665
229	12870
230	12201
231	11247
232	10678
233	9843
234	9140
235	8634
236	8033
237	8052
238	7076
239	6491
240	6986
241	6097
242	3647
243	3602
244	3295
245	126
246	104
247	121

