## htsjdk.samtools.metrics.StringHeader
# CollectInsertSizeMetrics  --Histogram_FILE pandisease.epifluidlab.cchmc.org/results/20200420-week-17/jhu-cfdna-frag/picard_metrics/EGAR00002028041.hg19.insert_size.pdf --INPUT pandisease.epifluidlab.cchmc.org/results/20200420-week-17/jhu-cfdna-frag/filtered_bam/EGAR00002028041.hg19.filtered.bam --OUTPUT pandisease.epifluidlab.cchmc.org/results/20200420-week-17/jhu-cfdna-frag/picard_metrics/EGAR00002028041.hg19.insert_size.txt  --DEVIATIONS 10.0 --MINIMUM_PCT 0.05 --METRIC_ACCUMULATION_LEVEL ALL_READS --INCLUDE_DUPLICATES false --ASSUME_SORTED true --STOP_AFTER 0 --VERBOSITY INFO --QUIET false --VALIDATION_STRINGENCY STRICT --COMPRESSION_LEVEL 5 --MAX_RECORDS_IN_RAM 500000 --CREATE_INDEX false --CREATE_MD5_FILE false --GA4GH_CLIENT_SECRETS client_secrets.json --help false --version false --showHidden false --USE_JDK_DEFLATER false --USE_JDK_INFLATER false
## htsjdk.samtools.metrics.StringHeader
# Started on: Sun May 03 06:41:32 UTC 2020

## METRICS CLASS	picard.analysis.InsertSizeMetrics
MEDIAN_INSERT_SIZE	MODE_INSERT_SIZE	MEDIAN_ABSOLUTE_DEVIATION	MIN_INSERT_SIZE	MAX_INSERT_SIZE	MEAN_INSERT_SIZE	STANDARD_DEVIATION	READ_PAIRS	PAIR_ORIENTATION	WIDTH_OF_10_PERCENT	WIDTH_OF_20_PERCENT	WIDTH_OF_30_PERCENT	WIDTH_OF_40_PERCENT	WIDTH_OF_50_PERCENT	WIDTH_OF_60_PERCENT	WIDTH_OF_70_PERCENT	WIDTH_OF_80_PERCENT	WIDTH_OF_90_PERCENT	WIDTH_OF_95_PERCENT	WIDTH_OF_99_PERCENT	SAMPLE	LIBRARY	READ_GROUP
167	167	11	85	248	166.433046	19.467902	45343761	FR	5	9	13	17	23	29	37	49	65	83	119			

## HISTOGRAM	java.lang.Integer
insert_size	All_Reads.fr_count
85	220
86	242
87	240
88	2758
89	2781
90	3189
91	3732
92	3211
93	3323
94	3699
95	3894
96	4840
97	3954
98	4313
99	14442
100	16403
101	17931
102	19546
103	19997
104	19914
105	19726
106	21185
107	24196
108	27551
109	31953
110	38406
111	43199
112	44282
113	41007
114	37938
115	39602
116	42318
117	45797
118	52124
119	59242
120	72606
121	91422
122	108439
123	108193
124	88716
125	72826
126	70019
127	74945
128	83285
129	94729
130	112663
131	141896
132	183996
133	228640
134	238063
135	211522
136	187903
137	193809
138	227464
139	279343
140	345531
141	397514
142	416768
143	417544
144	422523
145	432613
146	431620
147	438084
148	461108
149	495359
150	531534
151	578728
152	619434
153	620614
154	597376
155	586785
156	610248
157	663867
158	737152
159	819133
160	882361
161	920926
162	958972
163	1026888
164	1140444
165	1248523
166	1303267
167	1315008
168	1301818
169	1265353
170	1206890
171	1140879
172	1083854
173	1049994
174	1031588
175	1020941
176	991418
177	943447
178	881370
179	809825
180	739491
181	671394
182	612736
183	563545
184	523338
185	491083
186	461290
187	434465
188	408082
189	377651
190	345121
191	312213
192	284218
193	255749
194	233222
195	215371
196	199592
197	186288
198	175630
199	164967
200	153015
201	140930
202	128483
203	117089
204	107287
205	98373
206	91264
207	84705
208	79618
209	74610
210	69901
211	65004
212	59819
213	54632
214	49913
215	45324
216	42131
217	39094
218	36079
219	33988
220	31796
221	29713
222	27429
223	25100
224	23243
225	20906
226	19570
227	18020
228	16622
229	15692
230	14718
231	14117
232	13016
233	12065
234	11155
235	10000
236	9604
237	8958
238	8699
239	8278
240	8018
241	8493
242	7125
243	5857
244	5784
245	5229
246	1030
247	996
248	888

