## htsjdk.samtools.metrics.StringHeader
# CollectInsertSizeMetrics  --Histogram_FILE pandisease.epifluidlab.cchmc.org/results/20200420-week-17/jhu-cfdna-frag/picard_metrics/EGAR00002028013.hg19.insert_size.pdf --INPUT pandisease.epifluidlab.cchmc.org/results/20200420-week-17/jhu-cfdna-frag/filtered_bam/EGAR00002028013.hg19.filtered.bam --OUTPUT pandisease.epifluidlab.cchmc.org/results/20200420-week-17/jhu-cfdna-frag/picard_metrics/EGAR00002028013.hg19.insert_size.txt  --DEVIATIONS 10.0 --MINIMUM_PCT 0.05 --METRIC_ACCUMULATION_LEVEL ALL_READS --INCLUDE_DUPLICATES false --ASSUME_SORTED true --STOP_AFTER 0 --VERBOSITY INFO --QUIET false --VALIDATION_STRINGENCY STRICT --COMPRESSION_LEVEL 5 --MAX_RECORDS_IN_RAM 500000 --CREATE_INDEX false --CREATE_MD5_FILE false --GA4GH_CLIENT_SECRETS client_secrets.json --help false --version false --showHidden false --USE_JDK_DEFLATER false --USE_JDK_INFLATER false
## htsjdk.samtools.metrics.StringHeader
# Started on: Sun May 03 14:48:12 UTC 2020

## METRICS CLASS	picard.analysis.InsertSizeMetrics
MEDIAN_INSERT_SIZE	MODE_INSERT_SIZE	MEDIAN_ABSOLUTE_DEVIATION	MIN_INSERT_SIZE	MAX_INSERT_SIZE	MEAN_INSERT_SIZE	STANDARD_DEVIATION	READ_PAIRS	PAIR_ORIENTATION	WIDTH_OF_10_PERCENT	WIDTH_OF_20_PERCENT	WIDTH_OF_30_PERCENT	WIDTH_OF_40_PERCENT	WIDTH_OF_50_PERCENT	WIDTH_OF_60_PERCENT	WIDTH_OF_70_PERCENT	WIDTH_OF_80_PERCENT	WIDTH_OF_90_PERCENT	WIDTH_OF_95_PERCENT	WIDTH_OF_99_PERCENT	SAMPLE	LIBRARY	READ_GROUP
166	166	11	82	250	165.047263	19.776116	36871668	FR	5	9	13	17	23	31	39	49	67	85	121			

## HISTOGRAM	java.lang.Integer
insert_size	All_Reads.fr_count
82	32
83	2349
84	2552
85	2277
86	2520
87	2270
88	2931
89	3222
90	3014
91	2947
92	2822
93	3562
94	3775
95	3786
96	4174
97	3321
98	3804
99	11575
100	13055
101	13979
102	14811
103	15072
104	15211
105	15231
106	16916
107	18782
108	20845
109	24780
110	30820
111	35382
112	36995
113	34488
114	32361
115	33158
116	35338
117	40018
118	45391
119	53613
120	67831
121	89455
122	106198
123	104625
124	84881
125	69293
126	66177
127	71157
128	78589
129	90371
130	109006
131	139191
132	182795
133	225329
134	234858
135	207628
136	182707
137	189837
138	221976
139	273219
140	333255
141	379430
142	393660
143	392792
144	394453
145	398438
146	394754
147	394824
148	409874
149	434854
150	461040
151	493057
152	519995
153	517247
154	498344
155	492785
156	515441
157	560350
158	619588
159	679657
160	725866
161	755808
162	788820
163	852216
164	953086
165	1040833
166	1078032
167	1072902
168	1042054
169	1001674
170	944323
171	884866
172	838359
173	811911
174	797297
175	783703
176	758633
177	717240
178	661534
179	603463
180	546099
181	491421
182	448626
183	412062
184	380620
185	359397
186	339180
187	319706
188	299592
189	275748
190	251548
191	227193
192	205127
193	185378
194	169580
195	157288
196	144680
197	136387
198	128054
199	120100
200	111627
201	102818
202	94503
203	85716
204	78680
205	72110
206	66745
207	62256
208	58859
209	54990
210	51249
211	47314
212	43826
213	40151
214	36204
215	33320
216	30738
217	28445
218	26758
219	25305
220	23768
221	22380
222	20758
223	19011
224	17422
225	16154
226	14830
227	13701
228	12911
229	12550
230	11929
231	11365
232	10748
233	9732
234	9298
235	8584
236	7966
237	7695
238	7527
239	7518
240	7168
241	7189
242	6964
243	7491
244	6040
245	5226
246	5065
247	4651
248	2636
249	2764
250	2467

