## htsjdk.samtools.metrics.StringHeader
# CollectInsertSizeMetrics  --Histogram_FILE pandisease.epifluidlab.cchmc.org/results/20200420-week-17/jhu-cfdna-frag/picard_metrics/EGAR00002028031.hg19.insert_size.pdf --INPUT pandisease.epifluidlab.cchmc.org/results/20200420-week-17/jhu-cfdna-frag/filtered_bam/EGAR00002028031.hg19.filtered.bam --OUTPUT pandisease.epifluidlab.cchmc.org/results/20200420-week-17/jhu-cfdna-frag/picard_metrics/EGAR00002028031.hg19.insert_size.txt  --DEVIATIONS 10.0 --MINIMUM_PCT 0.05 --METRIC_ACCUMULATION_LEVEL ALL_READS --INCLUDE_DUPLICATES false --ASSUME_SORTED true --STOP_AFTER 0 --VERBOSITY INFO --QUIET false --VALIDATION_STRINGENCY STRICT --COMPRESSION_LEVEL 5 --MAX_RECORDS_IN_RAM 500000 --CREATE_INDEX false --CREATE_MD5_FILE false --GA4GH_CLIENT_SECRETS client_secrets.json --help false --version false --showHidden false --USE_JDK_DEFLATER false --USE_JDK_INFLATER false
## htsjdk.samtools.metrics.StringHeader
# Started on: Sun May 03 03:34:15 UTC 2020

## METRICS CLASS	picard.analysis.InsertSizeMetrics
MEDIAN_INSERT_SIZE	MODE_INSERT_SIZE	MEDIAN_ABSOLUTE_DEVIATION	MIN_INSERT_SIZE	MAX_INSERT_SIZE	MEAN_INSERT_SIZE	STANDARD_DEVIATION	READ_PAIRS	PAIR_ORIENTATION	WIDTH_OF_10_PERCENT	WIDTH_OF_20_PERCENT	WIDTH_OF_30_PERCENT	WIDTH_OF_40_PERCENT	WIDTH_OF_50_PERCENT	WIDTH_OF_60_PERCENT	WIDTH_OF_70_PERCENT	WIDTH_OF_80_PERCENT	WIDTH_OF_90_PERCENT	WIDTH_OF_95_PERCENT	WIDTH_OF_99_PERCENT	SAMPLE	LIBRARY	READ_GROUP
168	167	10	89	251	168.466027	19.202028	142885979	FR	5	9	13	17	21	29	37	47	65	81	117			

## HISTOGRAM	java.lang.Integer
insert_size	All_Reads.fr_count
89	10
90	6503
91	6425
92	5733
93	6761
94	8205
95	8377
96	8554
97	7533
98	8196
99	28563
100	32441
101	35480
102	37537
103	38850
104	39752
105	41738
106	44898
107	50862
108	57194
109	66700
110	80296
111	92829
112	96012
113	88615
114	83416
115	86234
116	92110
117	103421
118	118408
119	136767
120	169078
121	219934
122	261096
123	256980
124	207518
125	169114
126	164131
127	176238
128	195391
129	225663
130	275813
131	355535
132	472083
133	583372
134	606798
135	539642
136	485015
137	511447
138	612027
139	764685
140	946848
141	1090496
142	1142960
143	1143441
144	1161808
145	1187860
146	1196834
147	1230090
148	1308707
149	1412557
150	1522010
151	1658738
152	1768645
153	1776266
154	1720218
155	1728742
156	1843352
157	2038715
158	2277117
159	2523493
160	2710814
161	2839477
162	2975119
163	3247093
164	3676908
165	4075839
166	4256947
167	4274345
168	4192093
169	4049033
170	3849751
171	3643604
172	3473055
173	3401002
174	3379143
175	3363570
176	3297384
177	3143229
178	2923612
179	2679525
180	2439508
181	2210363
182	2019626
183	1866048
184	1749269
185	1662395
186	1582619
187	1508987
188	1426914
189	1322900
190	1214898
191	1099890
192	994664
193	905278
194	831188
195	774076
196	726159
197	689635
198	652178
199	616185
200	575865
201	533146
202	489893
203	447037
204	411064
205	378375
206	352096
207	329996
208	310087
209	292582
210	275208
211	255426
212	236378
213	217259
214	197892
215	181611
216	167469
217	155078
218	145835
219	137639
220	129171
221	120679
222	111448
223	102364
224	94648
225	87292
226	79642
227	73744
228	68709
229	64634
230	61147
231	57471
232	53766
233	49917
234	46077
235	42349
236	39682
237	37401
238	36087
239	34169
240	33251
241	31711
242	30442
243	32835
244	26489
245	18936
246	19123
247	16951
248	745
249	761
250	781
251	421

