## htsjdk.samtools.metrics.StringHeader
# CollectInsertSizeMetrics  --Histogram_FILE pandisease.epifluidlab.cchmc.org/results/20200420-week-17/jhu-cfdna-frag/picard_metrics/EGAR00002027930.hg19.insert_size.pdf --INPUT pandisease.epifluidlab.cchmc.org/results/20200420-week-17/jhu-cfdna-frag/filtered_bam/EGAR00002027930.hg19.filtered.bam --OUTPUT pandisease.epifluidlab.cchmc.org/results/20200420-week-17/jhu-cfdna-frag/picard_metrics/EGAR00002027930.hg19.insert_size.txt  --DEVIATIONS 10.0 --MINIMUM_PCT 0.05 --METRIC_ACCUMULATION_LEVEL ALL_READS --INCLUDE_DUPLICATES false --ASSUME_SORTED true --STOP_AFTER 0 --VERBOSITY INFO --QUIET false --VALIDATION_STRINGENCY STRICT --COMPRESSION_LEVEL 5 --MAX_RECORDS_IN_RAM 500000 --CREATE_INDEX false --CREATE_MD5_FILE false --GA4GH_CLIENT_SECRETS client_secrets.json --help false --version false --showHidden false --USE_JDK_DEFLATER false --USE_JDK_INFLATER false
## htsjdk.samtools.metrics.StringHeader
# Started on: Sun May 03 14:45:12 UTC 2020

## METRICS CLASS	picard.analysis.InsertSizeMetrics
MEDIAN_INSERT_SIZE	MODE_INSERT_SIZE	MEDIAN_ABSOLUTE_DEVIATION	MIN_INSERT_SIZE	MAX_INSERT_SIZE	MEAN_INSERT_SIZE	STANDARD_DEVIATION	READ_PAIRS	PAIR_ORIENTATION	WIDTH_OF_10_PERCENT	WIDTH_OF_20_PERCENT	WIDTH_OF_30_PERCENT	WIDTH_OF_40_PERCENT	WIDTH_OF_50_PERCENT	WIDTH_OF_60_PERCENT	WIDTH_OF_70_PERCENT	WIDTH_OF_80_PERCENT	WIDTH_OF_90_PERCENT	WIDTH_OF_95_PERCENT	WIDTH_OF_99_PERCENT	SAMPLE	LIBRARY	READ_GROUP
169	167	12	79	261	168.588229	21.296707	39578040	FR	5	9	13	19	25	33	41	53	71	91	127			

## HISTOGRAM	java.lang.Integer
insert_size	All_Reads.fr_count
79	17
80	29
81	26
82	1058
83	1313
84	1538
85	1423
86	2410
87	2200
88	2776
89	3093
90	3077
91	2934
92	2620
93	3226
94	3544
95	3689
96	3827
97	3221
98	3566
99	11620
100	13618
101	15159
102	15554
103	15901
104	16150
105	15821
106	17030
107	19233
108	21791
109	25866
110	32196
111	37075
112	38010
113	34688
114	32028
115	32088
116	34575
117	37448
118	43043
119	50406
120	63538
121	83990
122	100620
123	98827
124	78748
125	62605
126	58512
127	62179
128	68950
129	79344
130	96926
131	123561
132	163728
133	202905
134	208478
135	181811
136	156532
137	159852
138	188373
139	236370
140	296230
141	343190
142	356192
143	350264
144	351570
145	354782
146	351670
147	350045
148	364898
149	391556
150	423247
151	464669
152	499954
153	499006
154	474716
155	467009
156	488310
157	531984
158	594398
159	662602
160	716292
161	748416
162	775537
163	830216
164	914294
165	995367
166	1031111
167	1038750
168	1026958
169	1000322
170	959192
171	912800
172	871255
173	851441
174	841308
175	836394
176	819834
177	791190
178	748587
179	697959
180	651013
181	601708
182	557853
183	520137
184	491214
185	471122
186	453717
187	438058
188	419571
189	397729
190	371696
191	343163
192	316923
193	289503
194	268286
195	251310
196	237285
197	226627
198	216341
199	205924
200	194232
201	180827
202	166963
203	153147
204	141650
205	129865
206	121336
207	113627
208	108234
209	101629
210	96673
211	89859
212	83855
213	77012
214	70765
215	64507
216	59675
217	55473
218	51787
219	49289
220	46222
221	43598
222	40126
223	36813
224	34633
225	31268
226	28650
227	26593
228	24978
229	23639
230	22320
231	20801
232	19439
233	17523
234	16536
235	15320
236	13890
237	13318
238	12160
239	11872
240	11175
241	10761
242	9969
243	9562
244	8839
245	8370
246	8397
247	7640
248	6770
249	6828
250	6197
251	5455
252	5451
253	5225
254	5102
255	4890
256	4664
257	4661
258	4224
259	97
260	119
261	109

