## htsjdk.samtools.metrics.StringHeader
# CollectInsertSizeMetrics  --Histogram_FILE pandisease.epifluidlab.cchmc.org/results/20200420-week-17/jhu-cfdna-frag/picard_metrics/EGAR00002028029.hg19.insert_size.pdf --INPUT pandisease.epifluidlab.cchmc.org/results/20200420-week-17/jhu-cfdna-frag/filtered_bam/EGAR00002028029.hg19.filtered.bam --OUTPUT pandisease.epifluidlab.cchmc.org/results/20200420-week-17/jhu-cfdna-frag/picard_metrics/EGAR00002028029.hg19.insert_size.txt  --DEVIATIONS 10.0 --MINIMUM_PCT 0.05 --METRIC_ACCUMULATION_LEVEL ALL_READS --INCLUDE_DUPLICATES false --ASSUME_SORTED true --STOP_AFTER 0 --VERBOSITY INFO --QUIET false --VALIDATION_STRINGENCY STRICT --COMPRESSION_LEVEL 5 --MAX_RECORDS_IN_RAM 500000 --CREATE_INDEX false --CREATE_MD5_FILE false --GA4GH_CLIENT_SECRETS client_secrets.json --help false --version false --showHidden false --USE_JDK_DEFLATER false --USE_JDK_INFLATER false
## htsjdk.samtools.metrics.StringHeader
# Started on: Sun May 03 14:44:55 UTC 2020

## METRICS CLASS	picard.analysis.InsertSizeMetrics
MEDIAN_INSERT_SIZE	MODE_INSERT_SIZE	MEDIAN_ABSOLUTE_DEVIATION	MIN_INSERT_SIZE	MAX_INSERT_SIZE	MEAN_INSERT_SIZE	STANDARD_DEVIATION	READ_PAIRS	PAIR_ORIENTATION	WIDTH_OF_10_PERCENT	WIDTH_OF_20_PERCENT	WIDTH_OF_30_PERCENT	WIDTH_OF_40_PERCENT	WIDTH_OF_50_PERCENT	WIDTH_OF_60_PERCENT	WIDTH_OF_70_PERCENT	WIDTH_OF_80_PERCENT	WIDTH_OF_90_PERCENT	WIDTH_OF_95_PERCENT	WIDTH_OF_99_PERCENT	SAMPLE	LIBRARY	READ_GROUP
169	167	12	79	261	168.593433	20.903432	35475061	FR	5	9	13	19	25	33	41	53	69	87	127			

## HISTOGRAM	java.lang.Integer
insert_size	All_Reads.fr_count
79	1
80	2
81	2
82	4
83	1179
84	1391
85	1249
86	2365
87	1992
88	2424
89	2975
90	2941
91	2989
92	2627
93	2879
94	3195
95	3751
96	3643
97	3172
98	3183
99	8031
100	9401
101	10395
102	10798
103	11100
104	11271
105	11190
106	11836
107	13458
108	15381
109	17889
110	21807
111	25168
112	26789
113	25081
114	24095
115	24895
116	26479
117	29291
118	33346
119	39275
120	49155
121	64235
122	76830
123	77588
124	64880
125	53565
126	51688
127	55302
128	61232
129	70103
130	84611
131	106884
132	140697
133	176069
134	185650
135	165787
136	145444
137	146940
138	168702
139	206799
140	256776
141	298165
142	314266
143	314892
144	321051
145	330568
146	333777
147	337147
148	352692
149	375190
150	400861
151	433957
152	462080
153	462179
154	442696
155	432576
156	449098
157	485425
158	535060
159	590752
160	636945
161	666127
162	688462
163	731118
164	804938
165	881629
166	921130
167	935310
168	925179
169	903532
170	865648
171	825731
172	791327
173	780151
174	774232
175	775629
176	762740
177	731855
178	689953
179	641327
180	593396
181	545255
182	503294
183	468239
184	443121
185	423900
186	407135
187	390045
188	371853
189	349917
190	324707
191	298224
192	273450
193	250539
194	231283
195	215816
196	204768
197	194703
198	185910
199	176323
200	165862
201	154387
202	142323
203	131362
204	119982
205	111430
206	103263
207	97065
208	91985
209	87329
210	82612
211	76766
212	71180
213	65202
214	60228
215	54942
216	51478
217	47377
218	44317
219	41995
220	39480
221	37301
222	34567
223	31887
224	29158
225	26759
226	24736
227	22793
228	21438
229	20307
230	19217
231	17882
232	16815
233	15666
234	14460
235	13456
236	12373
237	11627
238	10935
239	10388
240	10301
241	9813
242	9398
243	8883
244	8275
245	7970
246	7840
247	6977
248	6273
249	6075
250	6343
251	5659
252	5119
253	5058
254	4858
255	4703
256	4555
257	4867
258	4280
259	101
260	124
261	109

