## htsjdk.samtools.metrics.StringHeader
# CollectInsertSizeMetrics  --Histogram_FILE pandisease.epifluidlab.cchmc.org/results/20200420-week-17/jhu-cfdna-frag/picard_metrics/EGAR00002027975.hg19.insert_size.pdf --INPUT pandisease.epifluidlab.cchmc.org/results/20200420-week-17/jhu-cfdna-frag/filtered_bam/EGAR00002027975.hg19.filtered.bam --OUTPUT pandisease.epifluidlab.cchmc.org/results/20200420-week-17/jhu-cfdna-frag/picard_metrics/EGAR00002027975.hg19.insert_size.txt  --DEVIATIONS 10.0 --MINIMUM_PCT 0.05 --METRIC_ACCUMULATION_LEVEL ALL_READS --INCLUDE_DUPLICATES false --ASSUME_SORTED true --STOP_AFTER 0 --VERBOSITY INFO --QUIET false --VALIDATION_STRINGENCY STRICT --COMPRESSION_LEVEL 5 --MAX_RECORDS_IN_RAM 500000 --CREATE_INDEX false --CREATE_MD5_FILE false --GA4GH_CLIENT_SECRETS client_secrets.json --help false --version false --showHidden false --USE_JDK_DEFLATER false --USE_JDK_INFLATER false
## htsjdk.samtools.metrics.StringHeader
# Started on: Sun May 03 15:13:55 UTC 2020

## METRICS CLASS	picard.analysis.InsertSizeMetrics
MEDIAN_INSERT_SIZE	MODE_INSERT_SIZE	MEDIAN_ABSOLUTE_DEVIATION	MIN_INSERT_SIZE	MAX_INSERT_SIZE	MEAN_INSERT_SIZE	STANDARD_DEVIATION	READ_PAIRS	PAIR_ORIENTATION	WIDTH_OF_10_PERCENT	WIDTH_OF_20_PERCENT	WIDTH_OF_30_PERCENT	WIDTH_OF_40_PERCENT	WIDTH_OF_50_PERCENT	WIDTH_OF_60_PERCENT	WIDTH_OF_70_PERCENT	WIDTH_OF_80_PERCENT	WIDTH_OF_90_PERCENT	WIDTH_OF_95_PERCENT	WIDTH_OF_99_PERCENT	SAMPLE	LIBRARY	READ_GROUP
168	167	11	83	258	168.843189	20.555924	35801687	FR	5	9	13	17	23	31	39	51	69	87	127			

## HISTOGRAM	java.lang.Integer
insert_size	All_Reads.fr_count
83	2
84	4
85	2
86	2278
87	1878
88	2264
89	2717
90	2537
91	2940
92	2608
93	2674
94	2988
95	3083
96	3781
97	3062
98	3407
99	8009
100	8692
101	9389
102	10356
103	10708
104	11022
105	10918
106	11563
107	12796
108	14217
109	17129
110	20670
111	23236
112	24567
113	22924
114	21734
115	22101
116	24515
117	26899
118	30711
119	36337
120	44834
121	57766
122	68363
123	67735
124	56824
125	47088
126	45506
127	48962
128	54339
129	62840
130	75433
131	96563
132	127953
133	160264
134	169157
135	149925
136	132391
137	137660
138	162784
139	202878
140	252961
141	292691
142	305170
143	305221
144	308738
145	315723
146	315639
147	318457
148	333179
149	358147
150	387164
151	423508
152	456413
153	458479
154	439197
155	433546
156	456463
157	500723
158	558303
159	620581
160	671478
161	703721
162	733821
163	792984
164	887732
165	972070
166	1008318
167	1012177
168	997702
169	966079
170	919236
171	871118
172	827174
173	803639
174	790648
175	780018
176	761148
177	726077
178	681842
179	629974
180	579728
181	530826
182	489001
183	452676
184	424783
185	405108
186	385815
187	369789
188	353293
189	333624
190	311745
191	286392
192	263462
193	242212
194	224006
195	208432
196	197405
197	188104
198	180935
199	172367
200	163676
201	154294
202	142959
203	131735
204	122423
205	112639
206	105131
207	99283
208	93658
209	89046
210	85142
211	80100
212	74551
213	69753
214	63604
215	58367
216	53938
217	50077
218	47611
219	45302
220	42380
221	40417
222	37694
223	34836
224	31668
225	29277
226	27225
227	25373
228	23726
229	22718
230	20830
231	19664
232	18551
233	17455
234	16261
235	14863
236	13761
237	12979
238	12282
239	11859
240	11219
241	10821
242	10150
243	9764
244	9488
245	8759
246	9088
247	7548
248	6376
249	6151
250	5902
251	5832
252	5691
253	5512
254	5552
255	5031
256	246
257	274
258	230

