## htsjdk.samtools.metrics.StringHeader
# CollectInsertSizeMetrics  --Histogram_FILE pandisease.epifluidlab.cchmc.org/results/20200420-week-17/jhu-cfdna-frag/picard_metrics/EGAR00002028044.hg19.insert_size.pdf --INPUT pandisease.epifluidlab.cchmc.org/results/20200420-week-17/jhu-cfdna-frag/filtered_bam/EGAR00002028044.hg19.filtered.bam --OUTPUT pandisease.epifluidlab.cchmc.org/results/20200420-week-17/jhu-cfdna-frag/picard_metrics/EGAR00002028044.hg19.insert_size.txt  --DEVIATIONS 10.0 --MINIMUM_PCT 0.05 --METRIC_ACCUMULATION_LEVEL ALL_READS --INCLUDE_DUPLICATES false --ASSUME_SORTED true --STOP_AFTER 0 --VERBOSITY INFO --QUIET false --VALIDATION_STRINGENCY STRICT --COMPRESSION_LEVEL 5 --MAX_RECORDS_IN_RAM 500000 --CREATE_INDEX false --CREATE_MD5_FILE false --GA4GH_CLIENT_SECRETS client_secrets.json --help false --version false --showHidden false --USE_JDK_DEFLATER false --USE_JDK_INFLATER false
## htsjdk.samtools.metrics.StringHeader
# Started on: Sun May 03 14:35:06 UTC 2020

## METRICS CLASS	picard.analysis.InsertSizeMetrics
MEDIAN_INSERT_SIZE	MODE_INSERT_SIZE	MEDIAN_ABSOLUTE_DEVIATION	MIN_INSERT_SIZE	MAX_INSERT_SIZE	MEAN_INSERT_SIZE	STANDARD_DEVIATION	READ_PAIRS	PAIR_ORIENTATION	WIDTH_OF_10_PERCENT	WIDTH_OF_20_PERCENT	WIDTH_OF_30_PERCENT	WIDTH_OF_40_PERCENT	WIDTH_OF_50_PERCENT	WIDTH_OF_60_PERCENT	WIDTH_OF_70_PERCENT	WIDTH_OF_80_PERCENT	WIDTH_OF_90_PERCENT	WIDTH_OF_95_PERCENT	WIDTH_OF_99_PERCENT	SAMPLE	LIBRARY	READ_GROUP
168	167	12	78	260	167.740856	21.287878	42289183	FR	5	9	13	19	25	33	41	53	71	91	129			

## HISTOGRAM	java.lang.Integer
insert_size	All_Reads.fr_count
78	882
79	994
80	869
81	834
82	2045
83	2344
84	2785
85	2537
86	2702
87	2371
88	2913
89	3055
90	3296
91	3966
92	3232
93	3427
94	3642
95	3695
96	4309
97	3584
98	4239
99	13709
100	15764
101	17383
102	18240
103	18629
104	19301
105	18900
106	20104
107	22613
108	25109
109	29831
110	36635
111	43200
112	44684
113	41261
114	37867
115	38497
116	41063
117	45154
118	51377
119	60071
120	75330
121	97327
122	114515
123	112556
124	91922
125	74167
126	71101
127	75769
128	83190
129	95587
130	114622
131	144292
132	187464
133	230194
134	237977
135	208891
136	181603
137	184991
138	213868
139	262553
140	322840
141	372702
142	387408
143	385230
144	389065
145	392796
146	388985
147	391392
148	406885
149	433606
150	465705
151	505522
152	538740
153	537695
154	515024
155	507489
156	528714
157	577666
158	644434
159	715841
160	770881
161	806549
162	832940
163	891581
164	985826
165	1076353
166	1123462
167	1134373
168	1120261
169	1089079
170	1041039
171	987308
172	941833
173	918160
174	907447
175	904888
176	888120
177	852987
178	800223
179	741453
180	680989
181	625803
182	576463
183	535654
184	504561
185	480886
186	460949
187	441969
188	422093
189	396638
190	368687
191	337733
192	309549
193	283443
194	261490
195	245015
196	231469
197	220056
198	209953
199	200589
200	188071
201	176099
202	161464
203	148981
204	136465
205	126402
206	118699
207	111244
208	105094
209	99818
210	93663
211	87930
212	81273
213	74683
214	68724
215	63677
216	58661
217	54879
218	51616
219	48256
220	45427
221	42883
222	39805
223	36865
224	33819
225	31141
226	28623
227	26383
228	24760
229	23492
230	22264
231	20754
232	19500
233	18075
234	16784
235	15526
236	14313
237	13613
238	12798
239	12108
240	11770
241	11018
242	10564
243	10006
244	9832
245	9128
246	8482
247	8122
248	7979
249	8101
250	7199
251	6622
252	6532
253	6256
254	5467
255	5313
256	5334
257	4946
258	119
259	121
260	117

