## htsjdk.samtools.metrics.StringHeader
# CollectInsertSizeMetrics  --Histogram_FILE pandisease.epifluidlab.cchmc.org/results/20200420-week-17/jhu-cfdna-frag/picard_metrics/EGAR00002028068.hg19.insert_size.pdf --INPUT pandisease.epifluidlab.cchmc.org/results/20200420-week-17/jhu-cfdna-frag/filtered_bam/EGAR00002028068.hg19.filtered.bam --OUTPUT pandisease.epifluidlab.cchmc.org/results/20200420-week-17/jhu-cfdna-frag/picard_metrics/EGAR00002028068.hg19.insert_size.txt  --DEVIATIONS 10.0 --MINIMUM_PCT 0.05 --METRIC_ACCUMULATION_LEVEL ALL_READS --INCLUDE_DUPLICATES false --ASSUME_SORTED true --STOP_AFTER 0 --VERBOSITY INFO --QUIET false --VALIDATION_STRINGENCY STRICT --COMPRESSION_LEVEL 5 --MAX_RECORDS_IN_RAM 500000 --CREATE_INDEX false --CREATE_MD5_FILE false --GA4GH_CLIENT_SECRETS client_secrets.json --help false --version false --showHidden false --USE_JDK_DEFLATER false --USE_JDK_INFLATER false
## htsjdk.samtools.metrics.StringHeader
# Started on: Sun May 03 02:49:52 UTC 2020

## METRICS CLASS	picard.analysis.InsertSizeMetrics
MEDIAN_INSERT_SIZE	MODE_INSERT_SIZE	MEDIAN_ABSOLUTE_DEVIATION	MIN_INSERT_SIZE	MAX_INSERT_SIZE	MEAN_INSERT_SIZE	STANDARD_DEVIATION	READ_PAIRS	PAIR_ORIENTATION	WIDTH_OF_10_PERCENT	WIDTH_OF_20_PERCENT	WIDTH_OF_30_PERCENT	WIDTH_OF_40_PERCENT	WIDTH_OF_50_PERCENT	WIDTH_OF_60_PERCENT	WIDTH_OF_70_PERCENT	WIDTH_OF_80_PERCENT	WIDTH_OF_90_PERCENT	WIDTH_OF_95_PERCENT	WIDTH_OF_99_PERCENT	SAMPLE	LIBRARY	READ_GROUP
167	166	11	90	245	166.601026	19.24229	219514537	FR	5	9	13	17	23	29	37	47	65	81	117			

## HISTOGRAM	java.lang.Integer
insert_size	All_Reads.fr_count
90	2737
91	13727
92	12561
93	13355
94	14933
95	15084
96	18190
97	16559
98	17395
99	50448
100	57552
101	64184
102	70828
103	73846
104	74566
105	75574
106	81765
107	91730
108	104416
109	124658
110	151591
111	174469
112	180958
113	167961
114	159307
115	165247
116	182817
117	205096
118	231004
119	267721
120	332660
121	428550
122	506175
123	494902
124	409480
125	340769
126	330833
127	352622
128	388961
129	440635
130	526961
131	662233
132	860239
133	1051801
134	1097247
135	982689
136	898327
137	957644
138	1136141
139	1397594
140	1694206
141	1929813
142	2020875
143	2035646
144	2073901
145	2113433
146	2122869
147	2171268
148	2283325
149	2432477
150	2584466
151	2756830
152	2906135
153	2914591
154	2845889
155	2871074
156	3035419
157	3320905
158	3665830
159	4015353
160	4278686
161	4483266
162	4717939
163	5160729
164	5819760
165	6410306
166	6630766
167	6583174
168	6400565
169	6142365
170	5816455
171	5475308
172	5210430
173	5063383
174	4991820
175	4920943
176	4768147
177	4500683
178	4152530
179	3780431
180	3422831
181	3096492
182	2826123
183	2606852
184	2434019
185	2305150
186	2188092
187	2068076
188	1939213
189	1796310
190	1639731
191	1485539
192	1342345
193	1219199
194	1120210
195	1039503
196	974682
197	918834
198	867456
199	814780
200	757296
201	698528
202	637109
203	583020
204	534955
205	490897
206	457219
207	425771
208	401175
209	376902
210	351917
211	326069
212	300337
213	275397
214	251337
215	230742
216	213558
217	197434
218	184221
219	172245
220	161994
221	151508
222	139792
223	128886
224	118141
225	108199
226	98010
227	91586
228	85937
229	81500
230	77076
231	72457
232	66876
233	62038
234	58486
235	53557
236	49810
237	46963
238	44209
239	43356
240	43078
241	41089
242	37332
243	37985
244	39596
245	24777

