## htsjdk.samtools.metrics.StringHeader
# CollectInsertSizeMetrics  --Histogram_FILE pandisease.epifluidlab.cchmc.org/results/20200420-week-17/jhu-cfdna-frag/picard_metrics/EGAR00002028074.hg19.insert_size.pdf --INPUT pandisease.epifluidlab.cchmc.org/results/20200420-week-17/jhu-cfdna-frag/filtered_bam/EGAR00002028074.hg19.filtered.bam --OUTPUT pandisease.epifluidlab.cchmc.org/results/20200420-week-17/jhu-cfdna-frag/picard_metrics/EGAR00002028074.hg19.insert_size.txt  --DEVIATIONS 10.0 --MINIMUM_PCT 0.05 --METRIC_ACCUMULATION_LEVEL ALL_READS --INCLUDE_DUPLICATES false --ASSUME_SORTED true --STOP_AFTER 0 --VERBOSITY INFO --QUIET false --VALIDATION_STRINGENCY STRICT --COMPRESSION_LEVEL 5 --MAX_RECORDS_IN_RAM 500000 --CREATE_INDEX false --CREATE_MD5_FILE false --GA4GH_CLIENT_SECRETS client_secrets.json --help false --version false --showHidden false --USE_JDK_DEFLATER false --USE_JDK_INFLATER false
## htsjdk.samtools.metrics.StringHeader
# Started on: Sun May 03 04:56:59 UTC 2020

## METRICS CLASS	picard.analysis.InsertSizeMetrics
MEDIAN_INSERT_SIZE	MODE_INSERT_SIZE	MEDIAN_ABSOLUTE_DEVIATION	MIN_INSERT_SIZE	MAX_INSERT_SIZE	MEAN_INSERT_SIZE	STANDARD_DEVIATION	READ_PAIRS	PAIR_ORIENTATION	WIDTH_OF_10_PERCENT	WIDTH_OF_20_PERCENT	WIDTH_OF_30_PERCENT	WIDTH_OF_40_PERCENT	WIDTH_OF_50_PERCENT	WIDTH_OF_60_PERCENT	WIDTH_OF_70_PERCENT	WIDTH_OF_80_PERCENT	WIDTH_OF_90_PERCENT	WIDTH_OF_95_PERCENT	WIDTH_OF_99_PERCENT	SAMPLE	LIBRARY	READ_GROUP
168	166	10	90	251	168.689412	19.189106	174429295	FR	5	7	13	17	21	29	37	47	65	81	119			

## HISTOGRAM	java.lang.Integer
insert_size	All_Reads.fr_count
90	3898
91	3979
92	4244
93	11306
94	12195
95	12498
96	12661
97	11402
98	13314
99	29554
100	32459
101	35196
102	36698
103	38160
104	40313
105	42468
106	44852
107	49304
108	54899
109	62465
110	74969
111	87868
112	91385
113	87092
114	84313
115	87219
116	93985
117	104654
118	120967
119	140818
120	174847
121	227016
122	269986
123	267302
124	221874
125	187783
126	186552
127	202789
128	227017
129	262012
130	319604
131	411439
132	550193
133	683856
134	716922
135	640309
136	588304
137	621175
138	745640
139	931515
140	1149790
141	1323021
142	1396271
143	1409971
144	1439569
145	1473506
146	1477250
147	1506333
148	1590957
149	1727711
150	1872382
151	2049031
152	2207060
153	2226313
154	2165596
155	2177562
156	2316212
157	2556232
158	2855776
159	3161347
160	3404401
161	3573102
162	3761920
163	4108542
164	4629212
165	5095993
166	5294300
167	5284831
168	5160996
169	4976286
170	4716114
171	4441681
172	4216958
173	4087876
174	4027099
175	3968239
176	3864875
177	3679050
178	3425151
179	3148417
180	2877800
181	2619759
182	2398773
183	2215495
184	2069335
185	1968441
186	1873198
187	1790438
188	1694160
189	1584033
190	1458980
191	1332585
192	1215650
193	1109602
194	1023187
195	951110
196	897716
197	850184
198	810283
199	768559
200	725025
201	674425
202	618307
203	567240
204	522486
205	482469
206	449168
207	421875
208	398459
209	376679
210	355325
211	332481
212	306464
213	282145
214	257534
215	238497
216	219912
217	204404
218	192377
219	181713
220	170615
221	158320
222	147337
223	135894
224	125416
225	114469
226	105441
227	98297
228	91722
229	87323
230	81957
231	77077
232	71817
233	66519
234	61523
235	57072
236	52972
237	49877
238	47643
239	46174
240	43829
241	42382
242	40467
243	38562
244	37275
245	35650
246	38059
247	30869
248	12744
249	12006
250	14570
251	10941

