## htsjdk.samtools.metrics.StringHeader
# CollectInsertSizeMetrics  --Histogram_FILE pandisease.epifluidlab.cchmc.org/results/20200420-week-17/jhu-cfdna-frag/picard_metrics/EGAR00002028077.hg19.insert_size.pdf --INPUT pandisease.epifluidlab.cchmc.org/results/20200420-week-17/jhu-cfdna-frag/filtered_bam/EGAR00002028077.hg19.filtered.bam --OUTPUT pandisease.epifluidlab.cchmc.org/results/20200420-week-17/jhu-cfdna-frag/picard_metrics/EGAR00002028077.hg19.insert_size.txt  --DEVIATIONS 10.0 --MINIMUM_PCT 0.05 --METRIC_ACCUMULATION_LEVEL ALL_READS --INCLUDE_DUPLICATES false --ASSUME_SORTED true --STOP_AFTER 0 --VERBOSITY INFO --QUIET false --VALIDATION_STRINGENCY STRICT --COMPRESSION_LEVEL 5 --MAX_RECORDS_IN_RAM 500000 --CREATE_INDEX false --CREATE_MD5_FILE false --GA4GH_CLIENT_SECRETS client_secrets.json --help false --version false --showHidden false --USE_JDK_DEFLATER false --USE_JDK_INFLATER false
## htsjdk.samtools.metrics.StringHeader
# Started on: Sun May 03 11:41:05 UTC 2020

## METRICS CLASS	picard.analysis.InsertSizeMetrics
MEDIAN_INSERT_SIZE	MODE_INSERT_SIZE	MEDIAN_ABSOLUTE_DEVIATION	MIN_INSERT_SIZE	MAX_INSERT_SIZE	MEAN_INSERT_SIZE	STANDARD_DEVIATION	READ_PAIRS	PAIR_ORIENTATION	WIDTH_OF_10_PERCENT	WIDTH_OF_20_PERCENT	WIDTH_OF_30_PERCENT	WIDTH_OF_40_PERCENT	WIDTH_OF_50_PERCENT	WIDTH_OF_60_PERCENT	WIDTH_OF_70_PERCENT	WIDTH_OF_80_PERCENT	WIDTH_OF_90_PERCENT	WIDTH_OF_95_PERCENT	WIDTH_OF_99_PERCENT	SAMPLE	LIBRARY	READ_GROUP
170	167	11	91	253	170.170701	19.613809	43459773	FR	5	9	13	17	23	29	37	49	65	83	121			

## HISTOGRAM	java.lang.Integer
insert_size	All_Reads.fr_count
91	54
92	53
93	61
94	60
95	2589
96	2951
97	2872
98	3104
99	10594
100	11738
101	12852
102	13099
103	13812
104	14133
105	14212
106	15468
107	17344
108	19555
109	21754
110	25390
111	28017
112	28976
113	26792
114	25795
115	26038
116	27763
117	30570
118	34266
119	38663
120	47058
121	60392
122	69587
123	68406
124	56151
125	46319
126	44278
127	47611
128	52593
129	61242
130	73178
131	93736
132	124359
133	154191
134	159396
135	139429
136	123792
137	131596
138	159928
139	202732
140	252583
141	292894
142	306243
143	306838
144	308432
145	311142
146	312932
147	321930
148	345728
149	379103
150	418342
151	460364
152	494679
153	499282
154	479258
155	477093
156	506168
157	564310
158	641723
159	726373
160	790880
161	833298
162	872118
163	942853
164	1060447
165	1172534
166	1230320
167	1251404
168	1245827
169	1218205
170	1165970
171	1105211
172	1054930
173	1031581
174	1028611
175	1025203
176	1014600
177	974876
178	918919
179	853072
180	785685
181	719514
182	662891
183	614352
184	577892
185	553712
186	532368
187	514336
188	490957
189	463855
190	428551
191	393604
192	358103
193	326837
194	300451
195	280099
196	265429
197	253517
198	242281
199	229647
200	217141
201	201067
202	185168
203	169478
204	154851
205	142046
206	131854
207	123719
208	117425
209	110312
210	104072
211	97499
212	89271
213	82787
214	74906
215	68997
216	62714
217	58328
218	54880
219	51238
220	48461
221	45161
222	41733
223	37789
224	35033
225	31833
226	29235
227	26937
228	25119
229	23211
230	22161
231	20620
232	19137
233	17605
234	16279
235	14751
236	13933
237	12822
238	12106
239	11535
240	10656
241	11471
242	9432
243	7819
244	7339
245	6866
246	6484
247	6126
248	6207
249	5543
250	1266
251	1211
252	1122
253	111

