## htsjdk.samtools.metrics.StringHeader
# CollectInsertSizeMetrics  --Histogram_FILE pandisease.epifluidlab.cchmc.org/results/20200420-week-17/jhu-cfdna-frag/picard_metrics/EGAR00002027913.hg19.insert_size.pdf --INPUT pandisease.epifluidlab.cchmc.org/results/20200420-week-17/jhu-cfdna-frag/filtered_bam/EGAR00002027913.hg19.filtered.bam --OUTPUT pandisease.epifluidlab.cchmc.org/results/20200420-week-17/jhu-cfdna-frag/picard_metrics/EGAR00002027913.hg19.insert_size.txt  --DEVIATIONS 10.0 --MINIMUM_PCT 0.05 --METRIC_ACCUMULATION_LEVEL ALL_READS --INCLUDE_DUPLICATES false --ASSUME_SORTED true --STOP_AFTER 0 --VERBOSITY INFO --QUIET false --VALIDATION_STRINGENCY STRICT --COMPRESSION_LEVEL 5 --MAX_RECORDS_IN_RAM 500000 --CREATE_INDEX false --CREATE_MD5_FILE false --GA4GH_CLIENT_SECRETS client_secrets.json --help false --version false --showHidden false --USE_JDK_DEFLATER false --USE_JDK_INFLATER false
## htsjdk.samtools.metrics.StringHeader
# Started on: Sun May 03 14:43:47 UTC 2020

## METRICS CLASS	picard.analysis.InsertSizeMetrics
MEDIAN_INSERT_SIZE	MODE_INSERT_SIZE	MEDIAN_ABSOLUTE_DEVIATION	MIN_INSERT_SIZE	MAX_INSERT_SIZE	MEAN_INSERT_SIZE	STANDARD_DEVIATION	READ_PAIRS	PAIR_ORIENTATION	WIDTH_OF_10_PERCENT	WIDTH_OF_20_PERCENT	WIDTH_OF_30_PERCENT	WIDTH_OF_40_PERCENT	WIDTH_OF_50_PERCENT	WIDTH_OF_60_PERCENT	WIDTH_OF_70_PERCENT	WIDTH_OF_80_PERCENT	WIDTH_OF_90_PERCENT	WIDTH_OF_95_PERCENT	WIDTH_OF_99_PERCENT	SAMPLE	LIBRARY	READ_GROUP
167	166	11	84	247	165.850629	19.467593	41477044	FR	5	9	13	17	23	29	37	49	65	83	119			

## HISTOGRAM	java.lang.Integer
insert_size	All_Reads.fr_count
84	1584
85	1652
86	1608
87	1885
88	2363
89	2586
90	3100
91	3141
92	2678
93	2983
94	3148
95	3843
96	4081
97	3348
98	3828
99	13076
100	15166
101	17325
102	18025
103	18470
104	18439
105	18706
106	19650
107	22388
108	25273
109	29304
110	35705
111	40403
112	41785
113	38794
114	37114
115	38462
116	41127
117	45045
118	51093
119	58972
120	72340
121	90322
122	104079
123	101241
124	83989
125	70481
126	68726
127	73363
128	79946
129	91019
130	107090
131	133357
132	171577
133	207788
134	214695
135	193556
136	177470
137	188224
138	221399
139	272211
140	328653
141	376195
142	392212
143	393158
144	402120
145	410332
146	413699
147	419261
148	439486
149	467254
150	499611
151	536221
152	566647
153	569275
154	550898
155	555197
156	585653
157	638025
158	707006
159	775418
160	827531
161	863922
162	905507
163	982354
164	1096291
165	1202729
166	1243897
167	1238526
168	1205775
169	1157632
170	1101177
171	1034566
172	980604
173	946200
174	926657
175	904846
176	873237
177	820544
178	756215
179	689882
180	626114
181	566316
182	518265
183	475875
184	441656
185	415794
186	392893
187	369937
188	347567
189	322327
190	295219
191	267345
192	242490
193	221239
194	201838
195	187522
196	174851
197	165096
198	155765
199	146036
200	135202
201	125882
202	114832
203	104405
204	96122
205	87825
206	81520
207	75967
208	71263
209	67333
210	62427
211	58327
212	53950
213	49435
214	44678
215	41534
216	37613
217	35107
218	32551
219	31032
220	29162
221	26589
222	24596
223	22852
224	21292
225	19154
226	17518
227	16354
228	15085
229	14236
230	13620
231	12669
232	11835
233	11338
234	10217
235	9416
236	8912
237	8303
238	7901
239	7616
240	7509
241	6804
242	6327
243	6231
244	5916
245	731
246	183
247	92

