## htsjdk.samtools.metrics.StringHeader
# CollectInsertSizeMetrics  --Histogram_FILE pandisease.epifluidlab.cchmc.org/results/20200420-week-17/jhu-cfdna-frag/picard_metrics/EGAR00002027918.hg19.insert_size.pdf --INPUT pandisease.epifluidlab.cchmc.org/results/20200420-week-17/jhu-cfdna-frag/filtered_bam/EGAR00002027918.hg19.filtered.bam --OUTPUT pandisease.epifluidlab.cchmc.org/results/20200420-week-17/jhu-cfdna-frag/picard_metrics/EGAR00002027918.hg19.insert_size.txt  --DEVIATIONS 10.0 --MINIMUM_PCT 0.05 --METRIC_ACCUMULATION_LEVEL ALL_READS --INCLUDE_DUPLICATES false --ASSUME_SORTED true --STOP_AFTER 0 --VERBOSITY INFO --QUIET false --VALIDATION_STRINGENCY STRICT --COMPRESSION_LEVEL 5 --MAX_RECORDS_IN_RAM 500000 --CREATE_INDEX false --CREATE_MD5_FILE false --GA4GH_CLIENT_SECRETS client_secrets.json --help false --version false --showHidden false --USE_JDK_DEFLATER false --USE_JDK_INFLATER false
## htsjdk.samtools.metrics.StringHeader
# Started on: Sun May 03 01:40:02 UTC 2020

## METRICS CLASS	picard.analysis.InsertSizeMetrics
MEDIAN_INSERT_SIZE	MODE_INSERT_SIZE	MEDIAN_ABSOLUTE_DEVIATION	MIN_INSERT_SIZE	MAX_INSERT_SIZE	MEAN_INSERT_SIZE	STANDARD_DEVIATION	READ_PAIRS	PAIR_ORIENTATION	WIDTH_OF_10_PERCENT	WIDTH_OF_20_PERCENT	WIDTH_OF_30_PERCENT	WIDTH_OF_40_PERCENT	WIDTH_OF_50_PERCENT	WIDTH_OF_60_PERCENT	WIDTH_OF_70_PERCENT	WIDTH_OF_80_PERCENT	WIDTH_OF_90_PERCENT	WIDTH_OF_95_PERCENT	WIDTH_OF_99_PERCENT	SAMPLE	LIBRARY	READ_GROUP
168	167	11	83	258	168.736525	19.881593	57341006	FR	5	9	13	17	23	29	39	49	67	85	123			

## HISTOGRAM	java.lang.Integer
insert_size	All_Reads.fr_count
83	7
84	3
85	1
87	97
88	85
89	126
90	3541
91	3559
92	3180
93	3226
94	4074
95	4302
96	4644
97	3664
98	3957
99	12280
100	13674
101	14485
102	15059
103	15563
104	15737
105	16580
106	17135
107	19256
108	21240
109	24833
110	29773
111	34064
112	35770
113	32992
114	31271
115	32420
116	34539
117	37668
118	44124
119	51404
120	63926
121	82485
122	98012
123	95043
124	78408
125	65807
126	64712
127	70110
128	78582
129	90390
130	110618
131	142880
132	190373
133	238757
134	250802
135	224272
136	201616
137	213095
138	252521
139	316925
140	396285
141	458548
142	483392
143	483366
144	493954
145	503397
146	504352
147	511366
148	535751
149	574615
150	623903
151	683513
152	738131
153	741941
154	714961
155	712598
156	751368
157	824755
158	921373
159	1020841
160	1101288
161	1158066
162	1213105
163	1310359
164	1457205
165	1595796
166	1657589
167	1664993
168	1636964
169	1586585
170	1514769
171	1433390
172	1362836
173	1319517
174	1292348
175	1269838
176	1234669
177	1174833
178	1099753
179	1017857
180	934105
181	854617
182	785537
183	726970
184	681077
185	644794
186	611564
187	584522
188	556634
189	524869
190	488344
191	449588
192	412337
193	376969
194	348854
195	324867
196	306151
197	290843
198	277249
199	264470
200	249883
201	233876
202	215573
203	199089
204	183378
205	169741
206	158295
207	148315
208	140406
209	133214
210	125995
211	118905
212	110199
213	102338
214	94113
215	85459
216	79480
217	74065
218	69685
219	65793
220	62492
221	58905
222	54354
223	50185
224	46427
225	42771
226	39667
227	36731
228	34290
229	32462
230	30865
231	28858
232	27128
233	25138
234	22847
235	21523
236	20091
237	18737
238	17948
239	16765
240	16509
241	15913
242	15160
243	15746
244	13021
245	10749
246	10259
247	9942
248	9448
249	8923
250	8833
251	8514
252	3503
253	3281
254	3472
255	3144
256	118
257	154
258	133

