## htsjdk.samtools.metrics.StringHeader
# CollectInsertSizeMetrics  --Histogram_FILE pandisease.epifluidlab.cchmc.org/results/20200420-week-17/jhu-cfdna-frag/picard_metrics/EGAR00002027944.hg19.insert_size.pdf --INPUT pandisease.epifluidlab.cchmc.org/results/20200420-week-17/jhu-cfdna-frag/filtered_bam/EGAR00002027944.hg19.filtered.bam --OUTPUT pandisease.epifluidlab.cchmc.org/results/20200420-week-17/jhu-cfdna-frag/picard_metrics/EGAR00002027944.hg19.insert_size.txt  --DEVIATIONS 10.0 --MINIMUM_PCT 0.05 --METRIC_ACCUMULATION_LEVEL ALL_READS --INCLUDE_DUPLICATES false --ASSUME_SORTED true --STOP_AFTER 0 --VERBOSITY INFO --QUIET false --VALIDATION_STRINGENCY STRICT --COMPRESSION_LEVEL 5 --MAX_RECORDS_IN_RAM 500000 --CREATE_INDEX false --CREATE_MD5_FILE false --GA4GH_CLIENT_SECRETS client_secrets.json --help false --version false --showHidden false --USE_JDK_DEFLATER false --USE_JDK_INFLATER false
## htsjdk.samtools.metrics.StringHeader
# Started on: Sun May 03 15:34:51 UTC 2020

## METRICS CLASS	picard.analysis.InsertSizeMetrics
MEDIAN_INSERT_SIZE	MODE_INSERT_SIZE	MEDIAN_ABSOLUTE_DEVIATION	MIN_INSERT_SIZE	MAX_INSERT_SIZE	MEAN_INSERT_SIZE	STANDARD_DEVIATION	READ_PAIRS	PAIR_ORIENTATION	WIDTH_OF_10_PERCENT	WIDTH_OF_20_PERCENT	WIDTH_OF_30_PERCENT	WIDTH_OF_40_PERCENT	WIDTH_OF_50_PERCENT	WIDTH_OF_60_PERCENT	WIDTH_OF_70_PERCENT	WIDTH_OF_80_PERCENT	WIDTH_OF_90_PERCENT	WIDTH_OF_95_PERCENT	WIDTH_OF_99_PERCENT	SAMPLE	LIBRARY	READ_GROUP
166	166	10	87	241	165.378719	18.467506	29737764	FR	5	7	11	17	21	27	35	45	61	77	115			

## HISTOGRAM	java.lang.Integer
insert_size	All_Reads.fr_count
87	1534
88	2030
89	2046
90	2071
91	2030
92	2125
93	2629
94	2921
95	2990
96	3110
97	2684
98	3387
99	8343
100	9000
101	9582
102	10035
103	10794
104	11288
105	11493
106	11972
107	13372
108	14162
109	16568
110	19515
111	21163
112	22168
113	21606
114	20740
115	21254
116	23798
117	25772
118	29040
119	33219
120	39309
121	49518
122	57550
123	57761
124	49556
125	43113
126	42888
127	46517
128	52125
129	59200
130	70488
131	88934
132	116487
133	145284
134	152216
135	139461
136	129319
137	138638
138	163692
139	199775
140	240624
141	271216
142	284174
143	287797
144	295239
145	304811
146	306682
147	312223
148	329299
149	352918
150	377735
151	405923
152	430298
153	432970
154	421672
155	424304
156	447961
157	490616
158	543176
159	597010
160	632855
161	660209
162	690975
163	747453
164	837889
165	917836
166	945084
167	936312
168	906945
169	864560
170	812306
171	754277
172	707323
173	676614
174	657317
175	638197
176	612075
177	574924
178	527991
179	478631
180	430905
181	387547
182	350575
183	319372
184	295253
185	274590
186	258285
187	243531
188	227318
189	208980
190	192109
191	172730
192	156135
193	141127
194	128979
195	117787
196	109188
197	102217
198	96649
199	90708
200	84258
201	78284
202	70830
203	65111
204	59431
205	54276
206	50193
207	46852
208	43965
209	40858
210	38412
211	36147
212	32730
213	30074
214	27555
215	25068
216	23082
217	21608
218	19906
219	18463
220	17418
221	16340
222	15068
223	13781
224	12775
225	11512
226	10558
227	9828
228	9235
229	8754
230	8185
231	7699
232	7204
233	6865
234	6286
235	5893
236	5424
237	5191
238	5012
239	5131
240	5250
241	574

