## htsjdk.samtools.metrics.StringHeader
# CollectInsertSizeMetrics  --Histogram_FILE pandisease.epifluidlab.cchmc.org/results/20200420-week-17/jhu-cfdna-frag/picard_metrics/EGAR00002028022.hg19.insert_size.pdf --INPUT pandisease.epifluidlab.cchmc.org/results/20200420-week-17/jhu-cfdna-frag/filtered_bam/EGAR00002028022.hg19.filtered.bam --OUTPUT pandisease.epifluidlab.cchmc.org/results/20200420-week-17/jhu-cfdna-frag/picard_metrics/EGAR00002028022.hg19.insert_size.txt  --DEVIATIONS 10.0 --MINIMUM_PCT 0.05 --METRIC_ACCUMULATION_LEVEL ALL_READS --INCLUDE_DUPLICATES false --ASSUME_SORTED true --STOP_AFTER 0 --VERBOSITY INFO --QUIET false --VALIDATION_STRINGENCY STRICT --COMPRESSION_LEVEL 5 --MAX_RECORDS_IN_RAM 500000 --CREATE_INDEX false --CREATE_MD5_FILE false --GA4GH_CLIENT_SECRETS client_secrets.json --help false --version false --showHidden false --USE_JDK_DEFLATER false --USE_JDK_INFLATER false
## htsjdk.samtools.metrics.StringHeader
# Started on: Sun May 03 15:01:37 UTC 2020

## METRICS CLASS	picard.analysis.InsertSizeMetrics
MEDIAN_INSERT_SIZE	MODE_INSERT_SIZE	MEDIAN_ABSOLUTE_DEVIATION	MIN_INSERT_SIZE	MAX_INSERT_SIZE	MEAN_INSERT_SIZE	STANDARD_DEVIATION	READ_PAIRS	PAIR_ORIENTATION	WIDTH_OF_10_PERCENT	WIDTH_OF_20_PERCENT	WIDTH_OF_30_PERCENT	WIDTH_OF_40_PERCENT	WIDTH_OF_50_PERCENT	WIDTH_OF_60_PERCENT	WIDTH_OF_70_PERCENT	WIDTH_OF_80_PERCENT	WIDTH_OF_90_PERCENT	WIDTH_OF_95_PERCENT	WIDTH_OF_99_PERCENT	SAMPLE	LIBRARY	READ_GROUP
169	167	12	80	262	168.91356	21.478303	34361767	FR	5	9	13	19	25	33	41	53	71	91	129			

## HISTOGRAM	java.lang.Integer
insert_size	All_Reads.fr_count
80	94
81	66
82	73
83	1857
84	2247
85	1974
86	2057
87	1967
88	2275
89	2496
90	2534
91	2405
92	2176
93	2801
94	3144
95	3048
96	3197
97	2682
98	3047
99	9135
100	10470
101	11575
102	11887
103	12115
104	12159
105	11857
106	13070
107	14730
108	16852
109	20070
110	25180
111	28985
112	30818
113	27919
114	26469
115	26792
116	28364
117	31656
118	36666
119	43155
120	54619
121	70048
122	82670
123	81744
124	66253
125	53422
126	50647
127	54617
128	60799
129	70111
130	84121
131	106552
132	140716
133	172348
134	178309
135	157410
136	136921
137	138596
138	160637
139	198352
140	248057
141	289799
142	305003
143	303942
144	306220
145	310721
146	306764
147	305606
148	316374
149	336723
150	363429
151	399308
152	430283
153	433422
154	414774
155	406833
156	420324
157	455570
158	504595
159	562092
160	611089
161	644078
162	668516
163	713840
164	779918
165	846083
166	884772
167	897460
168	895666
169	877638
170	848640
171	812012
172	779161
173	760853
174	752254
175	744114
176	727495
177	694785
178	655173
179	609213
180	564626
181	521328
182	483460
183	450119
184	424682
185	405265
186	387960
187	371256
188	355386
189	335570
190	312807
191	289887
192	266720
193	245108
194	227908
195	214198
196	202247
197	193809
198	186148
199	177742
200	168475
201	157960
202	146779
203	135179
204	124645
205	115340
206	108001
207	102393
208	97249
209	92524
210	86628
211	81537
212	76189
213	70232
214	64300
215	59218
216	55043
217	51023
218	47883
219	45836
220	42574
221	40455
222	37615
223	34866
224	32066
225	29533
226	27206
227	25434
228	23944
229	22576
230	21521
231	19796
232	18610
233	16929
234	15851
235	14973
236	13684
237	12740
238	12044
239	11501
240	11081
241	10519
242	10257
243	9639
244	9149
245	8575
246	7995
247	7661
248	7241
249	7065
250	7495
251	6667
252	5681
253	5352
254	5241
255	5097
256	4705
257	4558
258	4589
259	4533
260	3432
261	3715
262	3387

