## htsjdk.samtools.metrics.StringHeader
# CollectInsertSizeMetrics  --Histogram_FILE pandisease.epifluidlab.cchmc.org/results/20200420-week-17/jhu-cfdna-frag/picard_metrics/EGAR00002028066.hg19.insert_size.pdf --INPUT pandisease.epifluidlab.cchmc.org/results/20200420-week-17/jhu-cfdna-frag/filtered_bam/EGAR00002028066.hg19.filtered.bam --OUTPUT pandisease.epifluidlab.cchmc.org/results/20200420-week-17/jhu-cfdna-frag/picard_metrics/EGAR00002028066.hg19.insert_size.txt  --DEVIATIONS 10.0 --MINIMUM_PCT 0.05 --METRIC_ACCUMULATION_LEVEL ALL_READS --INCLUDE_DUPLICATES false --ASSUME_SORTED true --STOP_AFTER 0 --VERBOSITY INFO --QUIET false --VALIDATION_STRINGENCY STRICT --COMPRESSION_LEVEL 5 --MAX_RECORDS_IN_RAM 500000 --CREATE_INDEX false --CREATE_MD5_FILE false --GA4GH_CLIENT_SECRETS client_secrets.json --help false --version false --showHidden false --USE_JDK_DEFLATER false --USE_JDK_INFLATER false
## htsjdk.samtools.metrics.StringHeader
# Started on: Sun May 03 01:39:48 UTC 2020

## METRICS CLASS	picard.analysis.InsertSizeMetrics
MEDIAN_INSERT_SIZE	MODE_INSERT_SIZE	MEDIAN_ABSOLUTE_DEVIATION	MIN_INSERT_SIZE	MAX_INSERT_SIZE	MEAN_INSERT_SIZE	STANDARD_DEVIATION	READ_PAIRS	PAIR_ORIENTATION	WIDTH_OF_10_PERCENT	WIDTH_OF_20_PERCENT	WIDTH_OF_30_PERCENT	WIDTH_OF_40_PERCENT	WIDTH_OF_50_PERCENT	WIDTH_OF_60_PERCENT	WIDTH_OF_70_PERCENT	WIDTH_OF_80_PERCENT	WIDTH_OF_90_PERCENT	WIDTH_OF_95_PERCENT	WIDTH_OF_99_PERCENT	SAMPLE	LIBRARY	READ_GROUP
168	167	11	86	250	168.150632	20.359031	58114010	FR	5	9	13	17	23	31	39	51	69	87	125			

## HISTOGRAM	java.lang.Integer
insert_size	All_Reads.fr_count
86	3273
87	2636
88	3210
89	3866
90	4583
91	4513
92	3833
93	4206
94	4457
95	4825
96	5848
97	4716
98	5219
99	18523
100	21300
101	22945
102	24211
103	24609
104	24747
105	24622
106	26127
107	28910
108	33012
109	37952
110	45572
111	51424
112	52350
113	47622
114	44039
115	45399
116	48149
117	52807
118	59781
119	68466
120	84724
121	109205
122	128415
123	125843
124	101389
125	81569
126	76766
127	81518
128	89386
129	102951
130	125296
131	160149
132	215330
133	270796
134	281358
135	244536
136	214613
137	221135
138	264974
139	332700
140	414437
141	478242
142	500130
143	495113
144	499251
145	504574
146	500743
147	506069
148	533146
149	577326
150	627018
151	686505
152	737324
153	738881
154	708460
155	701789
156	737114
157	815409
158	915799
159	1020408
160	1102470
161	1154205
162	1204600
163	1300860
164	1460223
165	1608610
166	1674365
167	1676629
168	1642603
169	1586460
170	1507323
171	1415990
172	1345650
173	1309006
174	1291764
175	1278349
176	1246959
177	1190464
178	1113317
179	1027097
180	940988
181	858919
182	790503
183	730505
184	684784
185	651689
186	622318
187	598372
188	568068
189	535809
190	495445
191	454154
192	415749
193	380547
194	349978
195	326877
196	307565
197	293458
198	281868
199	267035
200	252537
201	235414
202	217369
203	200306
204	184150
205	169940
206	158503
207	148682
208	141349
209	133451
210	125883
211	118300
212	109724
213	100890
214	92151
215	85273
216	78299
217	73094
218	68280
219	64744
220	61064
221	57012
222	53113
223	49067
224	44859
225	41177
226	37740
227	35680
228	33530
229	31317
230	29663
231	27508
232	25511
233	24000
234	22440
235	20708
236	19027
237	17773
238	17114
239	16108
240	15696
241	15223
242	14128
243	13602
244	12697
245	12131
246	12711
247	10732
248	8424
249	8534
250	7664

