## htsjdk.samtools.metrics.StringHeader
# CollectInsertSizeMetrics  --Histogram_FILE pandisease.epifluidlab.cchmc.org/results/20200420-week-17/jhu-cfdna-frag/picard_metrics/EGAR00002027976.hg19.insert_size.pdf --INPUT pandisease.epifluidlab.cchmc.org/results/20200420-week-17/jhu-cfdna-frag/filtered_bam/EGAR00002027976.hg19.filtered.bam --OUTPUT pandisease.epifluidlab.cchmc.org/results/20200420-week-17/jhu-cfdna-frag/picard_metrics/EGAR00002027976.hg19.insert_size.txt  --DEVIATIONS 10.0 --MINIMUM_PCT 0.05 --METRIC_ACCUMULATION_LEVEL ALL_READS --INCLUDE_DUPLICATES false --ASSUME_SORTED true --STOP_AFTER 0 --VERBOSITY INFO --QUIET false --VALIDATION_STRINGENCY STRICT --COMPRESSION_LEVEL 5 --MAX_RECORDS_IN_RAM 500000 --CREATE_INDEX false --CREATE_MD5_FILE false --GA4GH_CLIENT_SECRETS client_secrets.json --help false --version false --showHidden false --USE_JDK_DEFLATER false --USE_JDK_INFLATER false
## htsjdk.samtools.metrics.StringHeader
# Started on: Sun May 03 06:16:11 UTC 2020

## METRICS CLASS	picard.analysis.InsertSizeMetrics
MEDIAN_INSERT_SIZE	MODE_INSERT_SIZE	MEDIAN_ABSOLUTE_DEVIATION	MIN_INSERT_SIZE	MAX_INSERT_SIZE	MEAN_INSERT_SIZE	STANDARD_DEVIATION	READ_PAIRS	PAIR_ORIENTATION	WIDTH_OF_10_PERCENT	WIDTH_OF_20_PERCENT	WIDTH_OF_30_PERCENT	WIDTH_OF_40_PERCENT	WIDTH_OF_50_PERCENT	WIDTH_OF_60_PERCENT	WIDTH_OF_70_PERCENT	WIDTH_OF_80_PERCENT	WIDTH_OF_90_PERCENT	WIDTH_OF_95_PERCENT	WIDTH_OF_99_PERCENT	SAMPLE	LIBRARY	READ_GROUP
170	167	10	91	252	170.252337	18.906049	46342647	FR	5	9	13	17	21	29	37	47	63	79	117			

## HISTOGRAM	java.lang.Integer
insert_size	All_Reads.fr_count
91	9
92	10
93	15
94	19
95	2923
96	3295
97	2790
98	3242
99	8233
100	8646
101	9125
102	9053
103	9443
104	10494
105	10607
106	11347
107	12417
108	13495
109	15714
110	18378
111	19946
112	20129
113	19222
114	18566
115	20112
116	21419
117	23428
118	26559
119	30288
120	37317
121	47905
122	58046
123	58251
124	48238
125	40368
126	38472
127	41569
128	46274
129	55284
130	67326
131	87880
132	118198
133	149827
134	158355
135	139816
136	125587
137	133573
138	163641
139	209742
140	266074
141	310407
142	327180
143	327070
144	331865
145	340471
146	344667
147	354283
148	380561
149	417085
150	460075
151	509339
152	549598
153	554469
154	533750
155	532057
156	564844
157	630291
158	716161
159	804142
160	871188
161	913613
162	948925
163	1022580
164	1146465
165	1264733
166	1330127
167	1352349
168	1345572
169	1311411
170	1256765
171	1184732
172	1126980
173	1098920
174	1093203
175	1091983
176	1081035
177	1043733
178	985745
179	916285
180	846419
181	776747
182	712339
183	662861
184	623617
185	596511
186	576265
187	556228
188	531028
189	497795
190	461206
191	421406
192	382183
193	348124
194	319873
195	296652
196	280091
197	266360
198	253057
199	239805
200	224199
201	207498
202	189822
203	172883
204	157382
205	144378
206	134373
207	124874
208	118043
209	110697
210	104091
211	96604
212	89342
213	80896
214	73751
215	66757
216	62146
217	56817
218	53426
219	49803
220	46664
221	43334
222	39741
223	36634
224	33220
225	30406
226	27878
227	25544
228	23957
229	22445
230	21044
231	19596
232	18035
233	16478
234	15202
235	14098
236	13104
237	12027
238	11583
239	11161
240	10673
241	10980
242	9400
243	7646
244	7155
245	6841
246	6596
247	6241
248	6115
249	5874
250	398
251	471
252	431

