## htsjdk.samtools.metrics.StringHeader
# CollectInsertSizeMetrics  --Histogram_FILE pandisease.epifluidlab.cchmc.org/results/20200420-week-17/jhu-cfdna-frag/picard_metrics/EGAR00002028088.hg19.insert_size.pdf --INPUT pandisease.epifluidlab.cchmc.org/results/20200420-week-17/jhu-cfdna-frag/filtered_bam/EGAR00002028088.hg19.filtered.bam --OUTPUT pandisease.epifluidlab.cchmc.org/results/20200420-week-17/jhu-cfdna-frag/picard_metrics/EGAR00002028088.hg19.insert_size.txt  --DEVIATIONS 10.0 --MINIMUM_PCT 0.05 --METRIC_ACCUMULATION_LEVEL ALL_READS --INCLUDE_DUPLICATES false --ASSUME_SORTED true --STOP_AFTER 0 --VERBOSITY INFO --QUIET false --VALIDATION_STRINGENCY STRICT --COMPRESSION_LEVEL 5 --MAX_RECORDS_IN_RAM 500000 --CREATE_INDEX false --CREATE_MD5_FILE false --GA4GH_CLIENT_SECRETS client_secrets.json --help false --version false --showHidden false --USE_JDK_DEFLATER false --USE_JDK_INFLATER false
## htsjdk.samtools.metrics.StringHeader
# Started on: Sun May 03 02:39:04 UTC 2020

## METRICS CLASS	picard.analysis.InsertSizeMetrics
MEDIAN_INSERT_SIZE	MODE_INSERT_SIZE	MEDIAN_ABSOLUTE_DEVIATION	MIN_INSERT_SIZE	MAX_INSERT_SIZE	MEAN_INSERT_SIZE	STANDARD_DEVIATION	READ_PAIRS	PAIR_ORIENTATION	WIDTH_OF_10_PERCENT	WIDTH_OF_20_PERCENT	WIDTH_OF_30_PERCENT	WIDTH_OF_40_PERCENT	WIDTH_OF_50_PERCENT	WIDTH_OF_60_PERCENT	WIDTH_OF_70_PERCENT	WIDTH_OF_80_PERCENT	WIDTH_OF_90_PERCENT	WIDTH_OF_95_PERCENT	WIDTH_OF_99_PERCENT	SAMPLE	LIBRARY	READ_GROUP
166	166	12	77	253	164.924353	20.360411	137485010	FR	5	9	13	19	25	31	39	51	67	87	123			

## HISTOGRAM	java.lang.Integer
insert_size	All_Reads.fr_count
77	11
78	33
79	2828
80	2742
81	2520
82	2894
83	7702
84	8823
85	8169
86	9594
87	8379
88	9212
89	10158
90	10464
91	10577
92	10831
93	11350
94	12262
95	12273
96	13058
97	12360
98	14271
99	46652
100	53382
101	59598
102	63163
103	65588
104	66619
105	66869
106	71326
107	79668
108	89646
109	106193
110	131780
111	153447
112	159184
113	146895
114	136569
115	138481
116	148830
117	164807
118	185000
119	216540
120	272099
121	353860
122	418628
123	409564
124	330131
125	268868
126	258614
127	277330
128	308067
129	353369
130	428291
131	544640
132	715957
133	880541
134	911397
135	801781
136	705965
137	727058
138	846536
139	1037187
140	1269926
141	1454842
142	1512259
143	1506405
144	1509323
145	1514547
146	1489376
147	1484094
148	1534055
149	1619004
150	1725284
151	1862036
152	1987999
153	1981134
154	1895643
155	1866515
156	1943116
157	2108639
158	2326461
159	2554280
160	2734005
161	2848826
162	2967267
163	3182705
164	3519589
165	3815725
166	3922902
167	3893492
168	3787348
169	3627618
170	3422423
171	3203194
172	3016421
173	2898558
174	2820704
175	2751493
176	2653075
177	2504584
178	2324310
179	2130428
180	1941095
181	1761294
182	1608431
183	1478566
184	1371572
185	1291287
186	1224065
187	1162385
188	1099605
189	1028578
190	948098
191	866587
192	790943
193	722472
194	663773
195	615828
196	576326
197	543979
198	515134
199	486776
200	455577
201	422765
202	389835
203	357967
204	328985
205	301666
206	280300
207	261129
208	246541
209	232688
210	220349
211	204758
212	190385
213	174531
214	159894
215	146496
216	134429
217	125732
218	117621
219	111080
220	105038
221	98471
222	91151
223	83192
224	77245
225	70878
226	65075
227	61169
228	57502
229	53636
230	50762
231	47245
232	44516
233	41492
234	38435
235	35603
236	32756
237	31061
238	29589
239	28450
240	27471
241	26246
242	25258
243	25885
244	21988
245	19497
246	19168
247	17094
248	15940
249	16345
250	14551
251	981
252	937
253	625

