## htsjdk.samtools.metrics.StringHeader
# CollectInsertSizeMetrics  --Histogram_FILE pandisease.epifluidlab.cchmc.org/results/20200420-week-17/jhu-cfdna-frag/picard_metrics/EGAR00002028001.hg19.insert_size.pdf --INPUT pandisease.epifluidlab.cchmc.org/results/20200420-week-17/jhu-cfdna-frag/filtered_bam/EGAR00002028001.hg19.filtered.bam --OUTPUT pandisease.epifluidlab.cchmc.org/results/20200420-week-17/jhu-cfdna-frag/picard_metrics/EGAR00002028001.hg19.insert_size.txt  --DEVIATIONS 10.0 --MINIMUM_PCT 0.05 --METRIC_ACCUMULATION_LEVEL ALL_READS --INCLUDE_DUPLICATES false --ASSUME_SORTED true --STOP_AFTER 0 --VERBOSITY INFO --QUIET false --VALIDATION_STRINGENCY STRICT --COMPRESSION_LEVEL 5 --MAX_RECORDS_IN_RAM 500000 --CREATE_INDEX false --CREATE_MD5_FILE false --GA4GH_CLIENT_SECRETS client_secrets.json --help false --version false --showHidden false --USE_JDK_DEFLATER false --USE_JDK_INFLATER false
## htsjdk.samtools.metrics.StringHeader
# Started on: Sun May 03 15:21:30 UTC 2020

## METRICS CLASS	picard.analysis.InsertSizeMetrics
MEDIAN_INSERT_SIZE	MODE_INSERT_SIZE	MEDIAN_ABSOLUTE_DEVIATION	MIN_INSERT_SIZE	MAX_INSERT_SIZE	MEAN_INSERT_SIZE	STANDARD_DEVIATION	READ_PAIRS	PAIR_ORIENTATION	WIDTH_OF_10_PERCENT	WIDTH_OF_20_PERCENT	WIDTH_OF_30_PERCENT	WIDTH_OF_40_PERCENT	WIDTH_OF_50_PERCENT	WIDTH_OF_60_PERCENT	WIDTH_OF_70_PERCENT	WIDTH_OF_80_PERCENT	WIDTH_OF_90_PERCENT	WIDTH_OF_95_PERCENT	WIDTH_OF_99_PERCENT	SAMPLE	LIBRARY	READ_GROUP
168	167	10	92	246	167.828284	18.8237	30680206	FR	5	7	13	17	21	29	37	47	63	79	115			

## HISTOGRAM	java.lang.Integer
insert_size	All_Reads.fr_count
92	92
93	1871
94	1954
95	2263
96	2768
97	2256
98	2413
99	6900
100	8185
101	8980
102	9290
103	9303
104	9783
105	9692
106	10883
107	12204
108	13408
109	15656
110	19469
111	22233
112	23513
113	21690
114	20397
115	20930
116	21924
117	24756
118	27793
119	32834
120	40717
121	52514
122	61819
123	60626
124	49256
125	40549
126	38876
127	41277
128	45907
129	53062
130	63336
131	80587
132	105631
133	130852
134	136195
135	120863
136	107584
137	112798
138	133429
139	166655
140	205984
141	236014
142	248757
143	250387
144	254509
145	258874
146	259269
147	266002
148	283334
149	305807
150	328249
151	355853
152	379769
153	381782
154	371094
155	371835
156	392283
157	431652
158	483066
159	537757
160	577733
161	607529
162	636170
163	693016
164	779950
165	865321
166	910179
167	919935
168	909405
169	887222
170	846880
171	800227
172	766284
173	750779
174	747833
175	746965
176	730543
177	696013
178	643287
179	589013
180	534853
181	483535
182	441703
183	407656
184	381516
185	358640
186	341298
187	321960
188	302506
189	278354
190	252874
191	229011
192	204903
193	186570
194	170416
195	156737
196	146515
197	137448
198	128688
199	120501
200	110934
201	101335
202	93318
203	84786
204	77318
205	70355
206	65332
207	60585
208	56956
209	53441
210	49509
211	45331
212	42444
213	38309
214	35136
215	32087
216	29426
217	27171
218	25596
219	23619
220	22349
221	20617
222	19179
223	17427
224	16191
225	14619
226	13305
227	12507
228	11650
229	11149
230	10589
231	9682
232	9015
233	8598
234	7841
235	7300
236	6983
237	6616
238	6145
239	6782
240	5612
241	4771
242	5089
243	4339
244	226
245	244
246	175

