## htsjdk.samtools.metrics.StringHeader
# CollectInsertSizeMetrics  --Histogram_FILE pandisease.epifluidlab.cchmc.org/results/20200420-week-17/jhu-cfdna-frag/picard_metrics/EGAR00002027936.hg19.insert_size.pdf --INPUT pandisease.epifluidlab.cchmc.org/results/20200420-week-17/jhu-cfdna-frag/filtered_bam/EGAR00002027936.hg19.filtered.bam --OUTPUT pandisease.epifluidlab.cchmc.org/results/20200420-week-17/jhu-cfdna-frag/picard_metrics/EGAR00002027936.hg19.insert_size.txt  --DEVIATIONS 10.0 --MINIMUM_PCT 0.05 --METRIC_ACCUMULATION_LEVEL ALL_READS --INCLUDE_DUPLICATES false --ASSUME_SORTED true --STOP_AFTER 0 --VERBOSITY INFO --QUIET false --VALIDATION_STRINGENCY STRICT --COMPRESSION_LEVEL 5 --MAX_RECORDS_IN_RAM 500000 --CREATE_INDEX false --CREATE_MD5_FILE false --GA4GH_CLIENT_SECRETS client_secrets.json --help false --version false --showHidden false --USE_JDK_DEFLATER false --USE_JDK_INFLATER false
## htsjdk.samtools.metrics.StringHeader
# Started on: Sun May 03 14:57:15 UTC 2020

## METRICS CLASS	picard.analysis.InsertSizeMetrics
MEDIAN_INSERT_SIZE	MODE_INSERT_SIZE	MEDIAN_ABSOLUTE_DEVIATION	MIN_INSERT_SIZE	MAX_INSERT_SIZE	MEAN_INSERT_SIZE	STANDARD_DEVIATION	READ_PAIRS	PAIR_ORIENTATION	WIDTH_OF_10_PERCENT	WIDTH_OF_20_PERCENT	WIDTH_OF_30_PERCENT	WIDTH_OF_40_PERCENT	WIDTH_OF_50_PERCENT	WIDTH_OF_60_PERCENT	WIDTH_OF_70_PERCENT	WIDTH_OF_80_PERCENT	WIDTH_OF_90_PERCENT	WIDTH_OF_95_PERCENT	WIDTH_OF_99_PERCENT	SAMPLE	LIBRARY	READ_GROUP
169	167	12	78	267	169.633778	21.793461	38004387	FR	5	9	13	19	25	33	41	53	73	93	133			

## HISTOGRAM	java.lang.Integer
insert_size	All_Reads.fr_count
78	12
79	15
80	17
81	94
82	112
83	133
84	1209
85	1138
86	1144
87	2086
88	2434
89	2947
90	3018
91	3045
92	2568
93	2832
94	3084
95	3760
96	3795
97	3198
98	3468
99	10240
100	11464
101	13142
102	13592
103	14096
104	14454
105	14407
106	14997
107	17059
108	19280
109	22663
110	27293
111	31028
112	31653
113	29726
114	28062
115	29402
116	31254
117	33927
118	38388
119	44695
120	54363
121	70080
122	82115
123	82289
124	68600
125	57733
126	55826
127	58809
128	64561
129	73359
130	87347
131	109701
132	143578
133	176937
134	185203
135	163528
136	143451
137	145890
138	168482
139	209037
140	260780
141	302280
142	317593
143	318294
144	323041
145	329044
146	327701
147	329846
148	343139
149	366877
150	398299
151	435270
152	468873
153	472637
154	452204
155	444323
156	461909
157	501444
158	557371
159	618654
160	671662
161	704711
162	734791
163	782512
164	863142
165	936324
166	974520
167	984700
168	980430
169	961191
170	928970
171	886243
172	851025
173	833539
174	822419
175	818369
176	801517
177	771178
178	727438
179	678935
180	630267
181	581795
182	542629
183	506781
184	478188
185	457637
186	439388
187	422478
188	404125
189	382582
190	358730
191	331559
192	307270
193	282401
194	262615
195	246223
196	233334
197	223495
198	213736
199	203617
200	194043
201	181897
202	167846
203	155855
204	144965
205	134882
206	126170
207	119246
208	113019
209	107735
210	102089
211	96530
212	90356
213	83231
214	76290
215	71221
216	65825
217	62316
218	58168
219	54728
220	52364
221	48861
222	46261
223	42881
224	40090
225	36698
226	33974
227	31826
228	30101
229	28173
230	26585
231	25269
232	23558
233	22185
234	20873
235	19038
236	17921
237	16814
238	15833
239	15067
240	14768
241	14190
242	13469
243	12818
244	12263
245	11410
246	10910
247	10944
248	9822
249	8762
250	8409
251	8585
252	8141
253	7406
254	6996
255	6885
256	6684
257	6492
258	6398
259	6043
260	5874
261	5942
262	6027
263	5601
264	1198
265	1206
266	1302
267	1193

