## htsjdk.samtools.metrics.StringHeader
# CollectInsertSizeMetrics  --Histogram_FILE pandisease.epifluidlab.cchmc.org/results/20200420-week-17/jhu-cfdna-frag/picard_metrics/EGAR00002027994.hg19.insert_size.pdf --INPUT pandisease.epifluidlab.cchmc.org/results/20200420-week-17/jhu-cfdna-frag/filtered_bam/EGAR00002027994.hg19.filtered.bam --OUTPUT pandisease.epifluidlab.cchmc.org/results/20200420-week-17/jhu-cfdna-frag/picard_metrics/EGAR00002027994.hg19.insert_size.txt  --DEVIATIONS 10.0 --MINIMUM_PCT 0.05 --METRIC_ACCUMULATION_LEVEL ALL_READS --INCLUDE_DUPLICATES false --ASSUME_SORTED true --STOP_AFTER 0 --VERBOSITY INFO --QUIET false --VALIDATION_STRINGENCY STRICT --COMPRESSION_LEVEL 5 --MAX_RECORDS_IN_RAM 500000 --CREATE_INDEX false --CREATE_MD5_FILE false --GA4GH_CLIENT_SECRETS client_secrets.json --help false --version false --showHidden false --USE_JDK_DEFLATER false --USE_JDK_INFLATER false
## htsjdk.samtools.metrics.StringHeader
# Started on: Sun May 03 15:42:45 UTC 2020

## METRICS CLASS	picard.analysis.InsertSizeMetrics
MEDIAN_INSERT_SIZE	MODE_INSERT_SIZE	MEDIAN_ABSOLUTE_DEVIATION	MIN_INSERT_SIZE	MAX_INSERT_SIZE	MEAN_INSERT_SIZE	STANDARD_DEVIATION	READ_PAIRS	PAIR_ORIENTATION	WIDTH_OF_10_PERCENT	WIDTH_OF_20_PERCENT	WIDTH_OF_30_PERCENT	WIDTH_OF_40_PERCENT	WIDTH_OF_50_PERCENT	WIDTH_OF_60_PERCENT	WIDTH_OF_70_PERCENT	WIDTH_OF_80_PERCENT	WIDTH_OF_90_PERCENT	WIDTH_OF_95_PERCENT	WIDTH_OF_99_PERCENT	SAMPLE	LIBRARY	READ_GROUP
166	166	11	83	247	164.932916	19.57098	31208029	FR	5	7	13	17	23	29	37	49	65	85	119			

## HISTOGRAM	java.lang.Integer
insert_size	All_Reads.fr_count
83	1685
84	1829
85	1649
86	1694
87	1564
88	1966
89	2280
90	2359
91	2259
92	2038
93	2453
94	2753
95	2801
96	2898
97	2479
98	2900
99	12558
100	14283
101	15623
102	16240
103	16862
104	16781
105	17117
106	18768
107	21131
108	23438
109	27050
110	32468
111	36622
112	37444
113	34041
114	31857
115	32276
116	34552
117	37872
118	42330
119	48591
120	59591
121	76303
122	88337
123	86309
124	69455
125	56183
126	54184
127	58054
128	64287
129	72439
130	87496
131	110574
132	145128
133	176644
134	182110
135	161875
136	146061
137	154247
138	182796
139	226245
140	269410
141	303407
142	310217
143	307028
144	309480
145	313134
146	312526
147	320118
148	337213
149	360854
150	385076
151	412062
152	432274
153	429929
154	414335
155	417410
156	443425
157	488443
158	542192
159	596843
160	632635
161	657698
162	688522
163	751827
164	850240
165	937948
166	966169
167	953171
168	916155
169	867569
170	810772
171	755238
172	709135
173	684116
174	669358
175	656779
176	633705
177	596066
178	548299
179	498353
180	449865
181	405442
182	368207
183	338511
184	314100
185	294674
186	278987
187	264612
188	249105
189	230962
190	211726
191	190933
192	173065
193	157869
194	143366
195	133267
196	124295
197	116656
198	110417
199	103700
200	96526
201	89070
202	80846
203	73638
204	67479
205	62026
206	56692
207	53195
208	49490
209	46699
210	43535
211	39729
212	36256
213	33551
214	30404
215	27356
216	25444
217	23334
218	21768
219	20449
220	19082
221	17882
222	16157
223	14846
224	13548
225	12233
226	11415
227	10531
228	9676
229	9289
230	8778
231	8196
232	7533
233	7101
234	6463
235	5993
236	5598
237	5386
238	4993
239	4966
240	4902
241	4695
242	4604
243	4783
244	706
245	198
246	191
247	78

