## htsjdk.samtools.metrics.StringHeader
# CollectInsertSizeMetrics  --Histogram_FILE pandisease.epifluidlab.cchmc.org/results/20200420-week-17/jhu-cfdna-frag/picard_metrics/EGAR00002027929.hg19.insert_size.pdf --INPUT pandisease.epifluidlab.cchmc.org/results/20200420-week-17/jhu-cfdna-frag/filtered_bam/EGAR00002027929.hg19.filtered.bam --OUTPUT pandisease.epifluidlab.cchmc.org/results/20200420-week-17/jhu-cfdna-frag/picard_metrics/EGAR00002027929.hg19.insert_size.txt  --DEVIATIONS 10.0 --MINIMUM_PCT 0.05 --METRIC_ACCUMULATION_LEVEL ALL_READS --INCLUDE_DUPLICATES false --ASSUME_SORTED true --STOP_AFTER 0 --VERBOSITY INFO --QUIET false --VALIDATION_STRINGENCY STRICT --COMPRESSION_LEVEL 5 --MAX_RECORDS_IN_RAM 500000 --CREATE_INDEX false --CREATE_MD5_FILE false --GA4GH_CLIENT_SECRETS client_secrets.json --help false --version false --showHidden false --USE_JDK_DEFLATER false --USE_JDK_INFLATER false
## htsjdk.samtools.metrics.StringHeader
# Started on: Sun May 03 15:43:12 UTC 2020

## METRICS CLASS	picard.analysis.InsertSizeMetrics
MEDIAN_INSERT_SIZE	MODE_INSERT_SIZE	MEDIAN_ABSOLUTE_DEVIATION	MIN_INSERT_SIZE	MAX_INSERT_SIZE	MEAN_INSERT_SIZE	STANDARD_DEVIATION	READ_PAIRS	PAIR_ORIENTATION	WIDTH_OF_10_PERCENT	WIDTH_OF_20_PERCENT	WIDTH_OF_30_PERCENT	WIDTH_OF_40_PERCENT	WIDTH_OF_50_PERCENT	WIDTH_OF_60_PERCENT	WIDTH_OF_70_PERCENT	WIDTH_OF_80_PERCENT	WIDTH_OF_90_PERCENT	WIDTH_OF_95_PERCENT	WIDTH_OF_99_PERCENT	SAMPLE	LIBRARY	READ_GROUP
167	166	11	81	252	166.470312	20.754802	32262619	FR	5	9	13	19	23	31	41	51	69	89	125			

## HISTOGRAM	java.lang.Integer
insert_size	All_Reads.fr_count
81	155
82	172
83	188
84	2219
85	1779
86	1924
87	1920
88	2221
89	2556
90	2473
91	2474
92	2156
93	2653
94	2923
95	2984
96	3288
97	2722
98	2845
99	10166
100	11771
101	13074
102	13199
103	13923
104	13958
105	14082
106	15364
107	17169
108	18923
109	22676
110	27926
111	32747
112	34037
113	31333
114	29097
115	29999
116	31511
117	34622
118	39543
119	45527
120	57306
121	75309
122	88684
123	86987
124	70869
125	58037
126	55536
127	59338
128	65247
129	74587
130	89331
131	112986
132	147897
133	181746
134	190121
135	167930
136	147019
137	151066
138	175782
139	216308
140	266224
141	305661
142	317703
143	315159
144	320712
145	323843
146	320551
147	319348
148	332390
149	354128
150	382186
151	416051
152	446307
153	448873
154	429092
155	424324
156	440545
157	477770
158	528698
159	582497
160	626677
161	653973
162	682773
163	736875
164	818165
165	893082
166	917397
167	914309
168	892023
169	857222
170	808064
171	761495
172	717907
173	690812
174	672601
175	658772
176	637788
177	601552
178	561241
179	519525
180	475645
181	435510
182	399266
183	367777
184	343397
185	324164
186	307750
187	292916
188	278735
189	261905
190	243963
191	224304
192	205701
193	188783
194	173941
195	162003
196	152162
197	144524
198	137396
199	130993
200	124607
201	117086
202	108096
203	100289
204	92263
205	85603
206	79980
207	75160
208	70998
209	67312
210	63914
211	60416
212	56434
213	51982
214	47707
215	44071
216	40518
217	37782
218	35651
219	33894
220	31706
221	29833
222	28305
223	25609
224	23891
225	22000
226	20171
227	18744
228	17837
229	16644
230	15685
231	14775
232	13806
233	13048
234	12050
235	11098
236	10318
237	9695
238	9289
239	8823
240	8763
241	8300
242	7812
243	7448
244	7655
245	6449
246	5415
247	4934
248	4922
249	4789
250	4556
251	4709
252	4242

