## htsjdk.samtools.metrics.StringHeader
# CollectInsertSizeMetrics  --Histogram_FILE pandisease.epifluidlab.cchmc.org/results/20200420-week-17/jhu-cfdna-frag/picard_metrics/EGAR00002028012.hg19.insert_size.pdf --INPUT pandisease.epifluidlab.cchmc.org/results/20200420-week-17/jhu-cfdna-frag/filtered_bam/EGAR00002028012.hg19.filtered.bam --OUTPUT pandisease.epifluidlab.cchmc.org/results/20200420-week-17/jhu-cfdna-frag/picard_metrics/EGAR00002028012.hg19.insert_size.txt  --DEVIATIONS 10.0 --MINIMUM_PCT 0.05 --METRIC_ACCUMULATION_LEVEL ALL_READS --INCLUDE_DUPLICATES false --ASSUME_SORTED true --STOP_AFTER 0 --VERBOSITY INFO --QUIET false --VALIDATION_STRINGENCY STRICT --COMPRESSION_LEVEL 5 --MAX_RECORDS_IN_RAM 500000 --CREATE_INDEX false --CREATE_MD5_FILE false --GA4GH_CLIENT_SECRETS client_secrets.json --help false --version false --showHidden false --USE_JDK_DEFLATER false --USE_JDK_INFLATER false
## htsjdk.samtools.metrics.StringHeader
# Started on: Sun May 03 04:57:06 UTC 2020

## METRICS CLASS	picard.analysis.InsertSizeMetrics
MEDIAN_INSERT_SIZE	MODE_INSERT_SIZE	MEDIAN_ABSOLUTE_DEVIATION	MIN_INSERT_SIZE	MAX_INSERT_SIZE	MEAN_INSERT_SIZE	STANDARD_DEVIATION	READ_PAIRS	PAIR_ORIENTATION	WIDTH_OF_10_PERCENT	WIDTH_OF_20_PERCENT	WIDTH_OF_30_PERCENT	WIDTH_OF_40_PERCENT	WIDTH_OF_50_PERCENT	WIDTH_OF_60_PERCENT	WIDTH_OF_70_PERCENT	WIDTH_OF_80_PERCENT	WIDTH_OF_90_PERCENT	WIDTH_OF_95_PERCENT	WIDTH_OF_99_PERCENT	SAMPLE	LIBRARY	READ_GROUP
167	166	11	87	248	166.390185	19.568675	41796740	FR	5	9	13	17	23	29	37	49	65	83	119			

## HISTOGRAM	java.lang.Integer
insert_size	All_Reads.fr_count
87	196
88	2617
89	2732
90	2914
91	2830
92	3098
93	3226
94	3456
95	3614
96	3723
97	3808
98	4070
99	10820
100	11914
101	12641
102	13307
103	14405
104	14610
105	14466
106	15373
107	17194
108	19001
109	22323
110	26747
111	29998
112	31644
113	29122
114	27691
115	28101
116	31310
117	34103
118	38646
119	44940
120	55994
121	72861
122	87384
123	86573
124	71511
125	58946
126	56801
127	61832
128	69250
129	79584
130	98179
131	125572
132	169391
133	213091
134	224104
135	200415
136	178285
137	187249
138	223439
139	280327
140	348348
141	402096
142	418851
143	413877
144	419105
145	424204
146	421352
147	424593
148	444531
149	476864
150	514249
151	564004
152	605119
153	604695
154	577808
155	573693
156	602356
157	657239
158	728390
159	805312
160	863924
161	899588
162	938420
163	1010359
164	1121840
165	1219937
166	1252341
167	1240471
168	1203491
169	1150638
170	1083792
171	1012500
172	950380
173	910410
174	881403
175	855694
176	825049
177	777911
178	725631
179	667473
180	611507
181	555300
182	508330
183	467587
184	431948
185	407419
186	386074
187	367028
188	347252
189	327738
190	303802
191	280187
192	255543
193	233086
194	214446
195	199055
196	185619
197	175768
198	167696
199	158313
200	150102
201	140379
202	129464
203	118593
204	108615
205	99997
206	92503
207	87007
208	81931
209	77403
210	73688
211	68947
212	64108
213	59429
214	53961
215	50152
216	45426
217	42227
218	39934
219	37765
220	35170
221	33446
222	30812
223	28265
224	26032
225	24247
226	22294
227	20575
228	19251
229	18144
230	16980
231	16050
232	14990
233	13798
234	12728
235	12065
236	11236
237	10351
238	9737
239	9389
240	9180
241	9846
242	8083
243	6716
244	6401
245	5837
246	5695
247	5693
248	5034

