## htsjdk.samtools.metrics.StringHeader
# CollectInsertSizeMetrics  --Histogram_FILE pandisease.epifluidlab.cchmc.org/results/20200420-week-17/jhu-cfdna-frag/picard_metrics/EGAR00002027979.hg19.insert_size.pdf --INPUT pandisease.epifluidlab.cchmc.org/results/20200420-week-17/jhu-cfdna-frag/filtered_bam/EGAR00002027979.hg19.filtered.bam --OUTPUT pandisease.epifluidlab.cchmc.org/results/20200420-week-17/jhu-cfdna-frag/picard_metrics/EGAR00002027979.hg19.insert_size.txt  --DEVIATIONS 10.0 --MINIMUM_PCT 0.05 --METRIC_ACCUMULATION_LEVEL ALL_READS --INCLUDE_DUPLICATES false --ASSUME_SORTED true --STOP_AFTER 0 --VERBOSITY INFO --QUIET false --VALIDATION_STRINGENCY STRICT --COMPRESSION_LEVEL 5 --MAX_RECORDS_IN_RAM 500000 --CREATE_INDEX false --CREATE_MD5_FILE false --GA4GH_CLIENT_SECRETS client_secrets.json --help false --version false --showHidden false --USE_JDK_DEFLATER false --USE_JDK_INFLATER false
## htsjdk.samtools.metrics.StringHeader
# Started on: Sun May 03 14:53:04 UTC 2020

## METRICS CLASS	picard.analysis.InsertSizeMetrics
MEDIAN_INSERT_SIZE	MODE_INSERT_SIZE	MEDIAN_ABSOLUTE_DEVIATION	MIN_INSERT_SIZE	MAX_INSERT_SIZE	MEAN_INSERT_SIZE	STANDARD_DEVIATION	READ_PAIRS	PAIR_ORIENTATION	WIDTH_OF_10_PERCENT	WIDTH_OF_20_PERCENT	WIDTH_OF_30_PERCENT	WIDTH_OF_40_PERCENT	WIDTH_OF_50_PERCENT	WIDTH_OF_60_PERCENT	WIDTH_OF_70_PERCENT	WIDTH_OF_80_PERCENT	WIDTH_OF_90_PERCENT	WIDTH_OF_95_PERCENT	WIDTH_OF_99_PERCENT	SAMPLE	LIBRARY	READ_GROUP
169	167	11	89	251	168.4254	19.934891	40186817	FR	5	9	13	17	23	29	39	49	67	85	121			

## HISTOGRAM	java.lang.Integer
insert_size	All_Reads.fr_count
89	22
90	2496
91	2508
92	2363
93	2793
94	3073
95	3013
96	3454
97	2784
98	3567
99	10121
100	11400
101	12719
102	13354
103	13241
104	14092
105	13860
106	14958
107	17202
108	19002
109	22599
110	28376
111	32055
112	33342
113	30087
114	28047
115	28831
116	30672
117	34872
118	40037
119	46173
120	57233
121	72693
122	84184
123	83103
124	68069
125	56216
126	54732
127	58096
128	65308
129	75348
130	90082
131	113478
132	146783
133	180433
134	187007
135	166782
136	148704
137	154511
138	181025
139	221947
140	271751
141	310235
142	324983
143	326427
144	329757
145	336655
146	336730
147	345633
148	367036
149	394634
150	423990
151	460200
152	489831
153	493387
154	477176
155	474357
156	497911
157	545945
158	610880
159	679597
160	739719
161	776655
162	814837
163	882670
164	989605
165	1090228
166	1140370
167	1153960
168	1140718
169	1112357
170	1069244
171	1015321
172	971207
173	951021
174	944596
175	939954
176	921481
177	876183
178	813361
179	747679
180	682094
181	620188
182	570508
183	529314
184	496507
185	471974
186	448213
187	425443
188	401246
189	375371
190	343962
191	314635
192	286997
193	261413
194	241202
195	224815
196	211607
197	200405
198	189711
199	179159
200	168287
201	156965
202	143386
203	131921
204	121626
205	112448
206	104470
207	98584
208	93144
209	87552
210	83149
211	77628
212	72134
213	65543
214	60637
215	55952
216	51521
217	48258
218	44998
219	42797
220	40209
221	37559
222	35152
223	32396
224	29605
225	27387
226	25285
227	23367
228	22199
229	20925
230	19588
231	18509
232	16809
233	15881
234	14865
235	13417
236	12781
237	11927
238	11217
239	10940
240	10423
241	9777
242	9653
243	9925
244	8160
245	6847
246	6771
247	6142
248	2230
249	2180
250	2114
251	1685

