## htsjdk.samtools.metrics.StringHeader
# CollectInsertSizeMetrics  --Histogram_FILE pandisease.epifluidlab.cchmc.org/results/20200420-week-17/jhu-cfdna-frag/picard_metrics/EGAR00002027948.hg19.insert_size.pdf --INPUT pandisease.epifluidlab.cchmc.org/results/20200420-week-17/jhu-cfdna-frag/filtered_bam/EGAR00002027948.hg19.filtered.bam --OUTPUT pandisease.epifluidlab.cchmc.org/results/20200420-week-17/jhu-cfdna-frag/picard_metrics/EGAR00002027948.hg19.insert_size.txt  --DEVIATIONS 10.0 --MINIMUM_PCT 0.05 --METRIC_ACCUMULATION_LEVEL ALL_READS --INCLUDE_DUPLICATES false --ASSUME_SORTED true --STOP_AFTER 0 --VERBOSITY INFO --QUIET false --VALIDATION_STRINGENCY STRICT --COMPRESSION_LEVEL 5 --MAX_RECORDS_IN_RAM 500000 --CREATE_INDEX false --CREATE_MD5_FILE false --GA4GH_CLIENT_SECRETS client_secrets.json --help false --version false --showHidden false --USE_JDK_DEFLATER false --USE_JDK_INFLATER false
## htsjdk.samtools.metrics.StringHeader
# Started on: Sun May 03 15:31:49 UTC 2020

## METRICS CLASS	picard.analysis.InsertSizeMetrics
MEDIAN_INSERT_SIZE	MODE_INSERT_SIZE	MEDIAN_ABSOLUTE_DEVIATION	MIN_INSERT_SIZE	MAX_INSERT_SIZE	MEAN_INSERT_SIZE	STANDARD_DEVIATION	READ_PAIRS	PAIR_ORIENTATION	WIDTH_OF_10_PERCENT	WIDTH_OF_20_PERCENT	WIDTH_OF_30_PERCENT	WIDTH_OF_40_PERCENT	WIDTH_OF_50_PERCENT	WIDTH_OF_60_PERCENT	WIDTH_OF_70_PERCENT	WIDTH_OF_80_PERCENT	WIDTH_OF_90_PERCENT	WIDTH_OF_95_PERCENT	WIDTH_OF_99_PERCENT	SAMPLE	LIBRARY	READ_GROUP
168	167	11	82	254	167.958044	20.706086	30107615	FR	5	9	13	19	23	31	41	51	69	89	125			

## HISTOGRAM	java.lang.Integer
insert_size	All_Reads.fr_count
82	844
83	930
84	1005
85	1771
86	1922
87	1613
88	2087
89	2682
90	2800
91	2669
92	2438
93	2772
94	3129
95	3194
96	3444
97	2812
98	3243
99	7948
100	9215
101	9901
102	10248
103	10575
104	10931
105	10852
106	11829
107	13407
108	14804
109	17296
110	20959
111	23445
112	25011
113	23719
114	22653
115	23353
116	25325
117	27302
118	30862
119	36021
120	44577
121	56283
122	67824
123	67505
124	56637
125	47452
126	45636
127	48771
128	53481
129	60966
130	73500
131	92442
132	120430
133	148941
134	156725
135	139978
136	124687
137	127775
138	147733
139	181983
140	223518
141	258251
142	270048
143	269561
144	273491
145	280117
146	278285
147	280837
148	292917
149	312802
150	336821
151	368624
152	393420
153	394841
154	380436
155	377076
156	394512
157	427931
158	473834
159	524701
160	565258
161	589433
162	615511
163	658468
164	730076
165	796298
166	829851
167	831034
168	818622
169	792619
170	756359
171	716855
172	678526
173	662019
174	650605
175	643029
176	625801
177	596333
178	561820
179	519364
180	478995
181	439499
182	406063
183	376510
184	353078
185	335113
186	319781
187	305856
188	291122
189	275388
190	256667
191	236336
192	217248
193	199453
194	184434
195	172527
196	161912
197	154330
198	148541
199	141148
200	133237
201	125128
202	115465
203	106724
204	98089
205	91182
206	84908
207	79926
208	75472
209	71270
210	67697
211	63511
212	59389
213	54784
214	50039
215	46489
216	42651
217	39538
218	37342
219	34935
220	32740
221	31110
222	28941
223	26785
224	24962
225	22593
226	20778
227	19272
228	17952
229	17033
230	16078
231	15201
232	14199
233	13057
234	12065
235	11341
236	10630
237	9573
238	8983
239	8941
240	8522
241	7889
242	7859
243	7126
244	6761
245	6798
246	5879
247	5285
248	5208
249	5329
250	4627
251	1207
252	1257
253	1109
254	507

