## htsjdk.samtools.metrics.StringHeader
# CollectInsertSizeMetrics  --Histogram_FILE pandisease.epifluidlab.cchmc.org/results/20200420-week-17/jhu-cfdna-frag/picard_metrics/EGAR00002027927.hg19.insert_size.pdf --INPUT pandisease.epifluidlab.cchmc.org/results/20200420-week-17/jhu-cfdna-frag/filtered_bam/EGAR00002027927.hg19.filtered.bam --OUTPUT pandisease.epifluidlab.cchmc.org/results/20200420-week-17/jhu-cfdna-frag/picard_metrics/EGAR00002027927.hg19.insert_size.txt  --DEVIATIONS 10.0 --MINIMUM_PCT 0.05 --METRIC_ACCUMULATION_LEVEL ALL_READS --INCLUDE_DUPLICATES false --ASSUME_SORTED true --STOP_AFTER 0 --VERBOSITY INFO --QUIET false --VALIDATION_STRINGENCY STRICT --COMPRESSION_LEVEL 5 --MAX_RECORDS_IN_RAM 500000 --CREATE_INDEX false --CREATE_MD5_FILE false --GA4GH_CLIENT_SECRETS client_secrets.json --help false --version false --showHidden false --USE_JDK_DEFLATER false --USE_JDK_INFLATER false
## htsjdk.samtools.metrics.StringHeader
# Started on: Sun May 03 15:44:54 UTC 2020

## METRICS CLASS	picard.analysis.InsertSizeMetrics
MEDIAN_INSERT_SIZE	MODE_INSERT_SIZE	MEDIAN_ABSOLUTE_DEVIATION	MIN_INSERT_SIZE	MAX_INSERT_SIZE	MEAN_INSERT_SIZE	STANDARD_DEVIATION	READ_PAIRS	PAIR_ORIENTATION	WIDTH_OF_10_PERCENT	WIDTH_OF_20_PERCENT	WIDTH_OF_30_PERCENT	WIDTH_OF_40_PERCENT	WIDTH_OF_50_PERCENT	WIDTH_OF_60_PERCENT	WIDTH_OF_70_PERCENT	WIDTH_OF_80_PERCENT	WIDTH_OF_90_PERCENT	WIDTH_OF_95_PERCENT	WIDTH_OF_99_PERCENT	SAMPLE	LIBRARY	READ_GROUP
166	166	12	79	254	165.956945	20.787705	31614847	FR	5	9	13	19	25	31	41	51	69	89	125			

## HISTOGRAM	java.lang.Integer
insert_size	All_Reads.fr_count
79	3
80	1420
81	1543
82	1568
83	1907
84	2068
85	1836
86	2320
87	1989
88	2361
89	2478
90	2524
91	2678
92	2762
93	2786
94	3010
95	3003
96	3383
97	2812
98	3499
99	10367
100	11955
101	13163
102	13579
103	13860
104	14426
105	14311
106	14994
107	16737
108	18829
109	22108
110	27484
111	31585
112	33298
113	30913
114	28184
115	28483
116	30031
117	32978
118	37554
119	44481
120	56965
121	74058
122	88697
123	87202
124	69791
125	55569
126	52710
127	56364
128	62343
129	71373
130	88794
131	114156
132	152414
133	190677
134	198226
135	172686
136	148749
137	152962
138	178688
139	222470
140	278299
141	321400
142	335792
143	334253
144	335385
145	335453
146	329215
147	327591
148	339144
149	361496
150	390449
151	426575
152	457688
153	456503
154	435829
155	425725
156	443238
157	480451
158	528253
159	582741
160	624942
161	650359
162	677236
163	725395
164	804420
165	873636
166	896802
167	888541
168	861901
169	824874
170	779027
171	728349
172	686700
173	658896
174	643636
175	626009
176	603822
177	572167
178	533679
179	491706
180	450969
181	411595
182	376445
183	347519
184	322661
185	305351
186	288921
187	274489
188	261962
189	245852
190	229444
191	211373
192	192559
193	177843
194	163135
195	153042
196	144359
197	136085
198	130990
199	125639
200	119115
201	111733
202	104080
203	96158
204	89013
205	82319
206	76654
207	71938
208	68765
209	64977
210	62200
211	58374
212	54497
213	50472
214	45995
215	42676
216	39562
217	37138
218	34546
219	32707
220	31075
221	29311
222	27075
223	24883
224	23195
225	21294
226	19586
227	18499
228	17094
229	16427
230	14845
231	14504
232	13359
233	12402
234	11446
235	10651
236	9950
237	9163
238	8714
239	8324
240	8084
241	7657
242	7234
243	6979
244	6462
245	5971
246	5841
247	5926
248	4992
249	4228
250	4350
251	4068
252	136
253	113
254	116

