## htsjdk.samtools.metrics.StringHeader
# CollectInsertSizeMetrics  --Histogram_FILE pandisease.epifluidlab.cchmc.org/results/20200420-week-17/jhu-cfdna-frag/picard_metrics/EGAR00002027923.hg19.insert_size.pdf --INPUT pandisease.epifluidlab.cchmc.org/results/20200420-week-17/jhu-cfdna-frag/filtered_bam/EGAR00002027923.hg19.filtered.bam --OUTPUT pandisease.epifluidlab.cchmc.org/results/20200420-week-17/jhu-cfdna-frag/picard_metrics/EGAR00002027923.hg19.insert_size.txt  --DEVIATIONS 10.0 --MINIMUM_PCT 0.05 --METRIC_ACCUMULATION_LEVEL ALL_READS --INCLUDE_DUPLICATES false --ASSUME_SORTED true --STOP_AFTER 0 --VERBOSITY INFO --QUIET false --VALIDATION_STRINGENCY STRICT --COMPRESSION_LEVEL 5 --MAX_RECORDS_IN_RAM 500000 --CREATE_INDEX false --CREATE_MD5_FILE false --GA4GH_CLIENT_SECRETS client_secrets.json --help false --version false --showHidden false --USE_JDK_DEFLATER false --USE_JDK_INFLATER false
## htsjdk.samtools.metrics.StringHeader
# Started on: Sun May 03 15:46:34 UTC 2020

## METRICS CLASS	picard.analysis.InsertSizeMetrics
MEDIAN_INSERT_SIZE	MODE_INSERT_SIZE	MEDIAN_ABSOLUTE_DEVIATION	MIN_INSERT_SIZE	MAX_INSERT_SIZE	MEAN_INSERT_SIZE	STANDARD_DEVIATION	READ_PAIRS	PAIR_ORIENTATION	WIDTH_OF_10_PERCENT	WIDTH_OF_20_PERCENT	WIDTH_OF_30_PERCENT	WIDTH_OF_40_PERCENT	WIDTH_OF_50_PERCENT	WIDTH_OF_60_PERCENT	WIDTH_OF_70_PERCENT	WIDTH_OF_80_PERCENT	WIDTH_OF_90_PERCENT	WIDTH_OF_95_PERCENT	WIDTH_OF_99_PERCENT	SAMPLE	LIBRARY	READ_GROUP
169	167	12	83	258	168.986007	20.846329	29606818	FR	5	9	13	19	25	31	41	51	71	89	127			

## HISTOGRAM	java.lang.Integer
insert_size	All_Reads.fr_count
83	4
84	237
85	185
86	184
87	1458
88	1773
89	1853
90	2162
91	2183
92	1922
93	2018
94	2314
95	2566
96	2763
97	2257
98	2556
99	7805
100	8731
101	9458
102	10301
103	10598
104	10832
105	11027
106	11461
107	13036
108	14909
109	17087
110	20402
111	22661
112	23598
113	22019
114	20886
115	21942
116	23422
117	25686
118	29092
119	33268
120	41213
121	51850
122	60549
123	59735
124	50137
125	42369
126	41302
127	44660
128	48799
129	55676
130	67293
131	84294
132	109830
133	135834
134	141321
135	126252
136	112212
137	116472
138	135603
139	167262
140	207083
141	239410
142	250402
143	250202
144	253742
145	256829
146	256306
147	259859
148	271996
149	291558
150	314499
151	345935
152	370648
153	374029
154	357750
155	351229
156	366887
157	399494
158	444528
159	494601
160	536922
161	564727
162	587933
163	630436
164	698006
165	760994
166	790612
167	797616
168	792342
169	774047
170	743684
171	705620
172	674907
173	658662
174	651196
175	645636
176	633393
177	608948
178	572066
179	532195
180	493813
181	454098
182	420600
183	390932
184	368874
185	351184
186	337479
187	324787
188	310712
189	294168
190	273668
191	253098
192	231524
193	213878
194	197598
195	184840
196	174236
197	166496
198	158678
199	151701
200	143526
201	134687
202	123338
203	113686
204	104520
205	96007
206	90108
207	84529
208	79963
209	75978
210	72260
211	67512
212	62491
213	57629
214	52565
215	48561
216	44643
217	41738
218	39231
219	37074
220	34761
221	32994
222	30443
223	27976
224	26251
225	23789
226	22122
227	20652
228	19229
229	17750
230	16935
231	16100
232	14782
233	13983
234	12872
235	11703
236	10810
237	10361
238	9874
239	9244
240	8832
241	8473
242	8076
243	7599
244	7155
245	6808
246	6478
247	6633
248	5703
249	4703
250	4594
251	4546
252	4478
253	4140
254	4158
255	3744
256	479
257	463
258	467

