## htsjdk.samtools.metrics.StringHeader
# CollectInsertSizeMetrics  --Histogram_FILE pandisease.epifluidlab.cchmc.org/results/20200420-week-17/jhu-cfdna-frag/picard_metrics/EGAR00002028009.hg19.insert_size.pdf --INPUT pandisease.epifluidlab.cchmc.org/results/20200420-week-17/jhu-cfdna-frag/filtered_bam/EGAR00002028009.hg19.filtered.bam --OUTPUT pandisease.epifluidlab.cchmc.org/results/20200420-week-17/jhu-cfdna-frag/picard_metrics/EGAR00002028009.hg19.insert_size.txt  --DEVIATIONS 10.0 --MINIMUM_PCT 0.05 --METRIC_ACCUMULATION_LEVEL ALL_READS --INCLUDE_DUPLICATES false --ASSUME_SORTED true --STOP_AFTER 0 --VERBOSITY INFO --QUIET false --VALIDATION_STRINGENCY STRICT --COMPRESSION_LEVEL 5 --MAX_RECORDS_IN_RAM 500000 --CREATE_INDEX false --CREATE_MD5_FILE false --GA4GH_CLIENT_SECRETS client_secrets.json --help false --version false --showHidden false --USE_JDK_DEFLATER false --USE_JDK_INFLATER false
## htsjdk.samtools.metrics.StringHeader
# Started on: Sun May 03 15:17:29 UTC 2020

## METRICS CLASS	picard.analysis.InsertSizeMetrics
MEDIAN_INSERT_SIZE	MODE_INSERT_SIZE	MEDIAN_ABSOLUTE_DEVIATION	MIN_INSERT_SIZE	MAX_INSERT_SIZE	MEAN_INSERT_SIZE	STANDARD_DEVIATION	READ_PAIRS	PAIR_ORIENTATION	WIDTH_OF_10_PERCENT	WIDTH_OF_20_PERCENT	WIDTH_OF_30_PERCENT	WIDTH_OF_40_PERCENT	WIDTH_OF_50_PERCENT	WIDTH_OF_60_PERCENT	WIDTH_OF_70_PERCENT	WIDTH_OF_80_PERCENT	WIDTH_OF_90_PERCENT	WIDTH_OF_95_PERCENT	WIDTH_OF_99_PERCENT	SAMPLE	LIBRARY	READ_GROUP
169	167	11	87	255	169.012025	20.78663	31197743	FR	5	9	13	17	23	31	39	51	71	89	127			

## HISTOGRAM	java.lang.Integer
insert_size	All_Reads.fr_count
87	1603
88	1928
89	2021
90	2173
91	2447
92	2258
93	2289
94	2503
95	2598
96	2971
97	2692
98	3014
99	8452
100	9277
101	10137
102	10896
103	11553
104	11923
105	11681
106	12351
107	13983
108	15287
109	18372
110	22503
111	24955
112	26212
113	24634
114	23283
115	23590
116	25834
117	28168
118	32047
119	37077
120	45292
121	56754
122	66630
123	66491
124	54739
125	45862
126	43902
127	46598
128	51146
129	58027
130	68961
131	86939
132	112852
133	139746
134	146608
135	129624
136	113154
137	116002
138	135261
139	169038
140	210372
141	245706
142	258790
143	260826
144	262878
145	266354
146	264572
147	265799
148	279139
149	301205
150	327244
151	360488
152	387736
153	391600
154	375486
155	366685
156	381165
157	413576
158	460596
159	515583
160	560565
161	592932
162	617366
163	661675
164	731905
165	801149
166	836374
167	844610
168	840051
169	823616
170	796357
171	759084
172	729854
173	715589
174	710586
175	705949
176	693467
177	661213
178	619435
179	572524
180	527148
181	483978
182	446831
183	414962
184	390517
185	371788
186	355261
187	339435
188	322232
189	303712
190	282202
191	259743
192	238740
193	218292
194	202647
195	189369
196	178830
197	169416
198	162159
199	154658
200	145831
201	136358
202	126199
203	116305
204	107910
205	99231
206	92823
207	87013
208	82858
209	78482
210	74279
211	69758
212	64805
213	59734
214	55249
215	50646
216	47632
217	44160
218	41278
219	39003
220	36670
221	34744
222	32267
223	30050
224	27970
225	25291
226	23318
227	21886
228	20539
229	19609
230	18166
231	17192
232	15829
233	14950
234	14098
235	13065
236	12096
237	11335
238	10339
239	10127
240	9763
241	9229
242	8956
243	8318
244	7840
245	7481
246	7187
247	7371
248	6128
249	5189
250	5075
251	4813
252	3829
253	3825
254	3910
255	3375

