## htsjdk.samtools.metrics.StringHeader
# CollectInsertSizeMetrics  --Histogram_FILE pandisease.epifluidlab.cchmc.org/results/20200420-week-17/jhu-cfdna-frag/picard_metrics/EGAR00002028086.hg19.insert_size.pdf --INPUT pandisease.epifluidlab.cchmc.org/results/20200420-week-17/jhu-cfdna-frag/filtered_bam/EGAR00002028086.hg19.filtered.bam --OUTPUT pandisease.epifluidlab.cchmc.org/results/20200420-week-17/jhu-cfdna-frag/picard_metrics/EGAR00002028086.hg19.insert_size.txt  --DEVIATIONS 10.0 --MINIMUM_PCT 0.05 --METRIC_ACCUMULATION_LEVEL ALL_READS --INCLUDE_DUPLICATES false --ASSUME_SORTED true --STOP_AFTER 0 --VERBOSITY INFO --QUIET false --VALIDATION_STRINGENCY STRICT --COMPRESSION_LEVEL 5 --MAX_RECORDS_IN_RAM 500000 --CREATE_INDEX false --CREATE_MD5_FILE false --GA4GH_CLIENT_SECRETS client_secrets.json --help false --version false --showHidden false --USE_JDK_DEFLATER false --USE_JDK_INFLATER false
## htsjdk.samtools.metrics.StringHeader
# Started on: Sun May 03 01:30:57 UTC 2020

## METRICS CLASS	picard.analysis.InsertSizeMetrics
MEDIAN_INSERT_SIZE	MODE_INSERT_SIZE	MEDIAN_ABSOLUTE_DEVIATION	MIN_INSERT_SIZE	MAX_INSERT_SIZE	MEAN_INSERT_SIZE	STANDARD_DEVIATION	READ_PAIRS	PAIR_ORIENTATION	WIDTH_OF_10_PERCENT	WIDTH_OF_20_PERCENT	WIDTH_OF_30_PERCENT	WIDTH_OF_40_PERCENT	WIDTH_OF_50_PERCENT	WIDTH_OF_60_PERCENT	WIDTH_OF_70_PERCENT	WIDTH_OF_80_PERCENT	WIDTH_OF_90_PERCENT	WIDTH_OF_95_PERCENT	WIDTH_OF_99_PERCENT	SAMPLE	LIBRARY	READ_GROUP
168	166	10	95	242	167.809196	17.989779	101038114	FR	5	7	11	15	21	27	35	45	61	77	111			

## HISTOGRAM	java.lang.Integer
insert_size	All_Reads.fr_count
95	51
96	308
97	314
98	335
99	8668
100	20455
101	22032
102	22965
103	24022
104	24228
105	25607
106	26892
107	29915
108	32291
109	36458
110	44411
111	47730
112	49956
113	47922
114	46858
115	48488
116	54006
117	58845
118	66621
119	75693
120	90620
121	113961
122	136242
123	136572
124	117648
125	103104
126	102551
127	112526
128	126126
129	147876
130	176841
131	223347
132	294939
133	367124
134	390464
135	358820
136	333128
137	358019
138	432889
139	535844
140	652498
141	747346
142	791383
143	804955
144	826965
145	850973
146	866760
147	892537
148	950102
149	1026513
150	1105545
151	1195300
152	1278125
153	1299064
154	1276243
155	1300700
156	1393886
157	1542748
158	1726799
159	1915039
160	2061321
161	2180101
162	2321397
163	2564537
164	2929950
165	3248888
166	3372277
167	3337203
168	3233734
169	3090555
170	2912096
171	2729946
172	2577115
173	2489752
174	2437645
175	2383551
176	2291011
177	2145709
178	1964322
179	1775812
180	1598010
181	1434910
182	1301113
183	1192903
184	1104830
185	1040279
186	981113
187	927111
188	871434
189	806410
190	736448
191	668437
192	605770
193	551859
194	508273
195	469085
196	440585
197	417365
198	396242
199	374869
200	351615
201	325390
202	298821
203	273785
204	252684
205	233047
206	216634
207	204050
208	193248
209	182148
210	171991
211	159561
212	147511
213	136445
214	123819
215	114675
216	106714
217	98182
218	91746
219	86754
220	81548
221	76837
222	70770
223	64700
224	60193
225	54779
226	51013
227	47968
228	44120
229	41805
230	40032
231	37506
232	38696
233	31079
234	26388
235	24626
236	22879
237	21119
238	21033
239	18786
240	811
241	757
242	688

