## htsjdk.samtools.metrics.StringHeader
# CollectInsertSizeMetrics  --Histogram_FILE pandisease.epifluidlab.cchmc.org/results/20200420-week-17/jhu-cfdna-frag/picard_metrics/EGAR00002028055.hg19.insert_size.pdf --INPUT pandisease.epifluidlab.cchmc.org/results/20200420-week-17/jhu-cfdna-frag/filtered_bam/EGAR00002028055.hg19.filtered.bam --OUTPUT pandisease.epifluidlab.cchmc.org/results/20200420-week-17/jhu-cfdna-frag/picard_metrics/EGAR00002028055.hg19.insert_size.txt  --DEVIATIONS 10.0 --MINIMUM_PCT 0.05 --METRIC_ACCUMULATION_LEVEL ALL_READS --INCLUDE_DUPLICATES false --ASSUME_SORTED true --STOP_AFTER 0 --VERBOSITY INFO --QUIET false --VALIDATION_STRINGENCY STRICT --COMPRESSION_LEVEL 5 --MAX_RECORDS_IN_RAM 500000 --CREATE_INDEX false --CREATE_MD5_FILE false --GA4GH_CLIENT_SECRETS client_secrets.json --help false --version false --showHidden false --USE_JDK_DEFLATER false --USE_JDK_INFLATER false
## htsjdk.samtools.metrics.StringHeader
# Started on: Sun May 03 05:13:16 UTC 2020

## METRICS CLASS	picard.analysis.InsertSizeMetrics
MEDIAN_INSERT_SIZE	MODE_INSERT_SIZE	MEDIAN_ABSOLUTE_DEVIATION	MIN_INSERT_SIZE	MAX_INSERT_SIZE	MEAN_INSERT_SIZE	STANDARD_DEVIATION	READ_PAIRS	PAIR_ORIENTATION	WIDTH_OF_10_PERCENT	WIDTH_OF_20_PERCENT	WIDTH_OF_30_PERCENT	WIDTH_OF_40_PERCENT	WIDTH_OF_50_PERCENT	WIDTH_OF_60_PERCENT	WIDTH_OF_70_PERCENT	WIDTH_OF_80_PERCENT	WIDTH_OF_90_PERCENT	WIDTH_OF_95_PERCENT	WIDTH_OF_99_PERCENT	SAMPLE	LIBRARY	READ_GROUP
167	166	11	88	246	167.06337	19.161667	44348622	FR	5	9	13	17	23	29	37	47	65	81	117			

## HISTOGRAM	java.lang.Integer
insert_size	All_Reads.fr_count
88	1707
89	1681
90	1751
91	2055
92	2334
93	2660
94	3108
95	3263
96	3392
97	2765
98	3463
99	11249
100	12364
101	13565
102	13649
103	14273
104	15056
105	15365
106	16525
107	18492
108	20465
109	23072
110	28187
111	31130
112	31973
113	29115
114	28050
115	29344
116	31405
117	35486
118	39736
119	45341
120	55783
121	71022
122	82968
123	81956
124	67197
125	57306
126	55990
127	60809
128	67900
129	78416
130	96105
131	123496
132	163394
133	202225
134	212525
135	190103
136	173110
137	183297
138	218171
139	272900
140	338243
141	387897
142	402139
143	401318
144	406471
145	414780
146	418708
147	427082
148	447577
149	481206
150	520861
151	567833
152	609435
153	609158
154	586456
155	585489
156	619766
157	679896
158	758829
159	837587
160	894557
161	932132
162	970471
163	1049557
164	1171088
165	1285760
166	1334346
167	1330768
168	1299203
169	1246603
170	1177019
171	1101663
172	1040435
173	1002703
174	983104
175	965278
176	939214
177	889409
178	829604
179	762261
180	696051
181	632120
182	576437
183	531064
184	495103
185	468731
186	445133
187	423815
188	400503
189	373159
190	344792
191	314738
192	285179
193	260079
194	237462
195	220909
196	206068
197	194630
198	184641
199	174900
200	164667
201	152598
202	139508
203	127601
204	117193
205	106822
206	98573
207	92317
208	87101
209	81949
210	76597
211	71483
212	66335
213	60592
214	55473
215	50836
216	46526
217	42480
218	40046
219	37856
220	35461
221	32486
222	30395
223	27765
224	25850
225	23386
226	21268
227	19955
228	18162
229	17449
230	16381
231	15420
232	14221
233	13291
234	12312
235	11143
236	10415
237	9981
238	9630
239	8994
240	8405
241	8838
242	7432
243	5226
244	5199
245	4604
246	286

