## htsjdk.samtools.metrics.StringHeader
# CollectInsertSizeMetrics  --Histogram_FILE pandisease.epifluidlab.cchmc.org/results/20200420-week-17/jhu-cfdna-frag/picard_metrics/EGAR00002028048.hg19.insert_size.pdf --INPUT pandisease.epifluidlab.cchmc.org/results/20200420-week-17/jhu-cfdna-frag/filtered_bam/EGAR00002028048.hg19.filtered.bam --OUTPUT pandisease.epifluidlab.cchmc.org/results/20200420-week-17/jhu-cfdna-frag/picard_metrics/EGAR00002028048.hg19.insert_size.txt  --DEVIATIONS 10.0 --MINIMUM_PCT 0.05 --METRIC_ACCUMULATION_LEVEL ALL_READS --INCLUDE_DUPLICATES false --ASSUME_SORTED true --STOP_AFTER 0 --VERBOSITY INFO --QUIET false --VALIDATION_STRINGENCY STRICT --COMPRESSION_LEVEL 5 --MAX_RECORDS_IN_RAM 500000 --CREATE_INDEX false --CREATE_MD5_FILE false --GA4GH_CLIENT_SECRETS client_secrets.json --help false --version false --showHidden false --USE_JDK_DEFLATER false --USE_JDK_INFLATER false
## htsjdk.samtools.metrics.StringHeader
# Started on: Sun May 03 13:29:45 UTC 2020

## METRICS CLASS	picard.analysis.InsertSizeMetrics
MEDIAN_INSERT_SIZE	MODE_INSERT_SIZE	MEDIAN_ABSOLUTE_DEVIATION	MIN_INSERT_SIZE	MAX_INSERT_SIZE	MEAN_INSERT_SIZE	STANDARD_DEVIATION	READ_PAIRS	PAIR_ORIENTATION	WIDTH_OF_10_PERCENT	WIDTH_OF_20_PERCENT	WIDTH_OF_30_PERCENT	WIDTH_OF_40_PERCENT	WIDTH_OF_50_PERCENT	WIDTH_OF_60_PERCENT	WIDTH_OF_70_PERCENT	WIDTH_OF_80_PERCENT	WIDTH_OF_90_PERCENT	WIDTH_OF_95_PERCENT	WIDTH_OF_99_PERCENT	SAMPLE	LIBRARY	READ_GROUP
167	166	10	88	244	166.336189	19.099522	41870108	FR	5	7	11	17	21	29	37	47	65	81	117			

## HISTOGRAM	java.lang.Integer
insert_size	All_Reads.fr_count
88	2262
89	2417
90	2373
91	2816
92	2505
93	2646
94	3139
95	3357
96	3564
97	3431
98	3757
99	12267
100	13605
101	14763
102	15481
103	16443
104	16435
105	16542
106	17840
107	20167
108	22514
109	26142
110	31900
111	35671
112	36811
113	33583
114	30748
115	31761
116	35296
117	38741
118	43832
119	50373
120	62593
121	81300
122	96034
123	94508
124	77176
125	61902
126	59754
127	64341
128	71419
129	82006
130	99997
131	127834
132	169152
133	209788
134	215912
135	191245
136	169398
137	179092
138	216697
139	268311
140	327174
141	369747
142	381166
143	375446
144	373730
145	375884
146	374431
147	381701
148	408358
149	444915
150	482170
151	527697
152	564104
153	563544
154	542797
155	544120
156	579003
157	642173
158	720529
159	803067
160	864691
161	900188
162	941294
163	1029290
164	1168608
165	1288378
166	1326232
167	1311017
168	1268815
169	1206453
170	1125698
171	1044514
172	977802
173	939981
174	920331
175	906706
176	881883
177	836994
178	776577
179	710712
180	643044
181	580485
182	526785
183	482713
184	446842
185	420075
186	398722
187	379095
188	358594
189	332945
190	304945
191	275464
192	249404
193	225547
194	205267
195	190124
196	176410
197	166062
198	157342
199	148880
200	139499
201	128540
202	117811
203	107407
204	98827
205	89812
206	83477
207	78549
208	73694
209	69403
210	64977
211	60912
212	56377
213	51672
214	46825
215	42890
216	39492
217	36909
218	34412
219	32025
220	30494
221	28169
222	26099
223	24078
224	22374
225	20151
226	18575
227	17264
228	16292
229	15518
230	14711
231	13589
232	12997
233	11784
234	10986
235	10354
236	9619
237	9204
238	8642
239	8412
240	8644
241	8811
242	1233
243	161
244	131

