## htsjdk.samtools.metrics.StringHeader
# CollectInsertSizeMetrics  --Histogram_FILE pandisease.epifluidlab.cchmc.org/results/20200420-week-17/jhu-cfdna-frag/picard_metrics/EGAR00002027921.hg19.insert_size.pdf --INPUT pandisease.epifluidlab.cchmc.org/results/20200420-week-17/jhu-cfdna-frag/filtered_bam/EGAR00002027921.hg19.filtered.bam --OUTPUT pandisease.epifluidlab.cchmc.org/results/20200420-week-17/jhu-cfdna-frag/picard_metrics/EGAR00002027921.hg19.insert_size.txt  --DEVIATIONS 10.0 --MINIMUM_PCT 0.05 --METRIC_ACCUMULATION_LEVEL ALL_READS --INCLUDE_DUPLICATES false --ASSUME_SORTED true --STOP_AFTER 0 --VERBOSITY INFO --QUIET false --VALIDATION_STRINGENCY STRICT --COMPRESSION_LEVEL 5 --MAX_RECORDS_IN_RAM 500000 --CREATE_INDEX false --CREATE_MD5_FILE false --GA4GH_CLIENT_SECRETS client_secrets.json --help false --version false --showHidden false --USE_JDK_DEFLATER false --USE_JDK_INFLATER false
## htsjdk.samtools.metrics.StringHeader
# Started on: Sun May 03 15:36:35 UTC 2020

## METRICS CLASS	picard.analysis.InsertSizeMetrics
MEDIAN_INSERT_SIZE	MODE_INSERT_SIZE	MEDIAN_ABSOLUTE_DEVIATION	MIN_INSERT_SIZE	MAX_INSERT_SIZE	MEAN_INSERT_SIZE	STANDARD_DEVIATION	READ_PAIRS	PAIR_ORIENTATION	WIDTH_OF_10_PERCENT	WIDTH_OF_20_PERCENT	WIDTH_OF_30_PERCENT	WIDTH_OF_40_PERCENT	WIDTH_OF_50_PERCENT	WIDTH_OF_60_PERCENT	WIDTH_OF_70_PERCENT	WIDTH_OF_80_PERCENT	WIDTH_OF_90_PERCENT	WIDTH_OF_95_PERCENT	WIDTH_OF_99_PERCENT	SAMPLE	LIBRARY	READ_GROUP
167	166	12	80	255	166.594161	20.895489	32973019	FR	5	9	13	19	25	31	41	51	69	89	125			

## HISTOGRAM	java.lang.Integer
insert_size	All_Reads.fr_count
80	70
81	61
82	248
83	269
84	2519
85	2129
86	2234
87	2172
88	2419
89	2786
90	2797
91	2713
92	2366
93	3034
94	3323
95	3395
96	3576
97	3075
98	3164
99	10187
100	11446
101	12379
102	12792
103	13011
104	13251
105	13244
106	13854
107	15641
108	17068
109	20192
110	24894
111	29338
112	29851
113	28284
114	26259
115	26576
116	28242
117	30728
118	35180
119	41643
120	53495
121	72643
122	88568
123	87801
124	70509
125	55577
126	51988
127	55729
128	61931
129	71482
130	87717
131	115719
132	155252
133	196271
134	204812
135	180055
136	153932
137	155418
138	181372
139	226193
140	284339
141	331937
142	347267
143	343278
144	344954
145	349171
146	340686
147	336862
148	346047
149	368161
150	397304
151	437074
152	472338
153	473049
154	449007
155	441845
156	456114
157	492435
158	543357
159	598457
160	642711
161	668032
162	694301
163	742415
164	818119
165	884778
166	908153
167	903154
168	881594
169	846522
170	802791
171	754113
172	711151
173	683734
174	664669
175	650154
176	630064
177	598864
178	562471
179	523279
180	484225
181	445641
182	408390
183	377819
184	353683
185	332620
186	316811
187	303590
188	289986
189	274235
190	257215
191	237765
192	217938
193	201679
194	185335
195	172078
196	162408
197	154895
198	147464
199	141310
200	134072
201	125876
202	117649
203	107680
204	99503
205	91991
206	85906
207	80310
208	76466
209	72486
210	68888
211	64796
212	60629
213	56069
214	51434
215	47066
216	43506
217	40249
218	38066
219	36190
220	34006
221	32297
222	29960
223	27606
224	25378
225	23346
226	21413
227	20007
228	18693
229	17574
230	16421
231	15424
232	14694
233	13691
234	12663
235	11628
236	10681
237	10058
238	9507
239	9042
240	8701
241	8374
242	7805
243	7339
244	7684
245	6415
246	5193
247	4990
248	4781
249	4569
250	4450
251	4334
252	4229
253	2963
254	2898
255	2661

