## htsjdk.samtools.metrics.StringHeader
# CollectInsertSizeMetrics  --Histogram_FILE pandisease.epifluidlab.cchmc.org/results/20200420-week-17/jhu-cfdna-frag/picard_metrics/EGAR00002028039.hg19.insert_size.pdf --INPUT pandisease.epifluidlab.cchmc.org/results/20200420-week-17/jhu-cfdna-frag/filtered_bam/EGAR00002028039.hg19.filtered.bam --OUTPUT pandisease.epifluidlab.cchmc.org/results/20200420-week-17/jhu-cfdna-frag/picard_metrics/EGAR00002028039.hg19.insert_size.txt  --DEVIATIONS 10.0 --MINIMUM_PCT 0.05 --METRIC_ACCUMULATION_LEVEL ALL_READS --INCLUDE_DUPLICATES false --ASSUME_SORTED true --STOP_AFTER 0 --VERBOSITY INFO --QUIET false --VALIDATION_STRINGENCY STRICT --COMPRESSION_LEVEL 5 --MAX_RECORDS_IN_RAM 500000 --CREATE_INDEX false --CREATE_MD5_FILE false --GA4GH_CLIENT_SECRETS client_secrets.json --help false --version false --showHidden false --USE_JDK_DEFLATER false --USE_JDK_INFLATER false
## htsjdk.samtools.metrics.StringHeader
# Started on: Sun May 03 09:45:33 UTC 2020

## METRICS CLASS	picard.analysis.InsertSizeMetrics
MEDIAN_INSERT_SIZE	MODE_INSERT_SIZE	MEDIAN_ABSOLUTE_DEVIATION	MIN_INSERT_SIZE	MAX_INSERT_SIZE	MEAN_INSERT_SIZE	STANDARD_DEVIATION	READ_PAIRS	PAIR_ORIENTATION	WIDTH_OF_10_PERCENT	WIDTH_OF_20_PERCENT	WIDTH_OF_30_PERCENT	WIDTH_OF_40_PERCENT	WIDTH_OF_50_PERCENT	WIDTH_OF_60_PERCENT	WIDTH_OF_70_PERCENT	WIDTH_OF_80_PERCENT	WIDTH_OF_90_PERCENT	WIDTH_OF_95_PERCENT	WIDTH_OF_99_PERCENT	SAMPLE	LIBRARY	READ_GROUP
167	166	11	83	248	166.030004	19.923452	43709761	FR	5	9	13	17	23	31	39	49	67	85	121			

## HISTOGRAM	java.lang.Integer
insert_size	All_Reads.fr_count
83	1
84	2673
85	2329
86	2287
87	2133
88	3012
89	3055
90	3299
91	3215
92	2908
93	3502
94	3958
95	4118
96	4121
97	3552
98	3947
99	14364
100	16254
101	17912
102	18282
103	19134
104	19047
105	19607
106	21558
107	23929
108	26715
109	30979
110	37259
111	42314
112	43971
113	41470
114	38681
115	39860
116	42369
117	46657
118	52703
119	61180
120	75870
121	96977
122	114736
123	113619
124	93908
125	78185
126	75129
127	80707
128	88733
129	100937
130	119360
131	150668
132	196155
133	241158
134	250713
135	223986
136	199298
137	207949
138	241628
139	297264
140	359048
141	409170
142	421462
143	417516
144	424478
145	431978
146	432553
147	439306
148	460953
149	489859
150	524012
151	562372
152	594146
153	593154
154	570863
155	564706
156	593315
157	646223
158	716612
159	791522
160	852391
161	889132
162	924847
163	997653
164	1116835
165	1223592
166	1269028
167	1266566
168	1239607
169	1192730
170	1129481
171	1060643
172	1000425
173	971074
174	954417
175	942569
176	918011
177	869627
178	809111
179	738380
180	673419
181	610496
182	556401
183	513330
184	479037
185	452622
186	426644
187	406263
188	383615
189	357083
190	326255
191	296947
192	269498
193	244848
194	223907
195	207116
196	193765
197	181590
198	172460
199	163142
200	150676
201	139798
202	128888
203	117037
204	108021
205	98451
206	91518
207	85195
208	80131
209	75604
210	71521
211	65554
212	60778
213	55384
214	51063
215	46596
216	42715
217	40017
218	36953
219	34795
220	32657
221	30518
222	28129
223	26005
224	23654
225	21754
226	20039
227	18814
228	17781
229	16188
230	15473
231	14504
232	13576
233	12550
234	11868
235	10850
236	10071
237	9554
238	9065
239	8820
240	8778
241	8239
242	7805
243	7728
244	8066
245	5819
246	4809
247	4714
248	4098

