## htsjdk.samtools.metrics.StringHeader
# CollectInsertSizeMetrics  --Histogram_FILE pandisease.epifluidlab.cchmc.org/results/20200420-week-17/jhu-cfdna-frag/picard_metrics/EGAR00002028058.hg19.insert_size.pdf --INPUT pandisease.epifluidlab.cchmc.org/results/20200420-week-17/jhu-cfdna-frag/filtered_bam/EGAR00002028058.hg19.filtered.bam --OUTPUT pandisease.epifluidlab.cchmc.org/results/20200420-week-17/jhu-cfdna-frag/picard_metrics/EGAR00002028058.hg19.insert_size.txt  --DEVIATIONS 10.0 --MINIMUM_PCT 0.05 --METRIC_ACCUMULATION_LEVEL ALL_READS --INCLUDE_DUPLICATES false --ASSUME_SORTED true --STOP_AFTER 0 --VERBOSITY INFO --QUIET false --VALIDATION_STRINGENCY STRICT --COMPRESSION_LEVEL 5 --MAX_RECORDS_IN_RAM 500000 --CREATE_INDEX false --CREATE_MD5_FILE false --GA4GH_CLIENT_SECRETS client_secrets.json --help false --version false --showHidden false --USE_JDK_DEFLATER false --USE_JDK_INFLATER false
## htsjdk.samtools.metrics.StringHeader
# Started on: Sun May 03 02:55:47 UTC 2020

## METRICS CLASS	picard.analysis.InsertSizeMetrics
MEDIAN_INSERT_SIZE	MODE_INSERT_SIZE	MEDIAN_ABSOLUTE_DEVIATION	MIN_INSERT_SIZE	MAX_INSERT_SIZE	MEAN_INSERT_SIZE	STANDARD_DEVIATION	READ_PAIRS	PAIR_ORIENTATION	WIDTH_OF_10_PERCENT	WIDTH_OF_20_PERCENT	WIDTH_OF_30_PERCENT	WIDTH_OF_40_PERCENT	WIDTH_OF_50_PERCENT	WIDTH_OF_60_PERCENT	WIDTH_OF_70_PERCENT	WIDTH_OF_80_PERCENT	WIDTH_OF_90_PERCENT	WIDTH_OF_95_PERCENT	WIDTH_OF_99_PERCENT	SAMPLE	LIBRARY	READ_GROUP
168	167	11	82	257	168.065044	20.553178	53440905	FR	5	9	13	17	23	31	39	51	69	87	125			

## HISTOGRAM	java.lang.Integer
insert_size	All_Reads.fr_count
82	438
83	495
84	583
85	523
86	2916
87	2393
88	3176
89	3735
90	3697
91	3682
92	3400
93	3826
94	4362
95	4725
96	4844
97	4349
98	4639
99	15851
100	17919
101	19654
102	20371
103	21004
104	21604
105	21034
106	22480
107	26009
108	28907
109	32813
110	39216
111	43894
112	45409
113	42247
114	40129
115	40774
116	44187
117	47840
118	54283
119	62874
120	77590
121	99162
122	116632
123	116648
124	95504
125	79049
126	76372
127	82210
128	91369
129	104174
130	125807
131	160715
132	209728
133	260983
134	271576
135	240183
136	212890
137	218700
138	255296
139	319261
140	397054
141	459645
142	477446
143	472409
144	475298
145	481825
146	481154
147	483018
148	504480
149	538449
150	583518
151	639731
152	690160
153	688987
154	656611
155	646291
156	680103
157	745542
158	837892
159	933173
160	1011907
161	1056113
162	1098220
163	1174163
164	1297721
165	1415763
166	1474717
167	1487575
168	1473649
169	1432700
170	1365377
171	1290365
172	1225678
173	1194143
174	1169646
175	1159087
176	1129692
177	1080891
178	1014029
179	939862
180	867905
181	793940
182	730406
183	678733
184	636842
185	606897
186	581766
187	557192
188	529630
189	500032
190	461716
191	423651
192	386940
193	354809
194	326197
195	306014
196	287075
197	273480
198	262513
199	248605
200	234557
201	217392
202	200820
203	184448
204	168961
205	155853
206	146473
207	136893
208	129774
209	122063
210	115769
211	107473
212	100005
213	91627
214	83965
215	77520
216	72164
217	66172
218	62372
219	59000
220	55278
221	51845
222	47919
223	44639
224	40625
225	37550
226	34353
227	31945
228	30226
229	28525
230	27085
231	25132
232	23549
233	22134
234	20400
235	19003
236	17756
237	16615
238	15651
239	15406
240	14681
241	14253
242	13744
243	12828
244	12262
245	11527
246	12213
247	10306
248	8700
249	8499
250	8198
251	5435
252	5305
253	5363
254	5047
255	359
256	365
257	325

