## htsjdk.samtools.metrics.StringHeader
# CollectInsertSizeMetrics  --Histogram_FILE pandisease.epifluidlab.cchmc.org/results/20200420-week-17/jhu-cfdna-frag/picard_metrics/EGAR00002028008.hg19.insert_size.pdf --INPUT pandisease.epifluidlab.cchmc.org/results/20200420-week-17/jhu-cfdna-frag/filtered_bam/EGAR00002028008.hg19.filtered.bam --OUTPUT pandisease.epifluidlab.cchmc.org/results/20200420-week-17/jhu-cfdna-frag/picard_metrics/EGAR00002028008.hg19.insert_size.txt  --DEVIATIONS 10.0 --MINIMUM_PCT 0.05 --METRIC_ACCUMULATION_LEVEL ALL_READS --INCLUDE_DUPLICATES false --ASSUME_SORTED true --STOP_AFTER 0 --VERBOSITY INFO --QUIET false --VALIDATION_STRINGENCY STRICT --COMPRESSION_LEVEL 5 --MAX_RECORDS_IN_RAM 500000 --CREATE_INDEX false --CREATE_MD5_FILE false --GA4GH_CLIENT_SECRETS client_secrets.json --help false --version false --showHidden false --USE_JDK_DEFLATER false --USE_JDK_INFLATER false
## htsjdk.samtools.metrics.StringHeader
# Started on: Sun May 03 04:53:39 UTC 2020

## METRICS CLASS	picard.analysis.InsertSizeMetrics
MEDIAN_INSERT_SIZE	MODE_INSERT_SIZE	MEDIAN_ABSOLUTE_DEVIATION	MIN_INSERT_SIZE	MAX_INSERT_SIZE	MEAN_INSERT_SIZE	STANDARD_DEVIATION	READ_PAIRS	PAIR_ORIENTATION	WIDTH_OF_10_PERCENT	WIDTH_OF_20_PERCENT	WIDTH_OF_30_PERCENT	WIDTH_OF_40_PERCENT	WIDTH_OF_50_PERCENT	WIDTH_OF_60_PERCENT	WIDTH_OF_70_PERCENT	WIDTH_OF_80_PERCENT	WIDTH_OF_90_PERCENT	WIDTH_OF_95_PERCENT	WIDTH_OF_99_PERCENT	SAMPLE	LIBRARY	READ_GROUP
167	166	11	88	244	166.134121	18.93934	42246170	FR	5	7	13	17	23	29	37	47	63	79	115			

## HISTOGRAM	java.lang.Integer
insert_size	All_Reads.fr_count
88	2399
89	2495
90	2579
91	2708
92	2554
93	3261
94	3615
95	3895
96	4140
97	3305
98	4369
99	11826
100	12884
101	14101
102	14881
103	15039
104	16039
105	16062
106	17036
107	19427
108	21449
109	24415
110	30280
111	34044
112	34995
113	32343
114	30132
115	31256
116	33575
117	38173
118	42721
119	48463
120	59202
121	76650
122	90740
123	90291
124	73107
125	60632
126	58636
127	63379
128	71408
129	81802
130	98947
131	127112
132	168356
133	208414
134	218336
135	194687
136	173869
137	184844
138	221602
139	277475
140	341531
141	390525
142	403527
143	399817
144	403377
145	408298
146	408842
147	414192
148	438802
149	472475
150	508350
151	552085
152	590050
153	588836
154	566004
155	561941
156	591781
157	651042
158	726514
159	806343
160	866300
161	904925
162	944859
163	1020816
164	1141237
165	1250141
166	1291679
167	1284793
168	1248557
169	1197287
170	1127941
171	1053807
172	992665
173	957538
174	937205
175	919913
176	889613
177	842709
178	782437
179	715518
180	651603
181	588987
182	537079
183	491054
184	456526
185	427811
186	406333
187	383715
188	362386
189	336669
190	308116
191	279886
192	252255
193	229060
194	208947
195	192630
196	178251
197	168462
198	158296
199	148652
200	138705
201	128004
202	116296
203	105780
204	97060
205	87265
206	80964
207	75258
208	71042
209	65669
210	61557
211	57255
212	52639
213	47816
214	43653
215	40092
216	36396
217	33611
218	31547
219	29257
220	27347
221	25190
222	23462
223	21715
224	19623
225	17978
226	16210
227	15286
228	14180
229	13395
230	12631
231	11863
232	10894
233	10339
234	9482
235	8631
236	8126
237	7700
238	7089
239	7094
240	6841
241	7425
242	3429
243	2907
244	2527

