## htsjdk.samtools.metrics.StringHeader
# CollectInsertSizeMetrics  --Histogram_FILE pandisease.epifluidlab.cchmc.org/results/20200420-week-17/jhu-cfdna-frag/picard_metrics/EGAR00002027972.hg19.insert_size.pdf --INPUT pandisease.epifluidlab.cchmc.org/results/20200420-week-17/jhu-cfdna-frag/filtered_bam/EGAR00002027972.hg19.filtered.bam --OUTPUT pandisease.epifluidlab.cchmc.org/results/20200420-week-17/jhu-cfdna-frag/picard_metrics/EGAR00002027972.hg19.insert_size.txt  --DEVIATIONS 10.0 --MINIMUM_PCT 0.05 --METRIC_ACCUMULATION_LEVEL ALL_READS --INCLUDE_DUPLICATES false --ASSUME_SORTED true --STOP_AFTER 0 --VERBOSITY INFO --QUIET false --VALIDATION_STRINGENCY STRICT --COMPRESSION_LEVEL 5 --MAX_RECORDS_IN_RAM 500000 --CREATE_INDEX false --CREATE_MD5_FILE false --GA4GH_CLIENT_SECRETS client_secrets.json --help false --version false --showHidden false --USE_JDK_DEFLATER false --USE_JDK_INFLATER false
## htsjdk.samtools.metrics.StringHeader
# Started on: Sun May 03 15:30:34 UTC 2020

## METRICS CLASS	picard.analysis.InsertSizeMetrics
MEDIAN_INSERT_SIZE	MODE_INSERT_SIZE	MEDIAN_ABSOLUTE_DEVIATION	MIN_INSERT_SIZE	MAX_INSERT_SIZE	MEAN_INSERT_SIZE	STANDARD_DEVIATION	READ_PAIRS	PAIR_ORIENTATION	WIDTH_OF_10_PERCENT	WIDTH_OF_20_PERCENT	WIDTH_OF_30_PERCENT	WIDTH_OF_40_PERCENT	WIDTH_OF_50_PERCENT	WIDTH_OF_60_PERCENT	WIDTH_OF_70_PERCENT	WIDTH_OF_80_PERCENT	WIDTH_OF_90_PERCENT	WIDTH_OF_95_PERCENT	WIDTH_OF_99_PERCENT	SAMPLE	LIBRARY	READ_GROUP
168	167	12	79	262	168.550975	21.649458	33762734	FR	5	9	13	19	25	33	43	53	73	91	131			

## HISTOGRAM	java.lang.Integer
insert_size	All_Reads.fr_count
79	18
80	12
81	21
82	1526
83	1759
84	2031
85	1725
86	2254
87	1924
88	2207
89	2321
90	2382
91	2411
92	2447
93	2657
94	2945
95	2872
96	2997
97	2510
98	3235
99	8867
100	10311
101	11229
102	11725
103	12225
104	12316
105	12688
106	13302
107	14950
108	16814
109	20022
110	24665
111	28747
112	30112
113	27902
114	26563
115	26782
116	28426
117	31182
118	35419
119	42165
120	53178
121	70336
122	84209
123	83154
124	68005
125	55234
126	53090
127	56758
128	62472
129	71628
130	86135
131	110806
132	145583
133	180919
134	188456
135	165985
136	142230
137	143493
138	164938
139	202897
140	253782
141	297251
142	310431
143	310289
144	313182
145	318151
146	312091
147	309612
148	320433
149	341965
150	369259
151	405851
152	438378
153	442247
154	420936
155	411025
156	424145
157	457284
158	505404
159	561624
160	610344
161	641668
162	667597
163	711011
164	782545
165	850841
166	881346
167	885925
168	875969
169	851605
170	816517
171	775504
172	739636
173	719883
174	707211
175	696946
176	680152
177	651276
178	615564
179	574559
180	534680
181	494007
182	458592
183	426527
184	401732
185	381624
186	365214
187	351276
188	336818
189	320174
190	301132
191	279921
192	258666
193	238690
194	222157
195	207475
196	195747
197	186779
198	180627
199	172486
200	164209
201	154680
202	144466
203	134169
204	123662
205	114666
206	107208
207	100869
208	96277
209	91817
210	87000
211	81964
212	76720
213	71073
214	65747
215	60549
216	56473
217	52571
218	49469
219	46657
220	43599
221	41937
222	38727
223	36325
224	33511
225	30799
226	28330
227	25960
228	24508
229	23283
230	22027
231	20620
232	19535
233	18006
234	16560
235	15449
236	14111
237	13233
238	12501
239	11801
240	11200
241	10674
242	10344
243	9861
244	9361
245	8613
246	8116
247	7506
248	7408
249	7845
250	6597
251	5670
252	5485
253	5279
254	5146
255	4808
256	4615
257	4772
258	4408
259	1321
260	1325
261	1280
262	97

