## htsjdk.samtools.metrics.StringHeader
# CollectInsertSizeMetrics  --Histogram_FILE pandisease.epifluidlab.cchmc.org/results/20200420-week-17/jhu-cfdna-frag/picard_metrics/EGAR00002028038.hg19.insert_size.pdf --INPUT pandisease.epifluidlab.cchmc.org/results/20200420-week-17/jhu-cfdna-frag/filtered_bam/EGAR00002028038.hg19.filtered.bam --OUTPUT pandisease.epifluidlab.cchmc.org/results/20200420-week-17/jhu-cfdna-frag/picard_metrics/EGAR00002028038.hg19.insert_size.txt  --DEVIATIONS 10.0 --MINIMUM_PCT 0.05 --METRIC_ACCUMULATION_LEVEL ALL_READS --INCLUDE_DUPLICATES false --ASSUME_SORTED true --STOP_AFTER 0 --VERBOSITY INFO --QUIET false --VALIDATION_STRINGENCY STRICT --COMPRESSION_LEVEL 5 --MAX_RECORDS_IN_RAM 500000 --CREATE_INDEX false --CREATE_MD5_FILE false --GA4GH_CLIENT_SECRETS client_secrets.json --help false --version false --showHidden false --USE_JDK_DEFLATER false --USE_JDK_INFLATER false
## htsjdk.samtools.metrics.StringHeader
# Started on: Sun May 03 03:00:12 UTC 2020

## METRICS CLASS	picard.analysis.InsertSizeMetrics
MEDIAN_INSERT_SIZE	MODE_INSERT_SIZE	MEDIAN_ABSOLUTE_DEVIATION	MIN_INSERT_SIZE	MAX_INSERT_SIZE	MEAN_INSERT_SIZE	STANDARD_DEVIATION	READ_PAIRS	PAIR_ORIENTATION	WIDTH_OF_10_PERCENT	WIDTH_OF_20_PERCENT	WIDTH_OF_30_PERCENT	WIDTH_OF_40_PERCENT	WIDTH_OF_50_PERCENT	WIDTH_OF_60_PERCENT	WIDTH_OF_70_PERCENT	WIDTH_OF_80_PERCENT	WIDTH_OF_90_PERCENT	WIDTH_OF_95_PERCENT	WIDTH_OF_99_PERCENT	SAMPLE	LIBRARY	READ_GROUP
166	166	11	86	247	165.61894	19.36617	50096035	FR	5	7	13	17	23	29	37	47	65	83	119			

## HISTOGRAM	java.lang.Integer
insert_size	All_Reads.fr_count
86	21
87	2574
88	3240
89	3384
90	3571
91	4296
92	3784
93	4057
94	4289
95	4336
96	5061
97	4529
98	4860
99	14460
100	16534
101	17868
102	19468
103	19915
104	20466
105	20299
106	21477
107	24240
108	27174
109	31952
110	37941
111	43191
112	44340
113	41263
114	38580
115	40082
116	43221
117	48235
118	53702
119	61402
120	75775
121	98679
122	118034
123	119211
124	97298
125	79668
126	77047
127	83277
128	92399
129	106451
130	127541
131	162865
132	214748
133	269885
134	283675
135	252884
136	225692
137	234888
138	277358
139	343770
140	421440
141	484101
142	503172
143	498516
144	502032
145	512838
146	510743
147	518892
148	542916
149	580315
150	620873
151	669700
152	715306
153	711383
154	683922
155	675870
156	708147
157	776214
158	863563
159	956314
160	1027693
161	1073932
162	1122250
163	1217779
164	1366239
165	1496790
166	1546995
167	1534713
168	1491718
169	1426592
170	1343695
171	1251470
172	1172840
173	1125087
174	1095279
175	1064195
176	1024038
177	960687
178	883176
179	801346
180	722545
181	651426
182	589203
183	536924
184	493762
185	463749
186	436321
187	412013
188	386458
189	358456
190	328949
191	299393
192	271212
193	247035
194	225390
195	209250
196	195362
197	184729
198	176950
199	167884
200	158509
201	146682
202	136410
203	124890
204	114944
205	106033
206	98537
207	92196
208	87832
209	83082
210	78087
211	73593
212	68332
213	62083
214	57118
215	52851
216	49079
217	45051
218	42428
219	40101
220	37397
221	35331
222	32946
223	30535
224	28441
225	25891
226	23432
227	21727
228	20776
229	19578
230	18736
231	17340
232	16344
233	15359
234	14262
235	13337
236	12397
237	11571
238	11120
239	10516
240	11503
241	9696
242	8335
243	7950
244	7057
245	645
246	674
247	562

