## htsjdk.samtools.metrics.StringHeader
# CollectInsertSizeMetrics  --Histogram_FILE pandisease.epifluidlab.cchmc.org/results/20200420-week-17/jhu-cfdna-frag/picard_metrics/EGAR00002027951.hg19.insert_size.pdf --INPUT pandisease.epifluidlab.cchmc.org/results/20200420-week-17/jhu-cfdna-frag/filtered_bam/EGAR00002027951.hg19.filtered.bam --OUTPUT pandisease.epifluidlab.cchmc.org/results/20200420-week-17/jhu-cfdna-frag/picard_metrics/EGAR00002027951.hg19.insert_size.txt  --DEVIATIONS 10.0 --MINIMUM_PCT 0.05 --METRIC_ACCUMULATION_LEVEL ALL_READS --INCLUDE_DUPLICATES false --ASSUME_SORTED true --STOP_AFTER 0 --VERBOSITY INFO --QUIET false --VALIDATION_STRINGENCY STRICT --COMPRESSION_LEVEL 5 --MAX_RECORDS_IN_RAM 500000 --CREATE_INDEX false --CREATE_MD5_FILE false --GA4GH_CLIENT_SECRETS client_secrets.json --help false --version false --showHidden false --USE_JDK_DEFLATER false --USE_JDK_INFLATER false
## htsjdk.samtools.metrics.StringHeader
# Started on: Sun May 03 15:13:04 UTC 2020

## METRICS CLASS	picard.analysis.InsertSizeMetrics
MEDIAN_INSERT_SIZE	MODE_INSERT_SIZE	MEDIAN_ABSOLUTE_DEVIATION	MIN_INSERT_SIZE	MAX_INSERT_SIZE	MEAN_INSERT_SIZE	STANDARD_DEVIATION	READ_PAIRS	PAIR_ORIENTATION	WIDTH_OF_10_PERCENT	WIDTH_OF_20_PERCENT	WIDTH_OF_30_PERCENT	WIDTH_OF_40_PERCENT	WIDTH_OF_50_PERCENT	WIDTH_OF_60_PERCENT	WIDTH_OF_70_PERCENT	WIDTH_OF_80_PERCENT	WIDTH_OF_90_PERCENT	WIDTH_OF_95_PERCENT	WIDTH_OF_99_PERCENT	SAMPLE	LIBRARY	READ_GROUP
167	167	11	86	248	166.5139	19.512793	34032236	FR	5	9	13	17	23	29	37	49	65	83	119			

## HISTOGRAM	java.lang.Integer
insert_size	All_Reads.fr_count
86	207
87	201
88	2501
89	2687
90	2734
91	3344
92	3072
93	3130
94	3417
95	3596
96	4422
97	3715
98	3917
99	9704
100	10550
101	11447
102	12806
103	13121
104	13515
105	13586
106	14235
107	16103
108	18375
109	21060
110	24702
111	27122
112	28058
113	26497
114	25862
115	27325
116	29217
117	32097
118	36365
119	40579
120	48956
121	59965
122	69854
123	70852
124	60735
125	52528
126	51872
127	56637
128	62829
129	71484
130	85195
131	105342
132	133581
133	163381
134	170394
135	155612
136	144936
137	155263
138	182298
139	220904
140	264276
141	298232
142	312051
143	313556
144	318175
145	326538
146	330745
147	341718
148	362142
149	386630
150	414006
151	443673
152	468742
153	469847
154	454964
155	452820
156	474959
157	520806
158	577329
159	636590
160	681068
161	709326
162	739081
163	794055
164	881051
165	961765
166	995839
167	997192
168	978337
169	943658
170	894621
171	839139
172	792921
173	765222
174	749105
175	733936
176	713189
177	676990
178	629428
179	579059
180	528724
181	479788
182	438656
183	403647
184	374945
185	353635
186	336164
187	317141
188	301013
189	279637
190	257872
191	233690
192	212750
193	193821
194	177805
195	164149
196	153084
197	144384
198	136848
199	128435
200	120420
201	111290
202	102050
203	93295
204	85942
205	78320
206	72361
207	67907
208	63648
209	60098
210	56666
211	52425
212	48671
213	44312
214	40837
215	37133
216	34565
217	31758
218	29553
219	27941
220	26068
221	24588
222	22600
223	20869
224	19199
225	17650
226	16314
227	15246
228	14125
229	13380
230	12660
231	11961
232	11205
233	10089
234	9388
235	8857
236	8348
237	7930
238	7453
239	7142
240	6935
241	7542
242	6249
243	5026
244	4834
245	4457
246	791
247	752
248	530

