## htsjdk.samtools.metrics.StringHeader
# CollectInsertSizeMetrics  --Histogram_FILE pandisease.epifluidlab.cchmc.org/results/20200420-week-17/jhu-cfdna-frag/picard_metrics/EGAR00002028005.hg19.insert_size.pdf --INPUT pandisease.epifluidlab.cchmc.org/results/20200420-week-17/jhu-cfdna-frag/filtered_bam/EGAR00002028005.hg19.filtered.bam --OUTPUT pandisease.epifluidlab.cchmc.org/results/20200420-week-17/jhu-cfdna-frag/picard_metrics/EGAR00002028005.hg19.insert_size.txt  --DEVIATIONS 10.0 --MINIMUM_PCT 0.05 --METRIC_ACCUMULATION_LEVEL ALL_READS --INCLUDE_DUPLICATES false --ASSUME_SORTED true --STOP_AFTER 0 --VERBOSITY INFO --QUIET false --VALIDATION_STRINGENCY STRICT --COMPRESSION_LEVEL 5 --MAX_RECORDS_IN_RAM 500000 --CREATE_INDEX false --CREATE_MD5_FILE false --GA4GH_CLIENT_SECRETS client_secrets.json --help false --version false --showHidden false --USE_JDK_DEFLATER false --USE_JDK_INFLATER false
## htsjdk.samtools.metrics.StringHeader
# Started on: Sun May 03 14:47:53 UTC 2020

## METRICS CLASS	picard.analysis.InsertSizeMetrics
MEDIAN_INSERT_SIZE	MODE_INSERT_SIZE	MEDIAN_ABSOLUTE_DEVIATION	MIN_INSERT_SIZE	MAX_INSERT_SIZE	MEAN_INSERT_SIZE	STANDARD_DEVIATION	READ_PAIRS	PAIR_ORIENTATION	WIDTH_OF_10_PERCENT	WIDTH_OF_20_PERCENT	WIDTH_OF_30_PERCENT	WIDTH_OF_40_PERCENT	WIDTH_OF_50_PERCENT	WIDTH_OF_60_PERCENT	WIDTH_OF_70_PERCENT	WIDTH_OF_80_PERCENT	WIDTH_OF_90_PERCENT	WIDTH_OF_95_PERCENT	WIDTH_OF_99_PERCENT	SAMPLE	LIBRARY	READ_GROUP
167	166	10	91	245	166.759047	18.349573	39765171	FR	5	7	11	17	21	27	35	45	61	77	113			

## HISTOGRAM	java.lang.Integer
insert_size	All_Reads.fr_count
91	4
92	2210
93	2347
94	2514
95	2801
96	3442
97	2773
98	3070
99	9666
100	10737
101	11986
102	12669
103	12878
104	13230
105	13550
106	15089
107	16819
108	18352
109	20736
110	24071
111	26703
112	27716
113	26414
114	25212
115	26174
116	27744
117	30675
118	34663
119	40259
120	48902
121	62133
122	73282
123	73017
124	60008
125	49822
126	48612
127	52908
128	58416
129	67227
130	80866
131	102942
132	137558
133	170397
134	176970
135	161010
136	147676
137	158335
138	191053
139	237237
140	290342
141	330056
142	343095
143	343542
144	349018
145	356967
146	362623
147	377341
148	401406
149	431613
150	464586
151	500303
152	528847
153	529034
154	512908
155	521734
156	559240
157	623272
158	696057
159	765639
160	812770
161	844396
162	883098
163	961708
164	1090841
165	1211752
166	1263390
167	1254619
168	1218989
169	1161860
170	1095719
171	1026660
172	971197
173	941099
174	929223
175	915626
176	888593
177	839202
178	773557
179	702964
180	634358
181	571291
182	519879
183	476742
184	442974
185	417632
186	395409
187	373820
188	349735
189	321996
190	292580
191	264142
192	236350
193	214342
194	195007
195	180598
196	167631
197	157074
198	148713
199	139443
200	128724
201	118360
202	108312
203	98275
204	89590
205	81407
206	75948
207	70415
208	65911
209	61221
210	57452
211	52990
212	48303
213	44177
214	39475
215	37133
216	34016
217	31246
218	29033
219	26973
220	25124
221	23501
222	21451
223	19626
224	18164
225	16354
226	15017
227	14089
228	13172
229	12359
230	11419
231	10751
232	10033
233	9426
234	8767
235	8098
236	7559
237	7322
238	7597
239	2875
240	2049
241	1959
242	1698
243	97
244	108
245	118

