## htsjdk.samtools.metrics.StringHeader
# CollectInsertSizeMetrics  --Histogram_FILE pandisease.epifluidlab.cchmc.org/results/20200420-week-17/jhu-cfdna-frag/picard_metrics/EGAR00002027962.hg19.insert_size.pdf --INPUT pandisease.epifluidlab.cchmc.org/results/20200420-week-17/jhu-cfdna-frag/filtered_bam/EGAR00002027962.hg19.filtered.bam --OUTPUT pandisease.epifluidlab.cchmc.org/results/20200420-week-17/jhu-cfdna-frag/picard_metrics/EGAR00002027962.hg19.insert_size.txt  --DEVIATIONS 10.0 --MINIMUM_PCT 0.05 --METRIC_ACCUMULATION_LEVEL ALL_READS --INCLUDE_DUPLICATES false --ASSUME_SORTED true --STOP_AFTER 0 --VERBOSITY INFO --QUIET false --VALIDATION_STRINGENCY STRICT --COMPRESSION_LEVEL 5 --MAX_RECORDS_IN_RAM 500000 --CREATE_INDEX false --CREATE_MD5_FILE false --GA4GH_CLIENT_SECRETS client_secrets.json --help false --version false --showHidden false --USE_JDK_DEFLATER false --USE_JDK_INFLATER false
## htsjdk.samtools.metrics.StringHeader
# Started on: Sun May 03 15:14:44 UTC 2020

## METRICS CLASS	picard.analysis.InsertSizeMetrics
MEDIAN_INSERT_SIZE	MODE_INSERT_SIZE	MEDIAN_ABSOLUTE_DEVIATION	MIN_INSERT_SIZE	MAX_INSERT_SIZE	MEAN_INSERT_SIZE	STANDARD_DEVIATION	READ_PAIRS	PAIR_ORIENTATION	WIDTH_OF_10_PERCENT	WIDTH_OF_20_PERCENT	WIDTH_OF_30_PERCENT	WIDTH_OF_40_PERCENT	WIDTH_OF_50_PERCENT	WIDTH_OF_60_PERCENT	WIDTH_OF_70_PERCENT	WIDTH_OF_80_PERCENT	WIDTH_OF_90_PERCENT	WIDTH_OF_95_PERCENT	WIDTH_OF_99_PERCENT	SAMPLE	LIBRARY	READ_GROUP
169	167	11	87	255	168.796742	19.672946	40853251	FR	5	9	13	17	23	29	37	49	65	83	121			

## HISTOGRAM	java.lang.Integer
insert_size	All_Reads.fr_count
87	12
88	12
89	9
90	2122
91	2138
92	1968
93	2143
94	2687
95	2666
96	2840
97	2425
98	2782
99	9061
100	10047
101	11178
102	11593
103	11810
104	12229
105	12711
106	13648
107	15580
108	17320
109	19928
110	24230
111	27212
112	29019
113	26535
114	25308
115	25835
116	27785
117	30864
118	35254
119	41267
120	50557
121	64240
122	75472
123	74528
124	62330
125	51514
126	50738
127	54212
128	60973
129	68964
130	82454
131	104674
132	136127
133	167982
134	175582
135	158593
136	142673
137	149483
138	176367
139	218242
140	269131
141	308630
142	322163
143	323576
144	330701
145	338008
146	341424
147	352004
148	372972
149	401333
150	433134
151	469396
152	501259
153	504860
154	488584
155	487648
156	515239
157	567505
158	634023
159	703240
160	756785
161	792539
162	826352
163	893142
164	1002265
165	1107677
166	1162845
167	1176039
168	1165616
169	1132199
170	1082014
171	1027563
172	979174
173	957271
174	951785
175	950201
176	936582
177	898119
178	840715
179	776570
180	709894
181	647184
182	595416
183	551705
184	519002
185	492259
186	469648
187	449788
188	425117
189	396784
190	367117
191	333690
192	301343
193	273996
194	252394
195	234327
196	220423
197	208395
198	196549
199	186134
200	173390
201	161091
202	147073
203	134704
204	123317
205	112638
206	105807
207	99057
208	92958
209	87880
210	82601
211	77063
212	70460
213	65372
214	59515
215	55042
216	50465
217	46830
218	43900
219	41348
220	38978
221	36821
222	34170
223	31307
224	28864
225	26600
226	24288
227	22878
228	21373
229	20209
230	19138
231	18099
232	16658
233	15818
234	14817
235	13477
236	12661
237	12073
238	11515
239	11222
240	10688
241	10415
242	9892
243	10405
244	8675
245	7178
246	6924
247	6726
248	6399
249	5481
250	5469
251	5063
252	240
253	274
254	326
255	248

