## htsjdk.samtools.metrics.StringHeader
# CollectInsertSizeMetrics  --Histogram_FILE pandisease.epifluidlab.cchmc.org/results/20200420-week-17/jhu-cfdna-frag/picard_metrics/EGAR00002027988.hg19.insert_size.pdf --INPUT pandisease.epifluidlab.cchmc.org/results/20200420-week-17/jhu-cfdna-frag/filtered_bam/EGAR00002027988.hg19.filtered.bam --OUTPUT pandisease.epifluidlab.cchmc.org/results/20200420-week-17/jhu-cfdna-frag/picard_metrics/EGAR00002027988.hg19.insert_size.txt  --DEVIATIONS 10.0 --MINIMUM_PCT 0.05 --METRIC_ACCUMULATION_LEVEL ALL_READS --INCLUDE_DUPLICATES false --ASSUME_SORTED true --STOP_AFTER 0 --VERBOSITY INFO --QUIET false --VALIDATION_STRINGENCY STRICT --COMPRESSION_LEVEL 5 --MAX_RECORDS_IN_RAM 500000 --CREATE_INDEX false --CREATE_MD5_FILE false --GA4GH_CLIENT_SECRETS client_secrets.json --help false --version false --showHidden false --USE_JDK_DEFLATER false --USE_JDK_INFLATER false
## htsjdk.samtools.metrics.StringHeader
# Started on: Sun May 03 13:53:18 UTC 2020

## METRICS CLASS	picard.analysis.InsertSizeMetrics
MEDIAN_INSERT_SIZE	MODE_INSERT_SIZE	MEDIAN_ABSOLUTE_DEVIATION	MIN_INSERT_SIZE	MAX_INSERT_SIZE	MEAN_INSERT_SIZE	STANDARD_DEVIATION	READ_PAIRS	PAIR_ORIENTATION	WIDTH_OF_10_PERCENT	WIDTH_OF_20_PERCENT	WIDTH_OF_30_PERCENT	WIDTH_OF_40_PERCENT	WIDTH_OF_50_PERCENT	WIDTH_OF_60_PERCENT	WIDTH_OF_70_PERCENT	WIDTH_OF_80_PERCENT	WIDTH_OF_90_PERCENT	WIDTH_OF_95_PERCENT	WIDTH_OF_99_PERCENT	SAMPLE	LIBRARY	READ_GROUP
167	166	11	87	248	166.468257	19.589643	37509790	FR	5	9	13	17	23	29	37	49	67	85	119			

## HISTOGRAM	java.lang.Integer
insert_size	All_Reads.fr_count
87	7
88	2199
89	2287
90	2317
91	2991
92	2660
93	2693
94	2892
95	3084
96	3757
97	3275
98	3528
99	10934
100	12551
101	13736
102	15237
103	15759
104	15896
105	15759
106	16828
107	19053
108	22063
109	25877
110	31207
111	35436
112	36437
113	32961
114	31275
115	32800
116	35156
117	38231
118	43184
119	49283
120	59875
121	76052
122	88360
123	87306
124	72602
125	59497
126	58120
127	62293
128	69673
129	79696
130	95818
131	119677
132	154727
133	188766
134	196305
135	176412
136	159595
137	167854
138	196586
139	239824
140	290315
141	329037
142	342761
143	340611
144	345317
145	353139
146	353957
147	363497
148	381120
149	406179
150	433468
151	464816
152	489971
153	491241
154	478185
155	479253
156	507988
157	557399
158	619456
159	680386
160	728851
161	763789
162	801813
163	873696
164	986990
165	1089498
166	1130768
167	1127504
168	1097722
169	1057731
170	998889
171	943652
172	895342
173	870309
174	857896
175	843313
176	817494
177	769480
178	707980
179	643315
180	580470
181	524830
182	479296
183	441571
184	409771
185	386347
186	365425
187	345662
188	324476
189	299448
190	273506
191	249059
192	224771
193	204512
194	187182
195	174600
196	163627
197	153783
198	145576
199	138612
200	128572
201	118919
202	109466
203	100008
204	92655
205	84716
206	78971
207	74539
208	69888
209	65488
210	61870
211	57989
212	53257
213	49241
214	44694
215	40952
216	38131
217	35288
218	33468
219	31376
220	29626
221	27341
222	25237
223	23468
224	21773
225	19769
226	18377
227	17224
228	16020
229	14995
230	14252
231	13411
232	12569
233	11617
234	10708
235	10116
236	9318
237	8938
238	8603
239	8259
240	7929
241	8489
242	7194
243	6005
244	5986
245	5315
246	228
247	259
248	233

