## htsjdk.samtools.metrics.StringHeader
# CollectInsertSizeMetrics  --Histogram_FILE pandisease.epifluidlab.cchmc.org/results/20200420-week-17/jhu-cfdna-frag/picard_metrics/EGAR00002028073.hg19.insert_size.pdf --INPUT pandisease.epifluidlab.cchmc.org/results/20200420-week-17/jhu-cfdna-frag/filtered_bam/EGAR00002028073.hg19.filtered.bam --OUTPUT pandisease.epifluidlab.cchmc.org/results/20200420-week-17/jhu-cfdna-frag/picard_metrics/EGAR00002028073.hg19.insert_size.txt  --DEVIATIONS 10.0 --MINIMUM_PCT 0.05 --METRIC_ACCUMULATION_LEVEL ALL_READS --INCLUDE_DUPLICATES false --ASSUME_SORTED true --STOP_AFTER 0 --VERBOSITY INFO --QUIET false --VALIDATION_STRINGENCY STRICT --COMPRESSION_LEVEL 5 --MAX_RECORDS_IN_RAM 500000 --CREATE_INDEX false --CREATE_MD5_FILE false --GA4GH_CLIENT_SECRETS client_secrets.json --help false --version false --showHidden false --USE_JDK_DEFLATER false --USE_JDK_INFLATER false
## htsjdk.samtools.metrics.StringHeader
# Started on: Sun May 03 03:57:57 UTC 2020

## METRICS CLASS	picard.analysis.InsertSizeMetrics
MEDIAN_INSERT_SIZE	MODE_INSERT_SIZE	MEDIAN_ABSOLUTE_DEVIATION	MIN_INSERT_SIZE	MAX_INSERT_SIZE	MEAN_INSERT_SIZE	STANDARD_DEVIATION	READ_PAIRS	PAIR_ORIENTATION	WIDTH_OF_10_PERCENT	WIDTH_OF_20_PERCENT	WIDTH_OF_30_PERCENT	WIDTH_OF_40_PERCENT	WIDTH_OF_50_PERCENT	WIDTH_OF_60_PERCENT	WIDTH_OF_70_PERCENT	WIDTH_OF_80_PERCENT	WIDTH_OF_90_PERCENT	WIDTH_OF_95_PERCENT	WIDTH_OF_99_PERCENT	SAMPLE	LIBRARY	READ_GROUP
169	167	11	77	266	169.497902	20.208326	153547149	FR	5	9	13	17	23	31	39	51	67	85	125			

## HISTOGRAM	java.lang.Integer
insert_size	All_Reads.fr_count
77	3
78	3
79	1
80	6
81	7
82	11
83	13
84	58
85	70
86	171
87	6200
88	7399
89	7893
90	7591
91	8454
92	8131
93	8534
94	9105
95	9253
96	9578
97	9945
98	10560
99	28558
100	32268
101	35210
102	36768
103	39802
104	39982
105	39744
106	42113
107	46874
108	53837
109	65062
110	79695
111	91069
112	93971
113	85846
114	80409
115	82459
116	88807
117	100389
118	113749
119	135802
120	172087
121	227819
122	272883
123	267977
124	214288
125	174462
126	165755
127	178616
128	199617
129	233835
130	291019
131	382077
132	516296
133	648092
134	673815
135	589475
136	515702
137	534448
138	637103
139	806553
140	1018144
141	1193535
142	1250486
143	1249026
144	1267182
145	1288904
146	1284072
147	1298041
148	1361650
149	1463082
150	1596578
151	1764112
152	1917530
153	1926177
154	1845975
155	1830159
156	1929674
157	2118572
158	2365108
159	2633716
160	2844693
161	2985519
162	3112768
163	3350793
164	3722132
165	4068225
166	4240261
167	4286017
168	4245005
169	4141504
170	3964279
171	3766835
172	3594484
173	3507374
174	3470898
175	3445397
176	3387389
177	3256716
178	3065586
179	2854030
180	2632456
181	2417583
182	2226179
183	2068944
184	1943981
185	1853279
186	1779067
187	1703472
188	1622517
189	1530297
190	1421557
191	1305656
192	1194247
193	1092163
194	1006974
195	939066
196	883569
197	842988
198	805527
199	763966
200	720209
201	673592
202	620538
203	571542
204	526651
205	483855
206	453538
207	424955
208	403802
209	381968
210	359483
211	336944
212	313137
213	289836
214	265138
215	244817
216	226309
217	210433
218	197230
219	186840
220	175803
221	166134
222	154476
223	142927
224	131289
225	120113
226	111301
227	104207
228	97370
229	91985
230	86891
231	81032
232	75602
233	70234
234	65749
235	60796
236	56226
237	52238
238	49973
239	47755
240	46164
241	44224
242	42115
243	39996
244	37770
245	36403
246	34480
247	35657
248	30404
249	25420
250	25278
251	24686
252	24272
253	23983
254	23108
255	23083
256	21059
257	4040
258	4046
259	3839
260	420
261	288
262	298
263	271
264	157
265	186
266	149

