## htsjdk.samtools.metrics.StringHeader
# CollectInsertSizeMetrics  --Histogram_FILE pandisease.epifluidlab.cchmc.org/results/20200420-week-17/jhu-cfdna-frag/picard_metrics/EGAR00002028070.hg19.insert_size.pdf --INPUT pandisease.epifluidlab.cchmc.org/results/20200420-week-17/jhu-cfdna-frag/filtered_bam/EGAR00002028070.hg19.filtered.bam --OUTPUT pandisease.epifluidlab.cchmc.org/results/20200420-week-17/jhu-cfdna-frag/picard_metrics/EGAR00002028070.hg19.insert_size.txt  --DEVIATIONS 10.0 --MINIMUM_PCT 0.05 --METRIC_ACCUMULATION_LEVEL ALL_READS --INCLUDE_DUPLICATES false --ASSUME_SORTED true --STOP_AFTER 0 --VERBOSITY INFO --QUIET false --VALIDATION_STRINGENCY STRICT --COMPRESSION_LEVEL 5 --MAX_RECORDS_IN_RAM 500000 --CREATE_INDEX false --CREATE_MD5_FILE false --GA4GH_CLIENT_SECRETS client_secrets.json --help false --version false --showHidden false --USE_JDK_DEFLATER false --USE_JDK_INFLATER false
## htsjdk.samtools.metrics.StringHeader
# Started on: Sun May 03 02:29:38 UTC 2020

## METRICS CLASS	picard.analysis.InsertSizeMetrics
MEDIAN_INSERT_SIZE	MODE_INSERT_SIZE	MEDIAN_ABSOLUTE_DEVIATION	MIN_INSERT_SIZE	MAX_INSERT_SIZE	MEAN_INSERT_SIZE	STANDARD_DEVIATION	READ_PAIRS	PAIR_ORIENTATION	WIDTH_OF_10_PERCENT	WIDTH_OF_20_PERCENT	WIDTH_OF_30_PERCENT	WIDTH_OF_40_PERCENT	WIDTH_OF_50_PERCENT	WIDTH_OF_60_PERCENT	WIDTH_OF_70_PERCENT	WIDTH_OF_80_PERCENT	WIDTH_OF_90_PERCENT	WIDTH_OF_95_PERCENT	WIDTH_OF_99_PERCENT	SAMPLE	LIBRARY	READ_GROUP
167	166	10	94	242	166.846069	18.488971	202713853	FR	5	7	11	15	21	27	35	45	63	79	115			

## HISTOGRAM	java.lang.Integer
insert_size	All_Reads.fr_count
94	5489
95	8608
96	8966
97	7824
98	15007
99	42196
100	48600
101	52834
102	55478
103	56674
104	58197
105	60259
106	65461
107	73360
108	81222
109	93638
110	110471
111	124976
112	131376
113	122962
114	118156
115	122109
116	131597
117	145922
118	164914
119	193225
120	237381
121	304478
122	357468
123	351914
124	291306
125	244441
126	242822
127	265586
128	298143
129	343210
130	414771
131	532237
132	704624
133	873175
134	908771
135	819758
136	756917
137	813722
138	977108
139	1216177
140	1491184
141	1701129
142	1777830
143	1782858
144	1818661
145	1858475
146	1870010
147	1917426
148	2038210
149	2191914
150	2360783
151	2559338
152	2731593
153	2746287
154	2667265
155	2700419
156	2881830
157	3183080
158	3550386
159	3915076
160	4196346
161	4410016
162	4658244
163	5115230
164	5798001
165	6391803
166	6603404
167	6521827
168	6308905
169	6016430
170	5665177
171	5301116
172	4995217
173	4802741
174	4680714
175	4552373
176	4361758
177	4084805
178	3743441
179	3399450
180	3065557
181	2757733
182	2500692
183	2284748
184	2111937
185	1977834
186	1860539
187	1748853
188	1639594
189	1522346
190	1394036
191	1264775
192	1147305
193	1045293
194	958960
195	893728
196	835926
197	791758
198	750439
199	709349
200	666490
201	621367
202	574331
203	526481
204	486720
205	449242
206	419714
207	394402
208	370922
209	351051
210	331426
211	307713
212	286971
213	263813
214	242231
215	222639
216	205018
217	190464
218	179215
219	169193
220	159491
221	149723
222	137926
223	126992
224	117409
225	108060
226	99111
227	93194
228	87282
229	82548
230	77338
231	73001
232	68692
233	63479
234	59163
235	54424
236	51430
237	53144
238	44953
239	24290
240	26581
241	22802
242	7733

