## htsjdk.samtools.metrics.StringHeader
# CollectInsertSizeMetrics  --Histogram_FILE pandisease.epifluidlab.cchmc.org/results/20200420-week-17/jhu-cfdna-frag/picard_metrics/EGAR00002028017.hg19.insert_size.pdf --INPUT pandisease.epifluidlab.cchmc.org/results/20200420-week-17/jhu-cfdna-frag/filtered_bam/EGAR00002028017.hg19.filtered.bam --OUTPUT pandisease.epifluidlab.cchmc.org/results/20200420-week-17/jhu-cfdna-frag/picard_metrics/EGAR00002028017.hg19.insert_size.txt  --DEVIATIONS 10.0 --MINIMUM_PCT 0.05 --METRIC_ACCUMULATION_LEVEL ALL_READS --INCLUDE_DUPLICATES false --ASSUME_SORTED true --STOP_AFTER 0 --VERBOSITY INFO --QUIET false --VALIDATION_STRINGENCY STRICT --COMPRESSION_LEVEL 5 --MAX_RECORDS_IN_RAM 500000 --CREATE_INDEX false --CREATE_MD5_FILE false --GA4GH_CLIENT_SECRETS client_secrets.json --help false --version false --showHidden false --USE_JDK_DEFLATER false --USE_JDK_INFLATER false
## htsjdk.samtools.metrics.StringHeader
# Started on: Sun May 03 15:02:09 UTC 2020

## METRICS CLASS	picard.analysis.InsertSizeMetrics
MEDIAN_INSERT_SIZE	MODE_INSERT_SIZE	MEDIAN_ABSOLUTE_DEVIATION	MIN_INSERT_SIZE	MAX_INSERT_SIZE	MEAN_INSERT_SIZE	STANDARD_DEVIATION	READ_PAIRS	PAIR_ORIENTATION	WIDTH_OF_10_PERCENT	WIDTH_OF_20_PERCENT	WIDTH_OF_30_PERCENT	WIDTH_OF_40_PERCENT	WIDTH_OF_50_PERCENT	WIDTH_OF_60_PERCENT	WIDTH_OF_70_PERCENT	WIDTH_OF_80_PERCENT	WIDTH_OF_90_PERCENT	WIDTH_OF_95_PERCENT	WIDTH_OF_99_PERCENT	SAMPLE	LIBRARY	READ_GROUP
169	168	11	84	259	169.329382	20.50331	34965179	FR	5	9	13	19	23	31	39	51	69	87	123			

## HISTOGRAM	java.lang.Integer
insert_size	All_Reads.fr_count
84	8
85	2
86	12
87	299
88	361
89	387
90	427
91	2764
92	2300
93	2847
94	3116
95	3247
96	3337
97	2676
98	3497
99	9025
100	9846
101	10485
102	11020
103	11070
104	12128
105	11892
106	12430
107	13898
108	15421
109	18324
110	22727
111	25666
112	26870
113	25249
114	23793
115	23817
116	25710
117	28307
118	32655
119	38766
120	47864
121	61581
122	72599
123	71698
124	58982
125	48244
126	46585
127	49476
128	54630
129	62845
130	74824
131	94938
132	125678
133	156032
134	163118
135	143486
136	124554
137	127549
138	148024
139	184493
140	232231
141	271947
142	286369
143	286450
144	289133
145	293824
146	292016
147	293653
148	308856
149	332669
150	361818
151	397086
152	428191
153	432290
154	413663
155	404308
156	419727
157	456322
158	508989
159	571356
160	622672
161	656725
162	683975
163	727145
164	797964
165	869883
166	911900
167	930305
168	936169
169	922753
170	891410
171	850748
172	814606
173	795825
174	790251
175	788441
176	777769
177	752109
178	709097
179	661934
180	613807
181	563544
182	522934
183	486972
184	459021
185	437585
186	421012
187	403200
188	385420
189	363774
190	338581
191	311389
192	284603
193	260122
194	240857
195	224950
196	211235
197	201313
198	191788
199	182518
200	170156
201	157933
202	145906
203	133442
204	122741
205	112862
206	104296
207	98645
208	93190
209	87308
210	81946
211	77287
212	71123
213	65425
214	59601
215	54939
216	50390
217	46796
218	43645
219	41362
220	39050
221	36610
222	33865
223	31100
224	28508
225	26050
226	23844
227	22579
228	21141
229	19708
230	18621
231	17038
232	15908
233	14716
234	13783
235	12765
236	11563
237	10846
238	10335
239	9751
240	9278
241	9040
242	8520
243	8011
244	8464
245	6857
246	5701
247	5514
248	5121
249	4854
250	4633
251	4743
252	4547
253	4428
254	4507
255	4135
256	317
257	320
258	328
259	304

