## htsjdk.samtools.metrics.StringHeader
# CollectInsertSizeMetrics  --Histogram_FILE pandisease.epifluidlab.cchmc.org/results/20200420-week-17/jhu-cfdna-frag/picard_metrics/EGAR00002027995.hg19.insert_size.pdf --INPUT pandisease.epifluidlab.cchmc.org/results/20200420-week-17/jhu-cfdna-frag/filtered_bam/EGAR00002027995.hg19.filtered.bam --OUTPUT pandisease.epifluidlab.cchmc.org/results/20200420-week-17/jhu-cfdna-frag/picard_metrics/EGAR00002027995.hg19.insert_size.txt  --DEVIATIONS 10.0 --MINIMUM_PCT 0.05 --METRIC_ACCUMULATION_LEVEL ALL_READS --INCLUDE_DUPLICATES false --ASSUME_SORTED true --STOP_AFTER 0 --VERBOSITY INFO --QUIET false --VALIDATION_STRINGENCY STRICT --COMPRESSION_LEVEL 5 --MAX_RECORDS_IN_RAM 500000 --CREATE_INDEX false --CREATE_MD5_FILE false --GA4GH_CLIENT_SECRETS client_secrets.json --help false --version false --showHidden false --USE_JDK_DEFLATER false --USE_JDK_INFLATER false
## htsjdk.samtools.metrics.StringHeader
# Started on: Sun May 03 15:21:33 UTC 2020

## METRICS CLASS	picard.analysis.InsertSizeMetrics
MEDIAN_INSERT_SIZE	MODE_INSERT_SIZE	MEDIAN_ABSOLUTE_DEVIATION	MIN_INSERT_SIZE	MAX_INSERT_SIZE	MEAN_INSERT_SIZE	STANDARD_DEVIATION	READ_PAIRS	PAIR_ORIENTATION	WIDTH_OF_10_PERCENT	WIDTH_OF_20_PERCENT	WIDTH_OF_30_PERCENT	WIDTH_OF_40_PERCENT	WIDTH_OF_50_PERCENT	WIDTH_OF_60_PERCENT	WIDTH_OF_70_PERCENT	WIDTH_OF_80_PERCENT	WIDTH_OF_90_PERCENT	WIDTH_OF_95_PERCENT	WIDTH_OF_99_PERCENT	SAMPLE	LIBRARY	READ_GROUP
166	166	11	82	250	164.791539	19.881466	35060823	FR	5	9	13	17	23	29	39	49	67	87	121			

## HISTOGRAM	java.lang.Integer
insert_size	All_Reads.fr_count
82	4
83	1903
84	2034
85	1822
86	2276
87	2128
88	2318
89	2492
90	2679
91	2386
92	2782
93	2999
94	3184
95	3180
96	3318
97	2874
98	3714
99	15023
100	17247
101	18990
102	19508
103	20397
104	20114
105	20590
106	22196
107	24861
108	27628
109	32136
110	38871
111	44081
112	45254
113	40867
114	37312
115	37792
116	40290
117	44429
118	49552
119	56847
120	70138
121	90365
122	103989
123	100722
124	80530
125	66122
126	63448
127	67578
128	75013
129	85843
130	103422
131	129599
132	168561
133	205802
134	212518
135	187685
136	168664
137	177677
138	209984
139	258424
140	310957
141	346714
142	355393
143	350903
144	352070
145	356163
146	355228
147	362205
148	382284
149	408129
150	436020
151	465753
152	489320
153	486329
154	468932
155	469753
156	498231
157	548812
158	609914
159	665992
160	708823
161	734853
162	768280
163	838158
164	947915
165	1042447
166	1071431
167	1055710
168	1012307
169	958748
170	894423
171	832103
172	783848
173	754697
174	739873
175	726474
176	701216
177	660911
178	608686
179	553120
180	499282
181	450008
182	408594
183	376143
184	348817
185	329193
186	312731
187	295912
188	277801
189	257639
190	237814
191	215095
192	195237
193	176624
194	162958
195	151211
196	141061
197	132957
198	125720
199	117891
200	109276
201	101717
202	92528
203	84217
204	77505
205	70603
206	64851
207	60978
208	56851
209	53042
210	49822
211	46182
212	42256
213	38329
214	35310
215	31785
216	29173
217	26981
218	25216
219	23730
220	21861
221	20264
222	18566
223	17329
224	15640
225	14268
226	13228
227	12261
228	11349
229	10750
230	10248
231	9626
232	9060
233	8368
234	7896
235	7189
236	6713
237	6387
238	6303
239	5997
240	5801
241	5682
242	5630
243	5960
244	4537
245	3939
246	3815
247	3257
248	177
249	200
250	195

