## htsjdk.samtools.metrics.StringHeader
# CollectInsertSizeMetrics  --Histogram_FILE pandisease.epifluidlab.cchmc.org/results/20200420-week-17/jhu-cfdna-frag/picard_metrics/EGAR00002027989.hg19.insert_size.pdf --INPUT pandisease.epifluidlab.cchmc.org/results/20200420-week-17/jhu-cfdna-frag/filtered_bam/EGAR00002027989.hg19.filtered.bam --OUTPUT pandisease.epifluidlab.cchmc.org/results/20200420-week-17/jhu-cfdna-frag/picard_metrics/EGAR00002027989.hg19.insert_size.txt  --DEVIATIONS 10.0 --MINIMUM_PCT 0.05 --METRIC_ACCUMULATION_LEVEL ALL_READS --INCLUDE_DUPLICATES false --ASSUME_SORTED true --STOP_AFTER 0 --VERBOSITY INFO --QUIET false --VALIDATION_STRINGENCY STRICT --COMPRESSION_LEVEL 5 --MAX_RECORDS_IN_RAM 500000 --CREATE_INDEX false --CREATE_MD5_FILE false --GA4GH_CLIENT_SECRETS client_secrets.json --help false --version false --showHidden false --USE_JDK_DEFLATER false --USE_JDK_INFLATER false
## htsjdk.samtools.metrics.StringHeader
# Started on: Sun May 03 04:15:30 UTC 2020

## METRICS CLASS	picard.analysis.InsertSizeMetrics
MEDIAN_INSERT_SIZE	MODE_INSERT_SIZE	MEDIAN_ABSOLUTE_DEVIATION	MIN_INSERT_SIZE	MAX_INSERT_SIZE	MEAN_INSERT_SIZE	STANDARD_DEVIATION	READ_PAIRS	PAIR_ORIENTATION	WIDTH_OF_10_PERCENT	WIDTH_OF_20_PERCENT	WIDTH_OF_30_PERCENT	WIDTH_OF_40_PERCENT	WIDTH_OF_50_PERCENT	WIDTH_OF_60_PERCENT	WIDTH_OF_70_PERCENT	WIDTH_OF_80_PERCENT	WIDTH_OF_90_PERCENT	WIDTH_OF_95_PERCENT	WIDTH_OF_99_PERCENT	SAMPLE	LIBRARY	READ_GROUP
168	166	11	80	257	167.910734	19.747457	163882169	FR	5	9	13	17	23	29	37	49	67	83	121			

## HISTOGRAM	java.lang.Integer
insert_size	All_Reads.fr_count
80	1
82	30
83	25
84	36
85	5002
86	5392
87	4672
88	5276
89	8026
90	9074
91	9165
92	8797
93	9282
94	9712
95	9990
96	11394
97	10730
98	11391
99	32990
100	37419
101	41513
102	44947
103	47263
104	48167
105	48539
106	52237
107	57887
108	66405
109	77377
110	91928
111	103937
112	107921
113	99854
114	95041
115	99694
116	108808
117	119672
118	134041
119	153502
120	190371
121	247543
122	292663
123	288318
124	238332
125	198649
126	194937
127	213432
128	239909
129	277837
130	341667
131	441227
132	586255
133	727822
134	758924
135	681532
136	622452
137	661955
138	784417
139	976872
140	1199399
141	1381550
142	1452011
143	1461720
144	1487792
145	1517574
146	1527749
147	1551009
148	1623007
149	1726757
150	1859893
151	2025221
152	2164653
153	2177962
154	2108702
155	2118354
156	2245382
157	2462428
158	2730369
159	2997521
160	3210986
161	3367389
162	3533479
163	3835165
164	4279153
165	4670251
166	4829678
167	4816187
168	4713216
169	4548513
170	4320579
171	4071082
172	3854910
173	3725229
174	3648270
175	3571090
176	3462248
177	3275021
178	3048556
179	2803154
180	2564417
181	2334958
182	2138548
183	1974470
184	1849779
185	1750654
186	1667724
187	1595315
188	1511483
189	1418904
190	1313025
191	1204213
192	1099857
193	1005572
194	930165
195	867524
196	819694
197	780572
198	744378
199	706929
200	665508
201	621168
202	574995
203	528701
204	485573
205	448556
206	419150
207	393752
208	371664
209	352426
210	333432
211	312868
212	290490
213	266837
214	244375
215	224496
216	207653
217	192604
218	181384
219	171657
220	161133
221	152068
222	140751
223	129573
224	119410
225	108858
226	100906
227	94758
228	87894
229	83364
230	78042
231	73564
232	69240
233	64356
234	59305
235	54977
236	50654
237	47382
238	45206
239	43435
240	42064
241	40099
242	39546
243	36228
244	33076
245	34392
246	28962
247	25093
248	23234
249	22820
250	22292
251	17088
252	10206
253	10606
254	8938
255	583
256	634
257	502

