## htsjdk.samtools.metrics.StringHeader
# CollectInsertSizeMetrics  --Histogram_FILE pandisease.epifluidlab.cchmc.org/results/20200420-week-17/jhu-cfdna-frag/picard_metrics/EGAR00002028081.hg19.insert_size.pdf --INPUT pandisease.epifluidlab.cchmc.org/results/20200420-week-17/jhu-cfdna-frag/filtered_bam/EGAR00002028081.hg19.filtered.bam --OUTPUT pandisease.epifluidlab.cchmc.org/results/20200420-week-17/jhu-cfdna-frag/picard_metrics/EGAR00002028081.hg19.insert_size.txt  --DEVIATIONS 10.0 --MINIMUM_PCT 0.05 --METRIC_ACCUMULATION_LEVEL ALL_READS --INCLUDE_DUPLICATES false --ASSUME_SORTED true --STOP_AFTER 0 --VERBOSITY INFO --QUIET false --VALIDATION_STRINGENCY STRICT --COMPRESSION_LEVEL 5 --MAX_RECORDS_IN_RAM 500000 --CREATE_INDEX false --CREATE_MD5_FILE false --GA4GH_CLIENT_SECRETS client_secrets.json --help false --version false --showHidden false --USE_JDK_DEFLATER false --USE_JDK_INFLATER false
## htsjdk.samtools.metrics.StringHeader
# Started on: Sun May 03 15:11:02 UTC 2020

## METRICS CLASS	picard.analysis.InsertSizeMetrics
MEDIAN_INSERT_SIZE	MODE_INSERT_SIZE	MEDIAN_ABSOLUTE_DEVIATION	MIN_INSERT_SIZE	MAX_INSERT_SIZE	MEAN_INSERT_SIZE	STANDARD_DEVIATION	READ_PAIRS	PAIR_ORIENTATION	WIDTH_OF_10_PERCENT	WIDTH_OF_20_PERCENT	WIDTH_OF_30_PERCENT	WIDTH_OF_40_PERCENT	WIDTH_OF_50_PERCENT	WIDTH_OF_60_PERCENT	WIDTH_OF_70_PERCENT	WIDTH_OF_80_PERCENT	WIDTH_OF_90_PERCENT	WIDTH_OF_95_PERCENT	WIDTH_OF_99_PERCENT	SAMPLE	LIBRARY	READ_GROUP
166	166	10	86	240	164.896456	18.813634	36382186	FR	5	7	11	17	21	29	37	47	63	81	115			

## HISTOGRAM	java.lang.Integer
insert_size	All_Reads.fr_count
86	2143
87	1760
88	2050
89	2215
90	2407
91	2946
92	2822
93	2949
94	3311
95	3242
96	3658
97	3485
98	3802
99	9323
100	9946
101	10821
102	11918
103	12507
104	12880
105	12818
106	13473
107	15301
108	17128
109	19458
110	22834
111	25788
112	26570
113	25646
114	24482
115	26135
116	28225
117	31156
118	35204
119	39884
120	48861
121	63131
122	74979
123	76489
124	63992
125	54095
126	53600
127	59220
128	67278
129	78074
130	94494
131	121765
132	164372
133	204598
134	214680
135	193129
136	172511
137	180219
138	215730
139	264999
140	322173
141	368734
142	385957
143	386259
144	389582
145	388053
146	382589
147	383928
148	404727
149	435335
150	466663
151	508319
152	542141
153	544718
154	523793
155	521644
156	547091
157	598908
158	669344
159	743147
160	797855
161	840370
162	883195
163	960588
164	1074284
165	1165869
166	1189998
167	1163982
168	1114518
169	1055652
170	981246
171	905106
172	837391
173	793050
174	757982
175	725660
176	685719
177	634357
178	581180
179	522572
180	473347
181	423784
182	384314
183	347517
184	321615
185	299344
186	280251
187	264405
188	249910
189	232026
190	213968
191	195823
192	178179
193	163742
194	149832
195	139340
196	130018
197	123632
198	117360
199	112345
200	106134
201	99036
202	92130
203	84788
204	77890
205	72063
206	67658
207	63060
208	59517
209	56514
210	53923
211	50080
212	46383
213	43494
214	39761
215	36678
216	33779
217	31654
218	29200
219	27709
220	26481
221	24423
222	22967
223	21354
224	19446
225	17914
226	16471
227	15548
228	14548
229	13719
230	12826
231	11960
232	11315
233	10630
234	9941
235	9059
236	8883
237	7996
238	7748
239	7964
240	608

