## htsjdk.samtools.metrics.StringHeader
# CollectInsertSizeMetrics  --Histogram_FILE pandisease.epifluidlab.cchmc.org/results/20200420-week-17/jhu-cfdna-frag/picard_metrics/EGAR00002028069.hg19.insert_size.pdf --INPUT pandisease.epifluidlab.cchmc.org/results/20200420-week-17/jhu-cfdna-frag/filtered_bam/EGAR00002028069.hg19.filtered.bam --OUTPUT pandisease.epifluidlab.cchmc.org/results/20200420-week-17/jhu-cfdna-frag/picard_metrics/EGAR00002028069.hg19.insert_size.txt  --DEVIATIONS 10.0 --MINIMUM_PCT 0.05 --METRIC_ACCUMULATION_LEVEL ALL_READS --INCLUDE_DUPLICATES false --ASSUME_SORTED true --STOP_AFTER 0 --VERBOSITY INFO --QUIET false --VALIDATION_STRINGENCY STRICT --COMPRESSION_LEVEL 5 --MAX_RECORDS_IN_RAM 500000 --CREATE_INDEX false --CREATE_MD5_FILE false --GA4GH_CLIENT_SECRETS client_secrets.json --help false --version false --showHidden false --USE_JDK_DEFLATER false --USE_JDK_INFLATER false
## htsjdk.samtools.metrics.StringHeader
# Started on: Sun May 03 11:44:21 UTC 2020

## METRICS CLASS	picard.analysis.InsertSizeMetrics
MEDIAN_INSERT_SIZE	MODE_INSERT_SIZE	MEDIAN_ABSOLUTE_DEVIATION	MIN_INSERT_SIZE	MAX_INSERT_SIZE	MEAN_INSERT_SIZE	STANDARD_DEVIATION	READ_PAIRS	PAIR_ORIENTATION	WIDTH_OF_10_PERCENT	WIDTH_OF_20_PERCENT	WIDTH_OF_30_PERCENT	WIDTH_OF_40_PERCENT	WIDTH_OF_50_PERCENT	WIDTH_OF_60_PERCENT	WIDTH_OF_70_PERCENT	WIDTH_OF_80_PERCENT	WIDTH_OF_90_PERCENT	WIDTH_OF_95_PERCENT	WIDTH_OF_99_PERCENT	SAMPLE	LIBRARY	READ_GROUP
166	166	11	83	245	164.731848	19.272365	40672692	FR	5	7	13	17	23	29	37	47	65	83	119			

## HISTOGRAM	java.lang.Integer
insert_size	All_Reads.fr_count
83	2169
84	2677
85	2160
86	2444
87	2086
88	2776
89	3400
90	3403
91	3371
92	2843
93	3128
94	4148
95	4236
96	4532
97	3718
98	4065
99	15172
100	17637
101	19115
102	20134
103	20671
104	20553
105	20424
106	22275
107	24752
108	27331
109	31968
110	39013
111	43762
112	45322
113	41738
114	38473
115	39292
116	42004
117	45986
118	51223
119	59284
120	73035
121	94285
122	110322
123	107599
124	87413
125	71313
126	69331
127	74216
128	82284
129	93974
130	112323
131	143983
132	187627
133	229994
134	239291
135	213428
136	190693
137	199908
138	234504
139	288582
140	350411
141	397874
142	411396
143	409055
144	413673
145	418778
146	419206
147	424319
148	443570
149	472367
150	507562
151	544726
152	576295
153	576219
154	556152
155	556747
156	587560
157	645032
158	716308
159	785346
160	839244
161	874544
162	915205
163	993826
164	1118781
165	1228118
166	1270287
167	1258154
168	1218073
169	1163368
170	1090162
171	1015866
172	954159
173	916280
174	887857
175	862473
176	827439
177	773960
178	712258
179	645177
180	579900
181	521247
182	470898
183	428125
184	394661
185	368820
186	347059
187	325944
188	303061
189	280874
190	256635
191	230999
192	208390
193	187779
194	172316
195	159369
196	147507
197	138934
198	131246
199	123628
200	114969
201	106466
202	96631
203	88594
204	81084
205	73663
206	68784
207	64600
208	60878
209	56953
210	52856
211	49211
212	45640
213	41192
214	37586
215	34599
216	31793
217	29284
218	27677
219	25894
220	24052
221	22396
222	20768
223	18763
224	17464
225	16043
226	14592
227	13569
228	12858
229	12136
230	11546
231	10980
232	10202
233	9410
234	8840
235	8083
236	7656
237	7220
238	6936
239	6899
240	6774
241	6384
242	6567
243	6616
244	899
245	76

