## htsjdk.samtools.metrics.StringHeader
# CollectInsertSizeMetrics  --Histogram_FILE pandisease.epifluidlab.cchmc.org/results/20200420-week-17/jhu-cfdna-frag/picard_metrics/EGAR00002027997.hg19.insert_size.pdf --INPUT pandisease.epifluidlab.cchmc.org/results/20200420-week-17/jhu-cfdna-frag/filtered_bam/EGAR00002027997.hg19.filtered.bam --OUTPUT pandisease.epifluidlab.cchmc.org/results/20200420-week-17/jhu-cfdna-frag/picard_metrics/EGAR00002027997.hg19.insert_size.txt  --DEVIATIONS 10.0 --MINIMUM_PCT 0.05 --METRIC_ACCUMULATION_LEVEL ALL_READS --INCLUDE_DUPLICATES false --ASSUME_SORTED true --STOP_AFTER 0 --VERBOSITY INFO --QUIET false --VALIDATION_STRINGENCY STRICT --COMPRESSION_LEVEL 5 --MAX_RECORDS_IN_RAM 500000 --CREATE_INDEX false --CREATE_MD5_FILE false --GA4GH_CLIENT_SECRETS client_secrets.json --help false --version false --showHidden false --USE_JDK_DEFLATER false --USE_JDK_INFLATER false
## htsjdk.samtools.metrics.StringHeader
# Started on: Sun May 03 10:51:56 UTC 2020

## METRICS CLASS	picard.analysis.InsertSizeMetrics
MEDIAN_INSERT_SIZE	MODE_INSERT_SIZE	MEDIAN_ABSOLUTE_DEVIATION	MIN_INSERT_SIZE	MAX_INSERT_SIZE	MEAN_INSERT_SIZE	STANDARD_DEVIATION	READ_PAIRS	PAIR_ORIENTATION	WIDTH_OF_10_PERCENT	WIDTH_OF_20_PERCENT	WIDTH_OF_30_PERCENT	WIDTH_OF_40_PERCENT	WIDTH_OF_50_PERCENT	WIDTH_OF_60_PERCENT	WIDTH_OF_70_PERCENT	WIDTH_OF_80_PERCENT	WIDTH_OF_90_PERCENT	WIDTH_OF_95_PERCENT	WIDTH_OF_99_PERCENT	SAMPLE	LIBRARY	READ_GROUP
167	167	12	76	258	165.949667	20.831565	37863103	FR	5	9	13	19	25	31	41	51	69	89	125			

## HISTOGRAM	java.lang.Integer
insert_size	All_Reads.fr_count
76	1
77	1
78	158
79	168
80	1938
81	1819
82	1844
83	2153
84	2457
85	2454
86	2406
87	2125
88	2468
89	2505
90	3141
91	3089
92	2785
93	3001
94	3085
95	3272
96	3776
97	3385
98	3791
99	11190
100	13053
101	14538
102	15535
103	16364
104	16174
105	16207
106	16969
107	19196
108	22092
109	26758
110	33480
111	40259
112	41924
113	38205
114	35500
115	35621
116	37778
117	41942
118	48253
119	58038
120	74097
121	97259
122	116758
123	114990
124	92630
125	73671
126	69462
127	73038
128	80528
129	92425
130	114572
131	145669
132	192074
133	238921
134	249302
135	216544
136	184713
137	184771
138	212068
139	262312
140	328945
141	386143
142	405298
143	405481
144	404737
145	407773
146	397996
147	389007
148	399061
149	421545
150	451528
151	497716
152	537166
153	537785
154	511271
155	497384
156	509393
157	547879
158	603435
159	664078
160	715770
161	747731
162	776218
163	826128
164	904597
165	981398
166	1017100
167	1021514
168	1006125
169	976887
170	932841
171	880676
172	837507
173	810030
174	793804
175	781107
176	760139
177	723899
178	676726
179	626962
180	574756
181	525263
182	482892
183	446688
184	414164
185	390620
186	371361
187	352942
188	334005
189	311877
190	289071
191	264920
192	241079
193	220111
194	202483
195	187377
196	176192
197	166607
198	156927
199	149225
200	140265
201	131420
202	121069
203	110851
204	102350
205	93031
206	87270
207	81642
208	76515
209	72225
210	68262
211	63418
212	58967
213	54522
214	49531
215	45736
216	42173
217	38647
218	36455
219	33977
220	32354
221	30810
222	28388
223	26144
224	24073
225	21803
226	19922
227	18998
228	17754
229	16838
230	16062
231	14841
232	13826
233	13218
234	11957
235	11043
236	10375
237	9723
238	9130
239	9038
240	8722
241	8517
242	8443
243	7702
244	7372
245	6954
246	6578
247	7034
248	6021
249	5077
250	5135
251	5225
252	5135
253	4861
254	5059
255	4244
256	136
257	122
258	101

