## htsjdk.samtools.metrics.StringHeader
# CollectInsertSizeMetrics  --Histogram_FILE pandisease.epifluidlab.cchmc.org/results/20200420-week-17/jhu-cfdna-frag/picard_metrics/EGAR00002028050.hg19.insert_size.pdf --INPUT pandisease.epifluidlab.cchmc.org/results/20200420-week-17/jhu-cfdna-frag/filtered_bam/EGAR00002028050.hg19.filtered.bam --OUTPUT pandisease.epifluidlab.cchmc.org/results/20200420-week-17/jhu-cfdna-frag/picard_metrics/EGAR00002028050.hg19.insert_size.txt  --DEVIATIONS 10.0 --MINIMUM_PCT 0.05 --METRIC_ACCUMULATION_LEVEL ALL_READS --INCLUDE_DUPLICATES false --ASSUME_SORTED true --STOP_AFTER 0 --VERBOSITY INFO --QUIET false --VALIDATION_STRINGENCY STRICT --COMPRESSION_LEVEL 5 --MAX_RECORDS_IN_RAM 500000 --CREATE_INDEX false --CREATE_MD5_FILE false --GA4GH_CLIENT_SECRETS client_secrets.json --help false --version false --showHidden false --USE_JDK_DEFLATER false --USE_JDK_INFLATER false
## htsjdk.samtools.metrics.StringHeader
# Started on: Sun May 03 15:21:58 UTC 2020

## METRICS CLASS	picard.analysis.InsertSizeMetrics
MEDIAN_INSERT_SIZE	MODE_INSERT_SIZE	MEDIAN_ABSOLUTE_DEVIATION	MIN_INSERT_SIZE	MAX_INSERT_SIZE	MEAN_INSERT_SIZE	STANDARD_DEVIATION	READ_PAIRS	PAIR_ORIENTATION	WIDTH_OF_10_PERCENT	WIDTH_OF_20_PERCENT	WIDTH_OF_30_PERCENT	WIDTH_OF_40_PERCENT	WIDTH_OF_50_PERCENT	WIDTH_OF_60_PERCENT	WIDTH_OF_70_PERCENT	WIDTH_OF_80_PERCENT	WIDTH_OF_90_PERCENT	WIDTH_OF_95_PERCENT	WIDTH_OF_99_PERCENT	SAMPLE	LIBRARY	READ_GROUP
166	166	11	83	247	165.277254	19.370678	33312537	FR	5	7	11	17	23	29	37	47	65	83	119			

## HISTOGRAM	java.lang.Integer
insert_size	All_Reads.fr_count
83	25
84	26
85	29
86	26
87	1719
88	2219
89	2376
90	2903
91	2929
92	2530
93	2768
94	2914
95	3508
96	3764
97	3106
98	3369
99	10886
100	11978
101	13666
102	14291
103	14894
104	14774
105	15028
106	15624
107	18358
108	20324
109	23308
110	27871
111	31438
112	32694
113	30124
114	29197
115	29730
116	32030
117	34791
118	39218
119	44681
120	55531
121	68907
122	81915
123	80173
124	66908
125	55822
126	54419
127	58397
128	64596
129	73195
130	87163
131	110203
132	144204
133	177179
134	184249
135	167198
136	151482
137	157999
138	186220
139	228750
140	279100
141	317783
142	331966
143	333542
144	338154
145	342670
146	342370
147	345275
148	359888
149	384246
150	411183
151	444199
152	473463
153	474079
154	459241
155	459218
156	485540
157	530246
158	584866
159	643226
160	686341
161	717471
162	757159
163	822838
164	928990
165	1015775
166	1048743
167	1035066
168	1002153
169	954289
170	895835
171	836819
172	784907
173	749403
174	725574
175	704002
176	672132
177	626093
178	573529
179	518672
180	466081
181	419447
182	378350
183	345119
184	319356
185	298955
186	280782
187	264338
188	248122
189	231171
190	210201
191	191900
192	174754
193	157951
194	146091
195	135021
196	125743
197	119467
198	112359
199	106447
200	100760
201	93507
202	86169
203	79463
204	73524
205	66772
206	62183
207	58485
208	55457
209	52484
210	49642
211	46147
212	42925
213	39685
214	36373
215	33561
216	31146
217	28767
218	27151
219	25580
220	23869
221	22675
222	21279
223	19398
224	18206
225	16721
226	15336
227	14362
228	13577
229	13064
230	12461
231	11861
232	10906
233	10187
234	9407
235	8913
236	8415
237	7809
238	7575
239	7458
240	8188
241	5841
242	4745
243	4623
244	3791
245	259
246	267
247	236

