## htsjdk.samtools.metrics.StringHeader
# CollectInsertSizeMetrics  --Histogram_FILE pandisease.epifluidlab.cchmc.org/results/20200420-week-17/jhu-cfdna-frag/picard_metrics/EGAR00002028072.hg19.insert_size.pdf --INPUT pandisease.epifluidlab.cchmc.org/results/20200420-week-17/jhu-cfdna-frag/filtered_bam/EGAR00002028072.hg19.filtered.bam --OUTPUT pandisease.epifluidlab.cchmc.org/results/20200420-week-17/jhu-cfdna-frag/picard_metrics/EGAR00002028072.hg19.insert_size.txt  --DEVIATIONS 10.0 --MINIMUM_PCT 0.05 --METRIC_ACCUMULATION_LEVEL ALL_READS --INCLUDE_DUPLICATES false --ASSUME_SORTED true --STOP_AFTER 0 --VERBOSITY INFO --QUIET false --VALIDATION_STRINGENCY STRICT --COMPRESSION_LEVEL 5 --MAX_RECORDS_IN_RAM 500000 --CREATE_INDEX false --CREATE_MD5_FILE false --GA4GH_CLIENT_SECRETS client_secrets.json --help false --version false --showHidden false --USE_JDK_DEFLATER false --USE_JDK_INFLATER false
## htsjdk.samtools.metrics.StringHeader
# Started on: Sun May 03 03:44:26 UTC 2020

## METRICS CLASS	picard.analysis.InsertSizeMetrics
MEDIAN_INSERT_SIZE	MODE_INSERT_SIZE	MEDIAN_ABSOLUTE_DEVIATION	MIN_INSERT_SIZE	MAX_INSERT_SIZE	MEAN_INSERT_SIZE	STANDARD_DEVIATION	READ_PAIRS	PAIR_ORIENTATION	WIDTH_OF_10_PERCENT	WIDTH_OF_20_PERCENT	WIDTH_OF_30_PERCENT	WIDTH_OF_40_PERCENT	WIDTH_OF_50_PERCENT	WIDTH_OF_60_PERCENT	WIDTH_OF_70_PERCENT	WIDTH_OF_80_PERCENT	WIDTH_OF_90_PERCENT	WIDTH_OF_95_PERCENT	WIDTH_OF_99_PERCENT	SAMPLE	LIBRARY	READ_GROUP
166	166	11	75	253	165.027133	20.068231	141826314	FR	5	9	13	17	23	31	39	49	67	87	121			

## HISTOGRAM	java.lang.Integer
insert_size	All_Reads.fr_count
75	5906
76	5463
77	6163
78	6467
79	6514
80	7280
81	6934
82	7202
83	7899
84	8448
85	7951
86	9942
87	9242
88	9958
89	10765
90	11042
91	11264
92	11667
93	12951
94	13717
95	14077
96	14528
97	13867
98	14607
99	46000
100	53940
101	60825
102	63654
103	65440
104	65990
105	65619
106	70523
107	80349
108	92529
109	108853
110	134630
111	155734
112	161985
113	148324
114	138958
115	143742
116	156536
117	172876
118	194566
119	226861
120	283317
121	362033
122	422909
123	410474
124	332136
125	275385
126	265709
127	286409
128	317303
129	359378
130	429785
131	537014
132	692495
133	840162
134	867031
135	770646
136	694406
137	729929
138	855154
139	1044001
140	1258043
141	1421080
142	1471822
143	1461051
144	1472320
145	1484026
146	1471278
147	1481235
148	1544667
149	1636097
150	1737692
151	1858966
152	1962692
153	1958782
154	1895080
155	1906439
156	2014414
157	2198588
158	2417768
159	2639168
160	2804603
161	2923670
162	3065143
163	3345396
164	3756028
165	4098793
166	4200691
167	4146374
168	4005371
169	3828166
170	3608816
171	3388543
172	3199440
173	3091502
174	3025581
175	2959236
176	2854681
177	2693617
178	2485581
179	2266208
180	2051734
181	1858143
182	1690700
183	1554592
184	1441319
185	1362008
186	1286207
187	1215059
188	1140171
189	1055934
190	966848
191	875977
192	794063
193	722382
194	662210
195	613062
196	573039
197	539637
198	506221
199	476667
200	444813
201	409895
202	374901
203	344296
204	315890
205	290461
206	269487
207	254182
208	237536
209	223448
210	210793
211	195749
212	180708
213	166656
214	152336
215	140171
216	129408
217	119912
218	112664
219	106021
220	100053
221	93653
222	87040
223	79704
224	73797
225	66900
226	61992
227	57700
228	54398
229	51785
230	49479
231	46797
232	43296
233	40390
234	37442
235	34339
236	32068
237	30184
238	29230
239	27929
240	27514
241	27006
242	25825
243	24275
244	23592
245	19815
246	19651
247	18125
248	6239
249	8870
250	5015
251	233
252	296
253	270

