## htsjdk.samtools.metrics.StringHeader
# CollectInsertSizeMetrics  --Histogram_FILE pandisease.epifluidlab.cchmc.org/results/20200420-week-17/jhu-cfdna-frag/picard_metrics/EGAR00002028094.hg19.insert_size.pdf --INPUT pandisease.epifluidlab.cchmc.org/results/20200420-week-17/jhu-cfdna-frag/filtered_bam/EGAR00002028094.hg19.filtered.bam --OUTPUT pandisease.epifluidlab.cchmc.org/results/20200420-week-17/jhu-cfdna-frag/picard_metrics/EGAR00002028094.hg19.insert_size.txt  --DEVIATIONS 10.0 --MINIMUM_PCT 0.05 --METRIC_ACCUMULATION_LEVEL ALL_READS --INCLUDE_DUPLICATES false --ASSUME_SORTED true --STOP_AFTER 0 --VERBOSITY INFO --QUIET false --VALIDATION_STRINGENCY STRICT --COMPRESSION_LEVEL 5 --MAX_RECORDS_IN_RAM 500000 --CREATE_INDEX false --CREATE_MD5_FILE false --GA4GH_CLIENT_SECRETS client_secrets.json --help false --version false --showHidden false --USE_JDK_DEFLATER false --USE_JDK_INFLATER false
## htsjdk.samtools.metrics.StringHeader
# Started on: Sun May 03 01:55:34 UTC 2020

## METRICS CLASS	picard.analysis.InsertSizeMetrics
MEDIAN_INSERT_SIZE	MODE_INSERT_SIZE	MEDIAN_ABSOLUTE_DEVIATION	MIN_INSERT_SIZE	MAX_INSERT_SIZE	MEAN_INSERT_SIZE	STANDARD_DEVIATION	READ_PAIRS	PAIR_ORIENTATION	WIDTH_OF_10_PERCENT	WIDTH_OF_20_PERCENT	WIDTH_OF_30_PERCENT	WIDTH_OF_40_PERCENT	WIDTH_OF_50_PERCENT	WIDTH_OF_60_PERCENT	WIDTH_OF_70_PERCENT	WIDTH_OF_80_PERCENT	WIDTH_OF_90_PERCENT	WIDTH_OF_95_PERCENT	WIDTH_OF_99_PERCENT	SAMPLE	LIBRARY	READ_GROUP
166	166	12	76	258	165.855627	20.801485	111873242	FR	5	9	13	19	25	31	41	51	69	89	125			

## HISTOGRAM	java.lang.Integer
insert_size	All_Reads.fr_count
76	5
77	1
78	9
79	27
80	5788
81	5363
82	5237
83	6033
84	6825
85	7016
86	7383
87	6687
88	7441
89	7965
90	7945
91	9476
92	8571
93	8976
94	9725
95	10025
96	10510
97	10770
98	11396
99	37863
100	43059
101	48798
102	52058
103	53846
104	56983
105	57637
106	61575
107	68194
108	75935
109	88014
110	104576
111	121167
112	124994
113	117111
114	110749
115	114371
116	123318
117	134502
118	149212
119	170289
120	208353
121	265311
122	311068
123	307190
124	254728
125	214282
126	208981
127	223527
128	247346
129	280124
130	338136
131	422579
132	544199
133	657028
134	680835
135	614138
136	559727
137	579638
138	668318
139	803238
140	962793
141	1091231
142	1134686
143	1134725
144	1145114
145	1162627
146	1164737
147	1180270
148	1226029
149	1291637
150	1364627
151	1455582
152	1537457
153	1540580
154	1490840
155	1487865
156	1559670
157	1692886
158	1855892
159	2022201
160	2147457
161	2233465
162	2326248
163	2496287
164	2768531
165	3013703
166	3105103
167	3090463
168	3010755
169	2898290
170	2753452
171	2592856
172	2464121
173	2389639
174	2348017
175	2306826
176	2235894
177	2115757
178	1964731
179	1805911
180	1648511
181	1504480
182	1381519
183	1276977
184	1201146
185	1133803
186	1077182
187	1025623
188	967176
189	904068
190	830805
191	759607
192	694343
193	634511
194	586294
195	546102
196	512793
197	487409
198	459638
199	436774
200	409013
201	380469
202	350748
203	321561
204	297461
205	273664
206	255576
207	239696
208	224621
209	212757
210	200003
211	186592
212	172084
213	158977
214	145931
215	135810
216	125050
217	114844
218	108105
219	102436
220	95985
221	90469
222	84294
223	77147
224	71147
225	65592
226	60368
227	56198
228	53222
229	50631
230	47498
231	43943
232	41784
233	39152
234	36947
235	33468
236	31712
237	29546
238	28049
239	27205
240	26338
241	25367
242	24766
243	23229
244	22319
245	21479
246	20574
247	22390
248	18034
249	15753
250	15611
251	15315
252	13338
253	12261
254	12358
255	10059
256	146
257	124
258	139

