## htsjdk.samtools.metrics.StringHeader
# CollectInsertSizeMetrics  --Histogram_FILE pandisease.epifluidlab.cchmc.org/results/20200420-week-17/jhu-cfdna-frag/picard_metrics/EGAR00002028093.hg19.insert_size.pdf --INPUT pandisease.epifluidlab.cchmc.org/results/20200420-week-17/jhu-cfdna-frag/filtered_bam/EGAR00002028093.hg19.filtered.bam --OUTPUT pandisease.epifluidlab.cchmc.org/results/20200420-week-17/jhu-cfdna-frag/picard_metrics/EGAR00002028093.hg19.insert_size.txt  --DEVIATIONS 10.0 --MINIMUM_PCT 0.05 --METRIC_ACCUMULATION_LEVEL ALL_READS --INCLUDE_DUPLICATES false --ASSUME_SORTED true --STOP_AFTER 0 --VERBOSITY INFO --QUIET false --VALIDATION_STRINGENCY STRICT --COMPRESSION_LEVEL 5 --MAX_RECORDS_IN_RAM 500000 --CREATE_INDEX false --CREATE_MD5_FILE false --GA4GH_CLIENT_SECRETS client_secrets.json --help false --version false --showHidden false --USE_JDK_DEFLATER false --USE_JDK_INFLATER false
## htsjdk.samtools.metrics.StringHeader
# Started on: Sun May 03 02:01:49 UTC 2020

## METRICS CLASS	picard.analysis.InsertSizeMetrics
MEDIAN_INSERT_SIZE	MODE_INSERT_SIZE	MEDIAN_ABSOLUTE_DEVIATION	MIN_INSERT_SIZE	MAX_INSERT_SIZE	MEAN_INSERT_SIZE	STANDARD_DEVIATION	READ_PAIRS	PAIR_ORIENTATION	WIDTH_OF_10_PERCENT	WIDTH_OF_20_PERCENT	WIDTH_OF_30_PERCENT	WIDTH_OF_40_PERCENT	WIDTH_OF_50_PERCENT	WIDTH_OF_60_PERCENT	WIDTH_OF_70_PERCENT	WIDTH_OF_80_PERCENT	WIDTH_OF_90_PERCENT	WIDTH_OF_95_PERCENT	WIDTH_OF_99_PERCENT	SAMPLE	LIBRARY	READ_GROUP
166	166	11	81	250	165.421635	19.893025	129134735	FR	5	9	13	17	23	31	39	49	67	85	119			

## HISTOGRAM	java.lang.Integer
insert_size	All_Reads.fr_count
81	2
82	42
83	5681
84	6459
85	5486
86	6425
87	6383
88	7645
89	8005
90	8193
91	7984
92	7455
93	9309
94	10091
95	10426
96	10661
97	9566
98	10397
99	44098
100	50842
101	56521
102	60179
103	62388
104	63017
105	64476
106	70220
107	79631
108	88163
109	101721
110	121043
111	137443
112	141415
113	130901
114	124653
115	127989
116	137944
117	152146
118	168747
119	190250
120	229717
121	294284
122	343520
123	336824
124	276931
125	230971
126	224753
127	241974
128	269234
129	305261
130	363590
131	457394
132	593620
133	726141
134	753485
135	676065
136	611451
137	640170
138	748729
139	916895
140	1107127
141	1255951
142	1302269
143	1297848
144	1311748
145	1327605
146	1326854
147	1345580
148	1406497
149	1489777
150	1588715
151	1704010
152	1809707
153	1806316
154	1740080
155	1735207
156	1828001
157	1997341
158	2208654
159	2429216
160	2592427
161	2697591
162	2816450
163	3037526
164	3382731
165	3691321
166	3807167
167	3776172
168	3668114
169	3510754
170	3308178
171	3096443
172	2922704
173	2811597
174	2746783
175	2687845
176	2595618
177	2449284
178	2266085
179	2071730
180	1883894
181	1707538
182	1557722
183	1434700
184	1333226
185	1258976
186	1194296
187	1131369
188	1068054
189	993830
190	910289
191	828593
192	754106
193	684690
194	630345
195	583573
196	546344
197	514799
198	489131
199	460601
200	430633
201	399844
202	366445
203	334943
204	308140
205	281615
206	260273
207	245016
208	230032
209	216831
210	204379
211	189726
212	174041
213	159750
214	145574
215	133895
216	122822
217	114731
218	106265
219	100192
220	93906
221	87856
222	80027
223	72943
224	67432
225	61850
226	56856
227	53021
228	49484
229	46058
230	43649
231	40677
232	37636
233	35282
234	32245
235	29553
236	27654
237	26216
238	24721
239	24108
240	22751
241	21716
242	21035
243	22492
244	18149
245	15148
246	15057
247	13030
248	1050
249	1052
250	829

