## htsjdk.samtools.metrics.StringHeader
# CollectInsertSizeMetrics  --Histogram_FILE pandisease.epifluidlab.cchmc.org/results/20200420-week-17/jhu-cfdna-frag/picard_metrics/EGAR00002027941.hg19.insert_size.pdf --INPUT pandisease.epifluidlab.cchmc.org/results/20200420-week-17/jhu-cfdna-frag/filtered_bam/EGAR00002027941.hg19.filtered.bam --OUTPUT pandisease.epifluidlab.cchmc.org/results/20200420-week-17/jhu-cfdna-frag/picard_metrics/EGAR00002027941.hg19.insert_size.txt  --DEVIATIONS 10.0 --MINIMUM_PCT 0.05 --METRIC_ACCUMULATION_LEVEL ALL_READS --INCLUDE_DUPLICATES false --ASSUME_SORTED true --STOP_AFTER 0 --VERBOSITY INFO --QUIET false --VALIDATION_STRINGENCY STRICT --COMPRESSION_LEVEL 5 --MAX_RECORDS_IN_RAM 500000 --CREATE_INDEX false --CREATE_MD5_FILE false --GA4GH_CLIENT_SECRETS client_secrets.json --help false --version false --showHidden false --USE_JDK_DEFLATER false --USE_JDK_INFLATER false
## htsjdk.samtools.metrics.StringHeader
# Started on: Sun May 03 15:48:59 UTC 2020

## METRICS CLASS	picard.analysis.InsertSizeMetrics
MEDIAN_INSERT_SIZE	MODE_INSERT_SIZE	MEDIAN_ABSOLUTE_DEVIATION	MIN_INSERT_SIZE	MAX_INSERT_SIZE	MEAN_INSERT_SIZE	STANDARD_DEVIATION	READ_PAIRS	PAIR_ORIENTATION	WIDTH_OF_10_PERCENT	WIDTH_OF_20_PERCENT	WIDTH_OF_30_PERCENT	WIDTH_OF_40_PERCENT	WIDTH_OF_50_PERCENT	WIDTH_OF_60_PERCENT	WIDTH_OF_70_PERCENT	WIDTH_OF_80_PERCENT	WIDTH_OF_90_PERCENT	WIDTH_OF_95_PERCENT	WIDTH_OF_99_PERCENT	SAMPLE	LIBRARY	READ_GROUP
167	167	12	68	260	166.676939	21.900787	20897965	FR	5	9	13	19	25	33	41	53	73	93	135			

## HISTOGRAM	java.lang.Integer
insert_size	All_Reads.fr_count
68	1
77	1310
78	1416
79	1396
80	1444
81	1689
82	1691
83	1906
84	2167
85	1888
86	1895
87	1923
88	2227
89	2389
90	2413
91	2355
92	2218
93	2231
94	2925
95	3112
96	3141
97	2722
98	2915
99	7597
100	8318
101	9602
102	9989
103	10129
104	10516
105	10415
106	10867
107	12159
108	13590
109	16849
110	20296
111	22866
112	23664
113	22583
114	21145
115	22156
116	23379
117	25938
118	29775
119	35269
120	42246
121	51802
122	59205
123	59265
124	50570
125	42482
126	41772
127	45053
128	49944
129	56816
130	66834
131	81998
132	103147
133	122827
134	126545
135	114290
136	102536
137	104057
138	118272
139	141758
140	170554
141	193881
142	202740
143	202494
144	206278
145	208993
146	208705
147	209692
148	216180
149	228624
150	243938
151	262119
152	277900
153	278166
154	268261
155	266387
156	276368
157	299686
158	328392
159	360420
160	384896
161	403146
162	420558
163	449141
164	496728
165	541800
166	559421
167	560642
168	549198
169	533516
170	508778
171	480324
172	456556
173	444143
174	434756
175	427712
176	415434
177	394536
178	368035
179	339367
180	311893
181	285270
182	264024
183	243121
184	228030
185	215848
186	207152
187	196394
188	186994
189	175474
190	162854
191	150161
192	137636
193	126808
194	116642
195	109676
196	104101
197	99059
198	94650
199	90317
200	84864
201	80009
202	74165
203	68758
204	63516
205	58366
206	54911
207	52064
208	49560
209	46869
210	44303
211	41503
212	38671
213	36059
214	32974
215	30391
216	28257
217	26618
218	25042
219	23860
220	22112
221	20999
222	19828
223	18237
224	17060
225	15881
226	14324
227	13720
228	13035
229	12399
230	11825
231	11225
232	10407
233	9953
234	9153
235	8649
236	8050
237	7660
238	7110
239	7158
240	6915
241	6638
242	6381
243	6177
244	5875
245	5532
246	5424
247	5005
248	4965
249	4748
250	4842
251	5481
252	4624
253	3701
254	3852
255	3630
256	3277
257	2800
258	2694
259	2865
260	2530

