## htsjdk.samtools.metrics.StringHeader
# CollectInsertSizeMetrics  --Histogram_FILE pandisease.epifluidlab.cchmc.org/results/20200420-week-17/jhu-cfdna-frag/picard_metrics/EGAR00002028067.hg19.insert_size.pdf --INPUT pandisease.epifluidlab.cchmc.org/results/20200420-week-17/jhu-cfdna-frag/filtered_bam/EGAR00002028067.hg19.filtered.bam --OUTPUT pandisease.epifluidlab.cchmc.org/results/20200420-week-17/jhu-cfdna-frag/picard_metrics/EGAR00002028067.hg19.insert_size.txt  --DEVIATIONS 10.0 --MINIMUM_PCT 0.05 --METRIC_ACCUMULATION_LEVEL ALL_READS --INCLUDE_DUPLICATES false --ASSUME_SORTED true --STOP_AFTER 0 --VERBOSITY INFO --QUIET false --VALIDATION_STRINGENCY STRICT --COMPRESSION_LEVEL 5 --MAX_RECORDS_IN_RAM 500000 --CREATE_INDEX false --CREATE_MD5_FILE false --GA4GH_CLIENT_SECRETS client_secrets.json --help false --version false --showHidden false --USE_JDK_DEFLATER false --USE_JDK_INFLATER false
## htsjdk.samtools.metrics.StringHeader
# Started on: Sun May 03 03:50:04 UTC 2020

## METRICS CLASS	picard.analysis.InsertSizeMetrics
MEDIAN_INSERT_SIZE	MODE_INSERT_SIZE	MEDIAN_ABSOLUTE_DEVIATION	MIN_INSERT_SIZE	MAX_INSERT_SIZE	MEAN_INSERT_SIZE	STANDARD_DEVIATION	READ_PAIRS	PAIR_ORIENTATION	WIDTH_OF_10_PERCENT	WIDTH_OF_20_PERCENT	WIDTH_OF_30_PERCENT	WIDTH_OF_40_PERCENT	WIDTH_OF_50_PERCENT	WIDTH_OF_60_PERCENT	WIDTH_OF_70_PERCENT	WIDTH_OF_80_PERCENT	WIDTH_OF_90_PERCENT	WIDTH_OF_95_PERCENT	WIDTH_OF_99_PERCENT	SAMPLE	LIBRARY	READ_GROUP
166	166	11	81	249	164.364662	19.851873	52416366	FR	5	9	13	17	23	29	39	49	67	87	121			

## HISTOGRAM	java.lang.Integer
insert_size	All_Reads.fr_count
81	8
82	2559
83	2916
84	3516
85	3191
86	3989
87	3290
88	3748
89	4203
90	4240
91	4522
92	4404
93	4976
94	4930
95	5270
96	5476
97	4953
98	5806
99	22142
100	25072
101	27961
102	28995
103	29874
104	30497
105	29842
106	31947
107	35475
108	39590
109	46137
110	56243
111	65113
112	67125
113	60594
114	55174
115	55685
116	59274
117	65174
118	72730
119	84188
120	106516
121	137903
122	162574
123	157106
124	126346
125	100561
126	95313
127	101392
128	113082
129	128416
130	158275
131	201248
132	265357
133	326252
134	338262
135	298886
136	263240
137	272389
138	319876
139	393387
140	477503
141	540903
142	560380
143	554391
144	559128
145	563359
146	558070
147	561526
148	585721
149	623842
150	663116
151	712276
152	753797
153	753523
154	723095
155	719086
156	753853
157	823169
158	909449
159	997620
160	1064277
161	1110301
162	1161539
163	1264072
164	1418690
165	1555982
166	1594082
167	1570141
168	1513852
169	1437742
170	1346872
171	1250352
172	1169038
173	1124984
174	1092673
175	1066201
176	1024015
177	959827
178	882792
179	801734
180	724192
181	653601
182	592649
183	541114
184	501569
185	471550
186	445629
187	421661
188	395924
189	367566
190	334785
191	305211
192	276241
193	249843
194	229984
195	212535
196	197063
197	186622
198	177429
199	166946
200	156420
201	145212
202	132954
203	121197
204	111251
205	102059
206	94067
207	88622
208	82323
209	77649
210	72731
211	67906
212	62533
213	57588
214	52165
215	47574
216	43835
217	40365
218	37635
219	35213
220	32940
221	31031
222	28407
223	25838
224	23925
225	21635
226	20022
227	18417
228	17410
229	16318
230	15509
231	14473
232	13744
233	12858
234	11704
235	10738
236	10172
237	9556
238	9239
239	9027
240	8794
241	8391
242	9132
243	7315
244	6137
245	5818
246	5292
247	305
248	322
249	301

