## htsjdk.samtools.metrics.StringHeader
# CollectInsertSizeMetrics  --Histogram_FILE pandisease.epifluidlab.cchmc.org/results/20200420-week-17/jhu-cfdna-frag/picard_metrics/EGAR00002028043.hg19.insert_size.pdf --INPUT pandisease.epifluidlab.cchmc.org/results/20200420-week-17/jhu-cfdna-frag/filtered_bam/EGAR00002028043.hg19.filtered.bam --OUTPUT pandisease.epifluidlab.cchmc.org/results/20200420-week-17/jhu-cfdna-frag/picard_metrics/EGAR00002028043.hg19.insert_size.txt  --DEVIATIONS 10.0 --MINIMUM_PCT 0.05 --METRIC_ACCUMULATION_LEVEL ALL_READS --INCLUDE_DUPLICATES false --ASSUME_SORTED true --STOP_AFTER 0 --VERBOSITY INFO --QUIET false --VALIDATION_STRINGENCY STRICT --COMPRESSION_LEVEL 5 --MAX_RECORDS_IN_RAM 500000 --CREATE_INDEX false --CREATE_MD5_FILE false --GA4GH_CLIENT_SECRETS client_secrets.json --help false --version false --showHidden false --USE_JDK_DEFLATER false --USE_JDK_INFLATER false
## htsjdk.samtools.metrics.StringHeader
# Started on: Sun May 03 04:36:00 UTC 2020

## METRICS CLASS	picard.analysis.InsertSizeMetrics
MEDIAN_INSERT_SIZE	MODE_INSERT_SIZE	MEDIAN_ABSOLUTE_DEVIATION	MIN_INSERT_SIZE	MAX_INSERT_SIZE	MEAN_INSERT_SIZE	STANDARD_DEVIATION	READ_PAIRS	PAIR_ORIENTATION	WIDTH_OF_10_PERCENT	WIDTH_OF_20_PERCENT	WIDTH_OF_30_PERCENT	WIDTH_OF_40_PERCENT	WIDTH_OF_50_PERCENT	WIDTH_OF_60_PERCENT	WIDTH_OF_70_PERCENT	WIDTH_OF_80_PERCENT	WIDTH_OF_90_PERCENT	WIDTH_OF_95_PERCENT	WIDTH_OF_99_PERCENT	SAMPLE	LIBRARY	READ_GROUP
167	166	10	87	248	166.947436	18.586329	175601875	FR	5	7	11	17	21	27	35	47	63	79	113			

## HISTOGRAM	java.lang.Integer
insert_size	All_Reads.fr_count
87	26
88	1782
89	1808
90	1789
91	1895
92	7862
93	8501
94	10374
95	11241
96	11304
97	9818
98	10784
99	36073
100	41244
101	44656
102	46991
103	47730
104	48811
105	51114
106	54445
107	60973
108	68445
109	79277
110	94741
111	109965
112	113793
113	104967
114	100450
115	102913
116	110593
117	123956
118	142201
119	166186
120	207452
121	273309
122	325805
123	320828
124	261530
125	218201
126	215263
127	234642
128	262945
129	305294
130	373450
131	486895
132	648717
133	805543
134	841197
135	752092
136	679758
137	716875
138	853116
139	1058979
140	1302533
141	1490995
142	1556643
143	1556763
144	1576622
145	1605367
146	1618772
147	1653294
148	1748402
149	1877065
150	2023723
151	2192774
152	2333989
153	2342346
154	2263865
155	2281396
156	2427712
157	2678491
158	2991328
159	3306455
160	3548794
161	3718123
162	3912057
163	4288221
164	4849471
165	5356479
166	5546594
167	5519826
168	5368914
169	5140674
170	4838637
171	4529607
172	4268508
173	4119492
174	4041201
175	3968084
176	3841692
177	3633895
178	3354409
179	3056931
180	2761252
181	2488824
182	2261392
183	2070337
184	1921800
185	1811182
186	1717046
187	1626717
188	1528357
189	1419945
190	1297115
191	1174860
192	1057932
193	959564
194	877341
195	813866
196	756579
197	714994
198	676998
199	639875
200	595600
201	551778
202	503055
203	459770
204	421602
205	384561
206	356982
207	334176
208	313355
209	296464
210	277560
211	258603
212	237707
213	216655
214	197537
215	180555
216	165909
217	154202
218	144197
219	135833
220	125936
221	118433
222	109136
223	99796
224	91606
225	84057
226	76814
227	71249
228	66903
229	62615
230	59159
231	55356
232	51472
233	47701
234	44301
235	41353
236	38108
237	35803
238	37165
239	32205
240	27807
241	28278
242	24724
243	3482
244	3661
245	3204
246	235
247	261
248	235

