## htsjdk.samtools.metrics.StringHeader
# CollectInsertSizeMetrics  --Histogram_FILE pandisease.epifluidlab.cchmc.org/results/20200420-week-17/jhu-cfdna-frag/picard_metrics/EGAR00002027960.hg19.insert_size.pdf --INPUT pandisease.epifluidlab.cchmc.org/results/20200420-week-17/jhu-cfdna-frag/filtered_bam/EGAR00002027960.hg19.filtered.bam --OUTPUT pandisease.epifluidlab.cchmc.org/results/20200420-week-17/jhu-cfdna-frag/picard_metrics/EGAR00002027960.hg19.insert_size.txt  --DEVIATIONS 10.0 --MINIMUM_PCT 0.05 --METRIC_ACCUMULATION_LEVEL ALL_READS --INCLUDE_DUPLICATES false --ASSUME_SORTED true --STOP_AFTER 0 --VERBOSITY INFO --QUIET false --VALIDATION_STRINGENCY STRICT --COMPRESSION_LEVEL 5 --MAX_RECORDS_IN_RAM 500000 --CREATE_INDEX false --CREATE_MD5_FILE false --GA4GH_CLIENT_SECRETS client_secrets.json --help false --version false --showHidden false --USE_JDK_DEFLATER false --USE_JDK_INFLATER false
## htsjdk.samtools.metrics.StringHeader
# Started on: Sun May 03 15:37:48 UTC 2020

## METRICS CLASS	picard.analysis.InsertSizeMetrics
MEDIAN_INSERT_SIZE	MODE_INSERT_SIZE	MEDIAN_ABSOLUTE_DEVIATION	MIN_INSERT_SIZE	MAX_INSERT_SIZE	MEAN_INSERT_SIZE	STANDARD_DEVIATION	READ_PAIRS	PAIR_ORIENTATION	WIDTH_OF_10_PERCENT	WIDTH_OF_20_PERCENT	WIDTH_OF_30_PERCENT	WIDTH_OF_40_PERCENT	WIDTH_OF_50_PERCENT	WIDTH_OF_60_PERCENT	WIDTH_OF_70_PERCENT	WIDTH_OF_80_PERCENT	WIDTH_OF_90_PERCENT	WIDTH_OF_95_PERCENT	WIDTH_OF_99_PERCENT	SAMPLE	LIBRARY	READ_GROUP
169	167	11	90	251	169.364855	19.502933	31475516	FR	5	9	13	17	23	29	37	49	65	81	119			

## HISTOGRAM	java.lang.Integer
insert_size	All_Reads.fr_count
90	41
91	64
92	82
93	204
94	2290
95	2478
96	2621
97	2313
98	2602
99	6629
100	7015
101	8036
102	8166
103	8418
104	8514
105	8876
106	9350
107	10668
108	11593
109	12931
110	15054
111	16386
112	17316
113	16677
114	15969
115	16249
116	17665
117	19014
118	21506
119	25378
120	31612
121	40187
122	48155
123	47987
124	39092
125	32076
126	31501
127	34403
128	38378
129	44550
130	54352
131	70681
132	96148
133	122008
134	127705
135	112650
136	99820
137	104892
138	126673
139	161633
140	204635
141	238436
142	247596
143	246835
144	248317
145	253733
146	253135
147	257578
148	274734
149	300550
150	330876
151	366669
152	399532
153	399999
154	382606
155	378144
156	400818
157	444678
158	501593
159	560793
160	607289
161	633607
162	658758
163	709093
164	793635
165	873435
166	910729
167	914510
168	898765
169	868861
170	822715
171	775533
172	736635
173	718041
174	709534
175	704242
176	689728
177	662960
178	625598
179	582352
180	536228
181	491805
182	452210
183	419048
184	394298
185	378109
186	362518
187	347982
188	334317
189	314815
190	294229
191	269137
192	246091
193	224765
194	207530
195	193117
196	182026
197	174017
198	164847
199	157074
200	148093
201	138274
202	126923
203	116301
204	106224
205	97330
206	91267
207	84349
208	79933
209	75949
210	71594
211	66464
212	61547
213	56899
214	51665
215	47021
216	43531
217	40420
218	37579
219	35557
220	33386
221	31482
222	28455
223	26373
224	24135
225	22190
226	20543
227	18610
228	17366
229	16447
230	15482
231	14494
232	13372
233	12503
234	11426
235	10509
236	9711
237	9079
238	8606
239	8136
240	8338
241	7059
242	5962
243	5639
244	5266
245	4910
246	4695
247	4616
248	4076
249	1954
250	1990
251	1738

