## htsjdk.samtools.metrics.StringHeader
# CollectInsertSizeMetrics  --Histogram_FILE pandisease.epifluidlab.cchmc.org/results/20200420-week-17/jhu-cfdna-frag/picard_metrics/EGAR00002027949.hg19.insert_size.pdf --INPUT pandisease.epifluidlab.cchmc.org/results/20200420-week-17/jhu-cfdna-frag/filtered_bam/EGAR00002027949.hg19.filtered.bam --OUTPUT pandisease.epifluidlab.cchmc.org/results/20200420-week-17/jhu-cfdna-frag/picard_metrics/EGAR00002027949.hg19.insert_size.txt  --DEVIATIONS 10.0 --MINIMUM_PCT 0.05 --METRIC_ACCUMULATION_LEVEL ALL_READS --INCLUDE_DUPLICATES false --ASSUME_SORTED true --STOP_AFTER 0 --VERBOSITY INFO --QUIET false --VALIDATION_STRINGENCY STRICT --COMPRESSION_LEVEL 5 --MAX_RECORDS_IN_RAM 500000 --CREATE_INDEX false --CREATE_MD5_FILE false --GA4GH_CLIENT_SECRETS client_secrets.json --help false --version false --showHidden false --USE_JDK_DEFLATER false --USE_JDK_INFLATER false
## htsjdk.samtools.metrics.StringHeader
# Started on: Sun May 03 15:22:34 UTC 2020

## METRICS CLASS	picard.analysis.InsertSizeMetrics
MEDIAN_INSERT_SIZE	MODE_INSERT_SIZE	MEDIAN_ABSOLUTE_DEVIATION	MIN_INSERT_SIZE	MAX_INSERT_SIZE	MEAN_INSERT_SIZE	STANDARD_DEVIATION	READ_PAIRS	PAIR_ORIENTATION	WIDTH_OF_10_PERCENT	WIDTH_OF_20_PERCENT	WIDTH_OF_30_PERCENT	WIDTH_OF_40_PERCENT	WIDTH_OF_50_PERCENT	WIDTH_OF_60_PERCENT	WIDTH_OF_70_PERCENT	WIDTH_OF_80_PERCENT	WIDTH_OF_90_PERCENT	WIDTH_OF_95_PERCENT	WIDTH_OF_99_PERCENT	SAMPLE	LIBRARY	READ_GROUP
168	167	11	85	249	167.326374	20.124956	32627076	FR	5	9	13	17	23	31	39	51	67	85	121			

## HISTOGRAM	java.lang.Integer
insert_size	All_Reads.fr_count
85	2012
86	2035
87	1900
88	2567
89	3073
90	3038
91	3157
92	2765
93	2915
94	3500
95	3667
96	3966
97	3293
98	3548
99	8468
100	9928
101	10993
102	11447
103	11899
104	11944
105	11802
106	12526
107	14782
108	16236
109	18587
110	22822
111	26107
112	27426
113	25401
114	24706
115	25499
116	26719
117	29297
118	33511
119	39542
120	48995
121	63663
122	74327
123	75143
124	61767
125	51654
126	49211
127	52965
128	58409
129	67049
130	80198
131	101112
132	133289
133	165629
134	172452
135	153347
136	136491
137	139354
138	162490
139	200930
140	248406
141	287511
142	299758
143	297728
144	300593
145	306440
146	304052
147	305090
148	319435
149	342826
150	371997
151	408362
152	441745
153	444021
154	422697
155	417014
156	435224
157	473692
158	528598
159	584441
160	628118
161	655995
162	678176
163	724660
164	802780
165	876338
166	911050
167	914595
168	900042
169	871163
170	828159
171	780112
172	739060
173	719421
174	705853
175	697708
176	681047
177	652895
178	615598
179	570504
180	525293
181	481573
182	443009
183	410812
184	384478
185	364511
186	346566
187	331865
188	315144
189	296377
190	273822
191	252353
192	229237
193	209947
194	192229
195	177993
196	167397
197	158326
198	149262
199	142375
200	133530
201	124224
202	113926
203	104823
204	95215
205	87926
206	80960
207	76489
208	71098
209	67367
210	63508
211	58742
212	54408
213	49842
214	45559
215	42158
216	38428
217	35625
218	32916
219	31190
220	29092
221	27433
222	25306
223	23250
224	21131
225	19281
226	17701
227	16389
228	15262
229	14632
230	13552
231	12614
232	11798
233	10976
234	10051
235	9524
236	8575
237	8076
238	7599
239	7227
240	6997
241	6768
242	6284
243	5928
244	5763
245	6249
246	4912
247	4083
248	4008
249	3655

