## htsjdk.samtools.metrics.StringHeader
# CollectInsertSizeMetrics  --Histogram_FILE pandisease.epifluidlab.cchmc.org/results/20200420-week-17/jhu-cfdna-frag/picard_metrics/EGAR00002028082.hg19.insert_size.pdf --INPUT pandisease.epifluidlab.cchmc.org/results/20200420-week-17/jhu-cfdna-frag/filtered_bam/EGAR00002028082.hg19.filtered.bam --OUTPUT pandisease.epifluidlab.cchmc.org/results/20200420-week-17/jhu-cfdna-frag/picard_metrics/EGAR00002028082.hg19.insert_size.txt  --DEVIATIONS 10.0 --MINIMUM_PCT 0.05 --METRIC_ACCUMULATION_LEVEL ALL_READS --INCLUDE_DUPLICATES false --ASSUME_SORTED true --STOP_AFTER 0 --VERBOSITY INFO --QUIET false --VALIDATION_STRINGENCY STRICT --COMPRESSION_LEVEL 5 --MAX_RECORDS_IN_RAM 500000 --CREATE_INDEX false --CREATE_MD5_FILE false --GA4GH_CLIENT_SECRETS client_secrets.json --help false --version false --showHidden false --USE_JDK_DEFLATER false --USE_JDK_INFLATER false
## htsjdk.samtools.metrics.StringHeader
# Started on: Sun May 03 15:27:28 UTC 2020

## METRICS CLASS	picard.analysis.InsertSizeMetrics
MEDIAN_INSERT_SIZE	MODE_INSERT_SIZE	MEDIAN_ABSOLUTE_DEVIATION	MIN_INSERT_SIZE	MAX_INSERT_SIZE	MEAN_INSERT_SIZE	STANDARD_DEVIATION	READ_PAIRS	PAIR_ORIENTATION	WIDTH_OF_10_PERCENT	WIDTH_OF_20_PERCENT	WIDTH_OF_30_PERCENT	WIDTH_OF_40_PERCENT	WIDTH_OF_50_PERCENT	WIDTH_OF_60_PERCENT	WIDTH_OF_70_PERCENT	WIDTH_OF_80_PERCENT	WIDTH_OF_90_PERCENT	WIDTH_OF_95_PERCENT	WIDTH_OF_99_PERCENT	SAMPLE	LIBRARY	READ_GROUP
167	166	11	84	248	166.437678	19.717039	33305594	FR	5	9	13	17	23	29	39	49	67	83	119			

## HISTOGRAM	java.lang.Integer
insert_size	All_Reads.fr_count
84	2275
85	1928
86	1964
87	1694
88	2277
89	2741
90	2861
91	2972
92	2503
93	2530
94	3364
95	3413
96	3729
97	3080
98	3306
99	8756
100	10407
101	11053
102	11893
103	11897
104	12149
105	12201
106	12829
107	15218
108	16715
109	19281
110	23501
111	26615
112	27807
113	26639
114	25883
115	26793
116	28690
117	31180
118	35681
119	41553
120	51614
121	66078
122	78625
123	77040
124	63594
125	53145
126	51821
127	55699
128	61410
129	70233
130	84717
131	106168
132	140305
133	171724
134	178389
135	159966
136	143837
137	151426
138	179206
139	223275
140	272079
141	310117
142	324696
143	323629
144	327080
145	330698
146	330209
147	334078
148	348367
149	372280
150	398641
151	428488
152	454375
153	452955
154	435529
155	432969
156	456824
157	499550
158	552313
159	608920
160	651547
161	681415
162	710951
163	766919
164	857765
165	941231
166	971963
167	962277
168	940266
169	908278
170	861602
171	812126
172	769305
173	747670
174	734552
175	721384
176	701638
177	660351
178	613752
179	562800
180	510725
181	462559
182	423970
183	390841
184	365395
185	345821
186	330551
187	314416
188	297226
189	277965
190	253975
191	231536
192	210551
193	191849
194	176301
195	162698
196	152978
197	144207
198	137143
199	129999
200	121519
201	111822
202	102951
203	93896
204	86257
205	78493
206	73243
207	68243
208	64039
209	60051
210	56065
211	52400
212	48354
213	44285
214	40270
215	36845
216	34146
217	30845
218	29243
219	27323
220	25840
221	24066
222	22163
223	19974
224	18560
225	17002
226	15659
227	14679
228	13520
229	12703
230	11927
231	11321
232	10355
233	9906
234	9135
235	8293
236	7580
237	7114
238	6909
239	6503
240	6341
241	6118
242	5733
243	5484
244	5949
245	4696
246	3409
247	3319
248	3101

