## htsjdk.samtools.metrics.StringHeader
# CollectInsertSizeMetrics  --Histogram_FILE pandisease.epifluidlab.cchmc.org/results/20200420-week-17/jhu-cfdna-frag/picard_metrics/EGAR00002028021.hg19.insert_size.pdf --INPUT pandisease.epifluidlab.cchmc.org/results/20200420-week-17/jhu-cfdna-frag/filtered_bam/EGAR00002028021.hg19.filtered.bam --OUTPUT pandisease.epifluidlab.cchmc.org/results/20200420-week-17/jhu-cfdna-frag/picard_metrics/EGAR00002028021.hg19.insert_size.txt  --DEVIATIONS 10.0 --MINIMUM_PCT 0.05 --METRIC_ACCUMULATION_LEVEL ALL_READS --INCLUDE_DUPLICATES false --ASSUME_SORTED true --STOP_AFTER 0 --VERBOSITY INFO --QUIET false --VALIDATION_STRINGENCY STRICT --COMPRESSION_LEVEL 5 --MAX_RECORDS_IN_RAM 500000 --CREATE_INDEX false --CREATE_MD5_FILE false --GA4GH_CLIENT_SECRETS client_secrets.json --help false --version false --showHidden false --USE_JDK_DEFLATER false --USE_JDK_INFLATER false
## htsjdk.samtools.metrics.StringHeader
# Started on: Sun May 03 05:24:43 UTC 2020

## METRICS CLASS	picard.analysis.InsertSizeMetrics
MEDIAN_INSERT_SIZE	MODE_INSERT_SIZE	MEDIAN_ABSOLUTE_DEVIATION	MIN_INSERT_SIZE	MAX_INSERT_SIZE	MEAN_INSERT_SIZE	STANDARD_DEVIATION	READ_PAIRS	PAIR_ORIENTATION	WIDTH_OF_10_PERCENT	WIDTH_OF_20_PERCENT	WIDTH_OF_30_PERCENT	WIDTH_OF_40_PERCENT	WIDTH_OF_50_PERCENT	WIDTH_OF_60_PERCENT	WIDTH_OF_70_PERCENT	WIDTH_OF_80_PERCENT	WIDTH_OF_90_PERCENT	WIDTH_OF_95_PERCENT	WIDTH_OF_99_PERCENT	SAMPLE	LIBRARY	READ_GROUP
168	166	11	88	249	167.296724	19.479237	189017316	FR	5	9	13	17	23	29	37	49	65	83	119			

## HISTOGRAM	java.lang.Integer
insert_size	All_Reads.fr_count
88	560
89	670
90	606
91	5183
92	11201
93	11825
94	12473
95	12709
96	14647
97	13825
98	14763
99	51677
100	59550
101	65460
102	70882
103	74913
104	75847
105	77239
106	83922
107	94119
108	104616
109	122994
110	145202
111	163250
112	167811
113	155906
114	147870
115	151642
116	165562
117	184014
118	202789
119	229514
120	274976
121	346731
122	402530
123	393122
124	326382
125	280680
126	274154
127	294632
128	325380
129	369477
130	437270
131	546414
132	703830
133	860246
134	890226
135	803498
136	737384
137	783457
138	924887
139	1133368
140	1365608
141	1541625
142	1599960
143	1600379
144	1630212
145	1667856
146	1684482
147	1733202
148	1835935
149	1967451
150	2114453
151	2282104
152	2418759
153	2428218
154	2355750
155	2381124
156	2531857
157	2798216
158	3116880
159	3430168
160	3662951
161	3823312
162	4009681
163	4372485
164	4933890
165	5446767
166	5649471
167	5617121
168	5456990
169	5233299
170	4952663
171	4667832
172	4441705
173	4329194
174	4284156
175	4248646
176	4148044
177	3943875
178	3669603
179	3366222
180	3067504
181	2788934
182	2556087
183	2363115
184	2215958
185	2110300
186	2012976
187	1920268
188	1812506
189	1683141
190	1541636
191	1399750
192	1268255
193	1154668
194	1059901
195	984508
196	921315
197	870460
198	821572
199	771825
200	719054
201	659688
202	600083
203	547619
204	500061
205	458785
206	424802
207	396321
208	372314
209	349433
210	325549
211	300969
212	276836
213	253677
214	230551
215	212256
216	195678
217	180450
218	169083
219	158205
220	147181
221	136967
222	127366
223	117528
224	107839
225	98086
226	90277
227	83541
228	78386
229	73660
230	69730
231	64672
232	60801
233	56319
234	51994
235	48166
236	45323
237	42622
238	40713
239	39500
240	38263
241	36376
242	35423
243	33738
244	35610
245	33833
246	18735
247	1499
248	1816
249	1228

