## htsjdk.samtools.metrics.StringHeader
# CollectInsertSizeMetrics  --Histogram_FILE pandisease.epifluidlab.cchmc.org/results/20200420-week-17/jhu-cfdna-frag/picard_metrics/EGAR00002028071.hg19.insert_size.pdf --INPUT pandisease.epifluidlab.cchmc.org/results/20200420-week-17/jhu-cfdna-frag/filtered_bam/EGAR00002028071.hg19.filtered.bam --OUTPUT pandisease.epifluidlab.cchmc.org/results/20200420-week-17/jhu-cfdna-frag/picard_metrics/EGAR00002028071.hg19.insert_size.txt  --DEVIATIONS 10.0 --MINIMUM_PCT 0.05 --METRIC_ACCUMULATION_LEVEL ALL_READS --INCLUDE_DUPLICATES false --ASSUME_SORTED true --STOP_AFTER 0 --VERBOSITY INFO --QUIET false --VALIDATION_STRINGENCY STRICT --COMPRESSION_LEVEL 5 --MAX_RECORDS_IN_RAM 500000 --CREATE_INDEX false --CREATE_MD5_FILE false --GA4GH_CLIENT_SECRETS client_secrets.json --help false --version false --showHidden false --USE_JDK_DEFLATER false --USE_JDK_INFLATER false
## htsjdk.samtools.metrics.StringHeader
# Started on: Sun May 03 05:44:59 UTC 2020

## METRICS CLASS	picard.analysis.InsertSizeMetrics
MEDIAN_INSERT_SIZE	MODE_INSERT_SIZE	MEDIAN_ABSOLUTE_DEVIATION	MIN_INSERT_SIZE	MAX_INSERT_SIZE	MEAN_INSERT_SIZE	STANDARD_DEVIATION	READ_PAIRS	PAIR_ORIENTATION	WIDTH_OF_10_PERCENT	WIDTH_OF_20_PERCENT	WIDTH_OF_30_PERCENT	WIDTH_OF_40_PERCENT	WIDTH_OF_50_PERCENT	WIDTH_OF_60_PERCENT	WIDTH_OF_70_PERCENT	WIDTH_OF_80_PERCENT	WIDTH_OF_90_PERCENT	WIDTH_OF_95_PERCENT	WIDTH_OF_99_PERCENT	SAMPLE	LIBRARY	READ_GROUP
166	166	11	89	243	165.342831	18.866827	193466557	FR	5	7	13	17	23	29	37	47	63	79	113			

## HISTOGRAM	java.lang.Integer
insert_size	All_Reads.fr_count
89	10388
90	12323
91	11665
92	11230
93	12412
94	13074
95	14296
96	15941
97	14231
98	15471
99	45873
100	52166
101	60242
102	65355
103	68252
104	68535
105	69143
106	74599
107	83990
108	97066
109	112130
110	135446
111	154121
112	157986
113	145783
114	137960
115	145229
116	159844
117	178103
118	198807
119	228989
120	284869
121	369335
122	437841
123	431079
124	355241
125	298313
126	294692
127	321870
128	363187
129	418885
130	507160
131	647889
132	852404
133	1050082
134	1091909
135	982592
136	901730
137	962160
138	1133271
139	1381804
140	1661258
141	1875163
142	1943791
143	1937946
144	1955711
145	1985882
146	1999440
147	2045866
148	2157616
149	2301674
150	2453367
151	2628251
152	2776964
153	2780725
154	2695799
155	2709779
156	2869809
157	3129230
158	3453314
159	3771257
160	4016493
161	4187379
162	4394986
163	4789947
164	5391275
165	5898823
166	6043928
167	5937526
168	5709049
169	5420833
170	5076585
171	4726498
172	4447945
173	4278035
174	4172259
175	4058368
176	3894298
177	3643407
178	3344124
179	3037719
180	2744275
181	2476496
182	2250260
183	2066510
184	1922457
185	1814672
186	1710440
187	1622991
188	1528072
189	1418440
190	1303785
191	1190304
192	1083384
193	991762
194	911754
195	848654
196	796669
197	750057
198	708174
199	660504
200	615988
201	567218
202	515791
203	470297
204	426629
205	389460
206	360555
207	332709
208	309384
209	288253
210	267341
211	245045
212	224361
213	204167
214	185065
215	168764
216	154627
217	141158
218	131671
219	122834
220	114268
221	105846
222	97288
223	88509
224	80110
225	73198
226	66475
227	61965
228	57853
229	55196
230	51147
231	47769
232	44242
233	41290
234	38525
235	35572
236	32734
237	30902
238	29832
239	29373
240	28375
241	25476
242	29251
243	21102

