## htsjdk.samtools.metrics.StringHeader
# CollectInsertSizeMetrics  --Histogram_FILE pandisease.epifluidlab.cchmc.org/results/20200420-week-17/jhu-cfdna-frag/picard_metrics/EGAR00002028057.hg19.insert_size.pdf --INPUT pandisease.epifluidlab.cchmc.org/results/20200420-week-17/jhu-cfdna-frag/filtered_bam/EGAR00002028057.hg19.filtered.bam --OUTPUT pandisease.epifluidlab.cchmc.org/results/20200420-week-17/jhu-cfdna-frag/picard_metrics/EGAR00002028057.hg19.insert_size.txt  --DEVIATIONS 10.0 --MINIMUM_PCT 0.05 --METRIC_ACCUMULATION_LEVEL ALL_READS --INCLUDE_DUPLICATES false --ASSUME_SORTED true --STOP_AFTER 0 --VERBOSITY INFO --QUIET false --VALIDATION_STRINGENCY STRICT --COMPRESSION_LEVEL 5 --MAX_RECORDS_IN_RAM 500000 --CREATE_INDEX false --CREATE_MD5_FILE false --GA4GH_CLIENT_SECRETS client_secrets.json --help false --version false --showHidden false --USE_JDK_DEFLATER false --USE_JDK_INFLATER false
## htsjdk.samtools.metrics.StringHeader
# Started on: Sun May 03 01:54:07 UTC 2020

## METRICS CLASS	picard.analysis.InsertSizeMetrics
MEDIAN_INSERT_SIZE	MODE_INSERT_SIZE	MEDIAN_ABSOLUTE_DEVIATION	MIN_INSERT_SIZE	MAX_INSERT_SIZE	MEAN_INSERT_SIZE	STANDARD_DEVIATION	READ_PAIRS	PAIR_ORIENTATION	WIDTH_OF_10_PERCENT	WIDTH_OF_20_PERCENT	WIDTH_OF_30_PERCENT	WIDTH_OF_40_PERCENT	WIDTH_OF_50_PERCENT	WIDTH_OF_60_PERCENT	WIDTH_OF_70_PERCENT	WIDTH_OF_80_PERCENT	WIDTH_OF_90_PERCENT	WIDTH_OF_95_PERCENT	WIDTH_OF_99_PERCENT	SAMPLE	LIBRARY	READ_GROUP
167	166	11	88	249	167.039666	19.250957	50593470	FR	5	7	13	17	23	29	37	47	65	81	119			

## HISTOGRAM	java.lang.Integer
insert_size	All_Reads.fr_count
88	1924
89	2019
90	2016
91	2273
92	3100
93	3576
94	3962
95	4297
96	4340
97	3726
98	4475
99	12364
100	13462
101	14031
102	14500
103	14851
104	15601
105	16193
106	16941
107	19164
108	20896
109	23491
110	28203
111	31533
112	33042
113	30646
114	29220
115	29981
116	32039
117	36354
118	41211
119	47681
120	58964
121	77111
122	92847
123	92166
124	75060
125	62571
126	61706
127	66664
128	75118
129	87867
130	107217
131	140595
132	188116
133	234981
134	247917
135	222019
136	198819
137	210074
138	253532
139	316682
140	392291
141	452764
142	471834
143	470959
144	475846
145	483557
146	483687
147	490316
148	515042
149	552214
150	597474
151	651343
152	697087
153	698136
154	671238
155	672639
156	713036
157	787642
158	876687
159	968669
160	1038098
161	1082834
162	1130980
163	1225664
164	1372153
165	1505071
166	1557198
167	1546643
168	1502479
169	1436693
170	1352345
171	1260838
172	1185410
173	1139229
174	1111291
175	1083791
176	1045727
177	986471
178	915014
179	839910
180	767427
181	695162
182	630830
183	581643
184	538187
185	509001
186	482222
187	458856
188	434512
189	405949
190	375788
191	342434
192	311146
193	284337
194	260681
195	242442
196	227199
197	215266
198	206907
199	196030
200	185359
201	172607
202	159319
203	146220
204	134706
205	123586
206	116244
207	108836
208	102683
209	97434
210	91782
211	86063
212	79780
213	72539
214	66815
215	61552
216	57027
217	52824
218	49872
219	46757
220	43712
221	40824
222	38022
223	35325
224	32705
225	29807
226	27113
227	25488
228	23707
229	22697
230	21590
231	20127
232	18658
233	17619
234	16245
235	15355
236	14255
237	13474
238	13305
239	12163
240	11244
241	11975
242	10161
243	8112
244	8055
245	7416
246	4186
247	1521
248	1646
249	1501

