## htsjdk.samtools.metrics.StringHeader
# CollectInsertSizeMetrics  --Histogram_FILE pandisease.epifluidlab.cchmc.org/results/20200420-week-17/jhu-cfdna-frag/picard_metrics/EGAR00002027956.hg19.insert_size.pdf --INPUT pandisease.epifluidlab.cchmc.org/results/20200420-week-17/jhu-cfdna-frag/filtered_bam/EGAR00002027956.hg19.filtered.bam --OUTPUT pandisease.epifluidlab.cchmc.org/results/20200420-week-17/jhu-cfdna-frag/picard_metrics/EGAR00002027956.hg19.insert_size.txt  --DEVIATIONS 10.0 --MINIMUM_PCT 0.05 --METRIC_ACCUMULATION_LEVEL ALL_READS --INCLUDE_DUPLICATES false --ASSUME_SORTED true --STOP_AFTER 0 --VERBOSITY INFO --QUIET false --VALIDATION_STRINGENCY STRICT --COMPRESSION_LEVEL 5 --MAX_RECORDS_IN_RAM 500000 --CREATE_INDEX false --CREATE_MD5_FILE false --GA4GH_CLIENT_SECRETS client_secrets.json --help false --version false --showHidden false --USE_JDK_DEFLATER false --USE_JDK_INFLATER false
## htsjdk.samtools.metrics.StringHeader
# Started on: Sun May 03 15:37:30 UTC 2020

## METRICS CLASS	picard.analysis.InsertSizeMetrics
MEDIAN_INSERT_SIZE	MODE_INSERT_SIZE	MEDIAN_ABSOLUTE_DEVIATION	MIN_INSERT_SIZE	MAX_INSERT_SIZE	MEAN_INSERT_SIZE	STANDARD_DEVIATION	READ_PAIRS	PAIR_ORIENTATION	WIDTH_OF_10_PERCENT	WIDTH_OF_20_PERCENT	WIDTH_OF_30_PERCENT	WIDTH_OF_40_PERCENT	WIDTH_OF_50_PERCENT	WIDTH_OF_60_PERCENT	WIDTH_OF_70_PERCENT	WIDTH_OF_80_PERCENT	WIDTH_OF_90_PERCENT	WIDTH_OF_95_PERCENT	WIDTH_OF_99_PERCENT	SAMPLE	LIBRARY	READ_GROUP
168	167	11	86	254	168.066955	19.931425	29776696	FR	5	9	13	17	23	31	39	49	67	83	123			

## HISTOGRAM	java.lang.Integer
insert_size	All_Reads.fr_count
86	2036
87	1641
88	2111
89	2485
90	2476
91	2873
92	2584
93	2638
94	2751
95	2893
96	3354
97	3020
98	3267
99	7380
100	7722
101	8375
102	8729
103	9316
104	9363
105	9402
106	9908
107	10883
108	11769
109	13947
110	16679
111	17981
112	18660
113	17457
114	16704
115	17384
116	19386
117	21214
118	24090
119	27544
120	34896
121	44994
122	52676
123	52246
124	44043
125	36964
126	35770
127	39408
128	44344
129	51040
130	62757
131	80072
132	106087
133	131747
134	137201
135	124756
136	114406
137	121923
138	144256
139	180393
140	225481
141	259020
142	266602
143	262844
144	265956
145	274970
146	284427
147	293259
148	304239
149	319520
150	338677
151	366949
152	391551
153	390367
154	372613
155	370199
156	392287
157	435760
158	488648
159	541363
160	581758
161	603565
162	622641
163	668166
164	741912
165	813680
166	848679
167	855134
168	838692
169	808589
170	767972
171	722834
172	683498
173	664278
174	653098
175	642811
176	627879
177	601708
178	562840
179	523349
180	480312
181	439044
182	401443
183	372673
184	349283
185	332570
186	317293
187	303746
188	289782
189	273744
190	252127
191	231168
192	211431
193	193337
194	177773
195	165774
196	155720
197	148734
198	141162
199	134683
200	126801
201	118756
202	108891
203	100007
204	91898
205	83981
206	78701
207	72858
208	68891
209	65573
210	61995
211	57709
212	53803
213	49361
214	44896
215	41724
216	37759
217	35111
218	32752
219	31110
220	29381
221	27324
222	26033
223	23340
224	21738
225	19742
226	18524
227	16742
228	15933
229	15118
230	14052
231	13060
232	12380
233	11583
234	10782
235	9740
236	9076
237	8544
238	8229
239	7848
240	7807
241	7174
242	6948
243	6611
244	6346
245	6273
246	6388
247	5486
248	4460
249	4528
250	3944
251	423
252	342
253	339
254	266

