## htsjdk.samtools.metrics.StringHeader
# CollectInsertSizeMetrics  --Histogram_FILE pandisease.epifluidlab.cchmc.org/results/20200420-week-17/jhu-cfdna-frag/picard_metrics/EGAR00002027940.hg19.insert_size.pdf --INPUT pandisease.epifluidlab.cchmc.org/results/20200420-week-17/jhu-cfdna-frag/filtered_bam/EGAR00002027940.hg19.filtered.bam --OUTPUT pandisease.epifluidlab.cchmc.org/results/20200420-week-17/jhu-cfdna-frag/picard_metrics/EGAR00002027940.hg19.insert_size.txt  --DEVIATIONS 10.0 --MINIMUM_PCT 0.05 --METRIC_ACCUMULATION_LEVEL ALL_READS --INCLUDE_DUPLICATES false --ASSUME_SORTED true --STOP_AFTER 0 --VERBOSITY INFO --QUIET false --VALIDATION_STRINGENCY STRICT --COMPRESSION_LEVEL 5 --MAX_RECORDS_IN_RAM 500000 --CREATE_INDEX false --CREATE_MD5_FILE false --GA4GH_CLIENT_SECRETS client_secrets.json --help false --version false --showHidden false --USE_JDK_DEFLATER false --USE_JDK_INFLATER false
## htsjdk.samtools.metrics.StringHeader
# Started on: Sun May 03 14:46:20 UTC 2020

## METRICS CLASS	picard.analysis.InsertSizeMetrics
MEDIAN_INSERT_SIZE	MODE_INSERT_SIZE	MEDIAN_ABSOLUTE_DEVIATION	MIN_INSERT_SIZE	MAX_INSERT_SIZE	MEAN_INSERT_SIZE	STANDARD_DEVIATION	READ_PAIRS	PAIR_ORIENTATION	WIDTH_OF_10_PERCENT	WIDTH_OF_20_PERCENT	WIDTH_OF_30_PERCENT	WIDTH_OF_40_PERCENT	WIDTH_OF_50_PERCENT	WIDTH_OF_60_PERCENT	WIDTH_OF_70_PERCENT	WIDTH_OF_80_PERCENT	WIDTH_OF_90_PERCENT	WIDTH_OF_95_PERCENT	WIDTH_OF_99_PERCENT	SAMPLE	LIBRARY	READ_GROUP
166	166	11	86	247	165.715831	19.551884	39398587	FR	5	7	13	17	23	29	37	49	65	83	119			

## HISTOGRAM	java.lang.Integer
insert_size	All_Reads.fr_count
86	7
87	1955
88	2252
89	2404
90	3270
91	3112
92	2801
93	3030
94	3189
95	3364
96	4170
97	3467
98	3797
99	12804
100	13813
101	15869
102	16294
103	16801
104	17130
105	17261
106	18217
107	20261
108	22623
109	25840
110	30996
111	34305
112	35013
113	32346
114	30397
115	31843
116	34285
117	37408
118	41727
119	47593
120	59158
121	75973
122	90058
123	88654
124	72072
125	59579
126	58294
127	62694
128	69854
129	80132
130	97559
131	127196
132	170500
133	211533
134	220004
135	196356
136	177155
137	186728
138	221845
139	273520
140	336751
141	382375
142	395755
143	393323
144	397646
145	403726
146	404590
147	409009
148	428998
149	456481
150	490112
151	530996
152	564511
153	563231
154	542804
155	545581
156	575181
157	633814
158	704707
159	769328
160	819581
161	850507
162	888725
163	965265
164	1082063
165	1185528
166	1220285
167	1199376
168	1150016
169	1088065
170	1016065
171	945947
172	887331
173	851773
174	825203
175	805335
176	771830
177	725397
178	670899
179	612675
180	557001
181	503274
182	458344
183	421221
184	390206
185	368270
186	347805
187	330882
188	313511
189	292538
190	270182
191	247061
192	223887
193	203894
194	187356
195	174724
196	163792
197	155761
198	149533
199	141684
200	134315
201	125250
202	114820
203	105619
204	97007
205	88637
206	83057
207	77817
208	73442
209	70140
210	65792
211	61461
212	57195
213	52409
214	47772
215	43367
216	40188
217	37312
218	35048
219	32982
220	30445
221	29177
222	26980
223	24745
224	22730
225	20869
226	19275
227	17904
228	16953
229	15930
230	15003
231	14056
232	13009
233	12086
234	11344
235	10571
236	10021
237	9521
238	8761
239	8595
240	9135
241	7637
242	6148
243	6201
244	5803
245	636
246	633
247	570

