## htsjdk.samtools.metrics.StringHeader
# CollectInsertSizeMetrics  --Histogram_FILE pandisease.epifluidlab.cchmc.org/results/20200420-week-17/jhu-cfdna-frag/picard_metrics/EGAR00002028040.hg19.insert_size.pdf --INPUT pandisease.epifluidlab.cchmc.org/results/20200420-week-17/jhu-cfdna-frag/filtered_bam/EGAR00002028040.hg19.filtered.bam --OUTPUT pandisease.epifluidlab.cchmc.org/results/20200420-week-17/jhu-cfdna-frag/picard_metrics/EGAR00002028040.hg19.insert_size.txt  --DEVIATIONS 10.0 --MINIMUM_PCT 0.05 --METRIC_ACCUMULATION_LEVEL ALL_READS --INCLUDE_DUPLICATES false --ASSUME_SORTED true --STOP_AFTER 0 --VERBOSITY INFO --QUIET false --VALIDATION_STRINGENCY STRICT --COMPRESSION_LEVEL 5 --MAX_RECORDS_IN_RAM 500000 --CREATE_INDEX false --CREATE_MD5_FILE false --GA4GH_CLIENT_SECRETS client_secrets.json --help false --version false --showHidden false --USE_JDK_DEFLATER false --USE_JDK_INFLATER false
## htsjdk.samtools.metrics.StringHeader
# Started on: Sun May 03 15:08:51 UTC 2020

## METRICS CLASS	picard.analysis.InsertSizeMetrics
MEDIAN_INSERT_SIZE	MODE_INSERT_SIZE	MEDIAN_ABSOLUTE_DEVIATION	MIN_INSERT_SIZE	MAX_INSERT_SIZE	MEAN_INSERT_SIZE	STANDARD_DEVIATION	READ_PAIRS	PAIR_ORIENTATION	WIDTH_OF_10_PERCENT	WIDTH_OF_20_PERCENT	WIDTH_OF_30_PERCENT	WIDTH_OF_40_PERCENT	WIDTH_OF_50_PERCENT	WIDTH_OF_60_PERCENT	WIDTH_OF_70_PERCENT	WIDTH_OF_80_PERCENT	WIDTH_OF_90_PERCENT	WIDTH_OF_95_PERCENT	WIDTH_OF_99_PERCENT	SAMPLE	LIBRARY	READ_GROUP
166	166	11	80	251	165.227884	20.366478	35814564	FR	5	9	13	19	23	31	39	51	67	87	123			

## HISTOGRAM	java.lang.Integer
insert_size	All_Reads.fr_count
80	1934
81	1817
82	1844
83	2025
84	2354
85	2329
86	2720
87	2200
88	2623
89	2815
90	3354
91	3361
92	3121
93	3246
94	3520
95	3525
96	3684
97	3832
98	4024
99	14878
100	16575
101	18540
102	18989
103	20298
104	20623
105	20561
106	22040
107	24710
108	27029
109	31595
110	38187
111	43858
112	45348
113	41404
114	38431
115	39388
116	41588
117	45219
118	51384
119	59517
120	72978
121	92675
122	108861
123	106487
124	87451
125	72287
126	69421
127	73229
128	80000
129	90541
130	108328
131	134934
132	173831
133	213713
134	221366
135	196745
136	175626
137	180745
138	210183
139	256014
140	309203
141	350467
142	362004
143	358440
144	362195
145	366548
146	365440
147	370239
148	386635
149	409824
150	436121
151	468165
152	493881
153	492355
154	471763
155	466742
156	488450
157	534350
158	589811
159	649620
160	696516
161	725843
162	753064
163	815107
164	909890
165	995046
166	1028487
167	1025848
168	999460
169	959831
170	908228
171	849883
172	803061
173	779661
174	764488
175	754525
176	732361
177	696629
178	644229
179	586330
180	534050
181	482712
182	440967
183	404531
184	377372
185	355113
186	337013
187	320927
188	300633
189	280143
190	257217
191	232947
192	210578
193	190749
194	174961
195	162252
196	151543
197	143477
198	134699
199	127119
200	118608
201	109848
202	99939
203	91654
204	83899
205	77031
206	71305
207	67159
208	62768
209	58772
210	55383
211	51513
212	47517
213	43554
214	39981
215	36758
216	33573
217	31018
218	29230
219	27360
220	25689
221	24009
222	22394
223	20780
224	18985
225	17307
226	15950
227	14991
228	14095
229	13311
230	12727
231	11667
232	10854
233	10242
234	9675
235	9139
236	8436
237	7988
238	7463
239	7456
240	7264
241	6979
242	6848
243	6604
244	6273
245	6152
246	6114
247	6398
248	1185
249	519
250	448
251	104

