## htsjdk.samtools.metrics.StringHeader
# CollectInsertSizeMetrics  --Histogram_FILE pandisease.epifluidlab.cchmc.org/results/20200420-week-17/jhu-cfdna-frag/picard_metrics/EGAR00002027982.hg19.insert_size.pdf --INPUT pandisease.epifluidlab.cchmc.org/results/20200420-week-17/jhu-cfdna-frag/filtered_bam/EGAR00002027982.hg19.filtered.bam --OUTPUT pandisease.epifluidlab.cchmc.org/results/20200420-week-17/jhu-cfdna-frag/picard_metrics/EGAR00002027982.hg19.insert_size.txt  --DEVIATIONS 10.0 --MINIMUM_PCT 0.05 --METRIC_ACCUMULATION_LEVEL ALL_READS --INCLUDE_DUPLICATES false --ASSUME_SORTED true --STOP_AFTER 0 --VERBOSITY INFO --QUIET false --VALIDATION_STRINGENCY STRICT --COMPRESSION_LEVEL 5 --MAX_RECORDS_IN_RAM 500000 --CREATE_INDEX false --CREATE_MD5_FILE false --GA4GH_CLIENT_SECRETS client_secrets.json --help false --version false --showHidden false --USE_JDK_DEFLATER false --USE_JDK_INFLATER false
## htsjdk.samtools.metrics.StringHeader
# Started on: Sun May 03 06:15:25 UTC 2020

## METRICS CLASS	picard.analysis.InsertSizeMetrics
MEDIAN_INSERT_SIZE	MODE_INSERT_SIZE	MEDIAN_ABSOLUTE_DEVIATION	MIN_INSERT_SIZE	MAX_INSERT_SIZE	MEAN_INSERT_SIZE	STANDARD_DEVIATION	READ_PAIRS	PAIR_ORIENTATION	WIDTH_OF_10_PERCENT	WIDTH_OF_20_PERCENT	WIDTH_OF_30_PERCENT	WIDTH_OF_40_PERCENT	WIDTH_OF_50_PERCENT	WIDTH_OF_60_PERCENT	WIDTH_OF_70_PERCENT	WIDTH_OF_80_PERCENT	WIDTH_OF_90_PERCENT	WIDTH_OF_95_PERCENT	WIDTH_OF_99_PERCENT	SAMPLE	LIBRARY	READ_GROUP
170	167	10	89	258	171.197344	19.409869	43241110	FR	5	9	13	17	21	29	37	47	65	81	121			

## HISTOGRAM	java.lang.Integer
insert_size	All_Reads.fr_count
89	5
90	19
91	18
92	18
93	227
94	277
95	279
96	3064
97	2489
98	2737
99	6564
100	6915
101	7338
102	7516
103	7659
104	8625
105	8536
106	9119
107	10222
108	10827
109	12130
110	15097
111	16562
112	17798
113	16631
114	16435
115	16572
116	18576
117	20406
118	23408
119	26857
120	32482
121	40727
122	48525
123	49013
124	42506
125	37159
126	37342
127	41028
128	45598
129	53349
130	65127
131	81173
132	103498
133	128709
134	136316
135	126680
136	117314
137	123827
138	144878
139	180079
140	221172
141	255608
142	272409
143	281423
144	292782
145	305937
146	314189
147	327265
148	349134
149	375922
150	406497
151	442088
152	474994
153	485208
154	476376
155	479723
156	505768
157	553834
158	619590
159	693374
160	756250
161	804120
162	851317
163	930146
164	1049658
165	1165654
166	1230238
167	1250250
168	1246503
169	1225354
170	1187789
171	1138447
172	1096382
173	1077802
174	1074447
175	1073953
176	1054428
177	1007680
178	943921
179	870276
180	798241
181	730752
182	674454
183	627525
184	589809
185	561915
186	535435
187	510310
188	484535
189	455529
190	420305
191	386073
192	353311
193	324172
194	300529
195	281235
196	264692
197	252671
198	240933
199	228344
200	215372
201	201032
202	185180
203	170238
204	157437
205	146631
206	136268
207	128532
208	121622
209	114819
210	108913
211	102259
212	95559
213	87748
214	80925
215	74037
216	68837
217	63779
218	60529
219	56673
220	54020
221	50934
222	46837
223	43367
224	39893
225	36997
226	34481
227	31950
228	29982
229	28560
230	26643
231	24980
232	23438
233	21903
234	20068
235	18801
236	17487
237	16443
238	15772
239	14861
240	14385
241	13921
242	14746
243	12260
244	10091
245	9799
246	9310
247	8820
248	8559
249	8063
250	7923
251	7747
252	7656
253	7831
254	7246
255	589
256	630
257	674
258	119

