## htsjdk.samtools.metrics.StringHeader
# CollectInsertSizeMetrics  --Histogram_FILE pandisease.epifluidlab.cchmc.org/results/20200420-week-17/jhu-cfdna-frag/picard_metrics/EGAR00002027915.hg19.insert_size.pdf --INPUT pandisease.epifluidlab.cchmc.org/results/20200420-week-17/jhu-cfdna-frag/filtered_bam/EGAR00002027915.hg19.filtered.bam --OUTPUT pandisease.epifluidlab.cchmc.org/results/20200420-week-17/jhu-cfdna-frag/picard_metrics/EGAR00002027915.hg19.insert_size.txt  --DEVIATIONS 10.0 --MINIMUM_PCT 0.05 --METRIC_ACCUMULATION_LEVEL ALL_READS --INCLUDE_DUPLICATES false --ASSUME_SORTED true --STOP_AFTER 0 --VERBOSITY INFO --QUIET false --VALIDATION_STRINGENCY STRICT --COMPRESSION_LEVEL 5 --MAX_RECORDS_IN_RAM 500000 --CREATE_INDEX false --CREATE_MD5_FILE false --GA4GH_CLIENT_SECRETS client_secrets.json --help false --version false --showHidden false --USE_JDK_DEFLATER false --USE_JDK_INFLATER false
## htsjdk.samtools.metrics.StringHeader
# Started on: Sun May 03 01:29:32 UTC 2020

## METRICS CLASS	picard.analysis.InsertSizeMetrics
MEDIAN_INSERT_SIZE	MODE_INSERT_SIZE	MEDIAN_ABSOLUTE_DEVIATION	MIN_INSERT_SIZE	MAX_INSERT_SIZE	MEAN_INSERT_SIZE	STANDARD_DEVIATION	READ_PAIRS	PAIR_ORIENTATION	WIDTH_OF_10_PERCENT	WIDTH_OF_20_PERCENT	WIDTH_OF_30_PERCENT	WIDTH_OF_40_PERCENT	WIDTH_OF_50_PERCENT	WIDTH_OF_60_PERCENT	WIDTH_OF_70_PERCENT	WIDTH_OF_80_PERCENT	WIDTH_OF_90_PERCENT	WIDTH_OF_95_PERCENT	WIDTH_OF_99_PERCENT	SAMPLE	LIBRARY	READ_GROUP
170	167	11	79	268	170.403843	20.706057	58676381	FR	5	9	13	17	23	31	39	51	69	87	127			

## HISTOGRAM	java.lang.Integer
insert_size	All_Reads.fr_count
79	5
80	5
81	5
82	23
83	19
84	33
85	27
86	150
87	162
88	564
89	667
90	707
91	653
92	3156
93	3359
94	4196
95	4311
96	4429
97	3742
98	4170
99	13478
100	15665
101	17185
102	17523
103	17836
104	17915
105	18783
106	19314
107	21350
108	24303
109	28102
110	34472
111	39584
112	41349
113	38252
114	35454
115	36154
116	38323
117	41545
118	47382
119	56548
120	69627
121	88484
122	104671
123	104009
124	85929
125	70092
126	67312
127	72507
128	79934
129	92961
130	110504
131	139995
132	183301
133	226563
134	235492
135	210811
136	188926
137	194096
138	227496
139	282984
140	353687
141	412627
142	435977
143	436882
144	446139
145	457368
146	457651
147	465973
148	492370
149	531690
150	574515
151	629949
152	681610
153	689337
154	662797
155	659797
156	692278
157	760895
158	853461
159	951929
160	1031893
161	1085357
162	1136374
163	1223538
164	1365722
165	1498309
166	1575045
167	1601096
168	1595061
169	1568893
170	1513015
171	1443179
172	1385038
173	1358223
174	1350576
175	1348549
176	1329433
177	1278176
178	1204050
179	1122845
180	1035790
181	955231
182	884071
183	825478
184	778914
185	744447
186	717735
187	688984
188	656989
189	619563
190	574902
191	530050
192	487718
193	445792
194	413085
195	387086
196	366059
197	350114
198	335513
199	318872
200	300298
201	280077
202	258519
203	238971
204	220572
205	203156
206	190554
207	178829
208	170635
209	160772
210	152505
211	142765
212	131597
213	121924
214	111996
215	103378
216	95609
217	89581
218	83536
219	79419
220	74458
221	70178
222	65058
223	60600
224	55473
225	50673
226	46918
227	43622
228	41392
229	39212
230	37053
231	34135
232	32029
233	30164
234	28158
235	25978
236	23723
237	22226
238	21369
239	20168
240	19808
241	18962
242	18061
243	16903
244	16077
245	16828
246	14282
247	12145
248	11849
249	11060
250	10713
251	10588
252	10278
253	10034
254	9689
255	9417
256	9336
257	8891
258	8195
259	8047
260	8156
261	7115
262	2333
263	2509
264	2370
265	411
266	256
267	267
268	230

