## htsjdk.samtools.metrics.StringHeader
# CollectInsertSizeMetrics  --Histogram_FILE pandisease.epifluidlab.cchmc.org/results/20200420-week-17/jhu-cfdna-frag/picard_metrics/EGAR00002027952.hg19.insert_size.pdf --INPUT pandisease.epifluidlab.cchmc.org/results/20200420-week-17/jhu-cfdna-frag/filtered_bam/EGAR00002027952.hg19.filtered.bam --OUTPUT pandisease.epifluidlab.cchmc.org/results/20200420-week-17/jhu-cfdna-frag/picard_metrics/EGAR00002027952.hg19.insert_size.txt  --DEVIATIONS 10.0 --MINIMUM_PCT 0.05 --METRIC_ACCUMULATION_LEVEL ALL_READS --INCLUDE_DUPLICATES false --ASSUME_SORTED true --STOP_AFTER 0 --VERBOSITY INFO --QUIET false --VALIDATION_STRINGENCY STRICT --COMPRESSION_LEVEL 5 --MAX_RECORDS_IN_RAM 500000 --CREATE_INDEX false --CREATE_MD5_FILE false --GA4GH_CLIENT_SECRETS client_secrets.json --help false --version false --showHidden false --USE_JDK_DEFLATER false --USE_JDK_INFLATER false
## htsjdk.samtools.metrics.StringHeader
# Started on: Sun May 03 15:20:52 UTC 2020

## METRICS CLASS	picard.analysis.InsertSizeMetrics
MEDIAN_INSERT_SIZE	MODE_INSERT_SIZE	MEDIAN_ABSOLUTE_DEVIATION	MIN_INSERT_SIZE	MAX_INSERT_SIZE	MEAN_INSERT_SIZE	STANDARD_DEVIATION	READ_PAIRS	PAIR_ORIENTATION	WIDTH_OF_10_PERCENT	WIDTH_OF_20_PERCENT	WIDTH_OF_30_PERCENT	WIDTH_OF_40_PERCENT	WIDTH_OF_50_PERCENT	WIDTH_OF_60_PERCENT	WIDTH_OF_70_PERCENT	WIDTH_OF_80_PERCENT	WIDTH_OF_90_PERCENT	WIDTH_OF_95_PERCENT	WIDTH_OF_99_PERCENT	SAMPLE	LIBRARY	READ_GROUP
167	166	10	88	244	166.143527	18.856743	33142892	FR	5	7	11	17	21	29	37	47	63	81	115			

## HISTOGRAM	java.lang.Integer
insert_size	All_Reads.fr_count
88	2287
89	2414
90	2449
91	2367
92	2529
93	2630
94	3281
95	3435
96	3401
97	3586
98	3866
99	9684
100	10433
101	11396
102	11736
103	12519
104	12876
105	12886
106	13793
107	15476
108	16975
109	20430
110	24479
111	27636
112	28554
113	26707
114	25091
115	26011
116	28341
117	31215
118	35438
119	41073
120	49488
121	62505
122	73379
123	71791
124	60497
125	50983
126	49321
127	52690
128	58526
129	67229
130	79900
131	99277
132	128474
133	159360
134	165360
135	148763
136	135359
137	142788
138	169844
139	209782
140	256854
141	291470
142	302958
143	300743
144	304633
145	310564
146	311594
147	318877
148	336238
149	361391
150	389865
151	422257
152	448946
153	449079
154	432241
155	433555
156	457399
157	504923
158	564044
159	626865
160	674140
161	702212
162	735147
163	797377
164	894628
165	984609
166	1025122
167	1023793
168	1002858
169	964270
170	910174
171	851084
172	802106
173	774330
174	757548
175	742112
176	719902
177	678950
178	628667
179	572106
180	517776
181	468678
182	424336
183	387944
184	359094
185	336720
186	317994
187	300303
188	279151
189	259415
190	236633
191	214009
192	193388
193	174499
194	158993
195	146568
196	135369
197	127512
198	119687
199	112585
200	104709
201	95870
202	87993
203	80450
204	72959
205	66844
206	61139
207	57241
208	53809
209	50478
210	47061
211	43778
212	40116
213	36746
214	32733
215	30477
216	27778
217	25746
218	23687
219	22764
220	21304
221	19359
222	17894
223	16169
224	15386
225	13632
226	12588
227	11673
228	10975
229	10377
230	9751
231	9104
232	8410
233	7866
234	6984
235	6733
236	6276
237	6003
238	5583
239	5479
240	5572
241	5561
242	832
243	220
244	188

