## htsjdk.samtools.metrics.StringHeader
# CollectInsertSizeMetrics  --Histogram_FILE pandisease.epifluidlab.cchmc.org/results/20200420-week-17/jhu-cfdna-frag/picard_metrics/EGAR00002028061.hg19.insert_size.pdf --INPUT pandisease.epifluidlab.cchmc.org/results/20200420-week-17/jhu-cfdna-frag/filtered_bam/EGAR00002028061.hg19.filtered.bam --OUTPUT pandisease.epifluidlab.cchmc.org/results/20200420-week-17/jhu-cfdna-frag/picard_metrics/EGAR00002028061.hg19.insert_size.txt  --DEVIATIONS 10.0 --MINIMUM_PCT 0.05 --METRIC_ACCUMULATION_LEVEL ALL_READS --INCLUDE_DUPLICATES false --ASSUME_SORTED true --STOP_AFTER 0 --VERBOSITY INFO --QUIET false --VALIDATION_STRINGENCY STRICT --COMPRESSION_LEVEL 5 --MAX_RECORDS_IN_RAM 500000 --CREATE_INDEX false --CREATE_MD5_FILE false --GA4GH_CLIENT_SECRETS client_secrets.json --help false --version false --showHidden false --USE_JDK_DEFLATER false --USE_JDK_INFLATER false
## htsjdk.samtools.metrics.StringHeader
# Started on: Sun May 03 12:21:09 UTC 2020

## METRICS CLASS	picard.analysis.InsertSizeMetrics
MEDIAN_INSERT_SIZE	MODE_INSERT_SIZE	MEDIAN_ABSOLUTE_DEVIATION	MIN_INSERT_SIZE	MAX_INSERT_SIZE	MEAN_INSERT_SIZE	STANDARD_DEVIATION	READ_PAIRS	PAIR_ORIENTATION	WIDTH_OF_10_PERCENT	WIDTH_OF_20_PERCENT	WIDTH_OF_30_PERCENT	WIDTH_OF_40_PERCENT	WIDTH_OF_50_PERCENT	WIDTH_OF_60_PERCENT	WIDTH_OF_70_PERCENT	WIDTH_OF_80_PERCENT	WIDTH_OF_90_PERCENT	WIDTH_OF_95_PERCENT	WIDTH_OF_99_PERCENT	SAMPLE	LIBRARY	READ_GROUP
167	167	11	87	248	166.598948	19.440369	40294772	FR	5	9	13	17	23	29	37	49	65	83	119			

## HISTOGRAM	java.lang.Integer
insert_size	All_Reads.fr_count
87	21
88	2691
89	2754
90	2759
91	3356
92	3089
93	3314
94	3543
95	3548
96	3851
97	3765
98	4036
99	11989
100	13086
101	13903
102	14666
103	15388
104	15915
105	15592
106	16304
107	18540
108	19998
109	23536
110	27956
111	31186
112	31940
113	29994
114	27798
115	28822
116	31745
117	34280
118	38449
119	45163
120	56207
121	72109
122	84761
123	83901
124	70401
125	58079
126	56863
127	61441
128	67844
129	78356
130	94151
131	120923
132	159834
133	200334
134	210770
135	189145
136	168644
137	174648
138	204872
139	255275
140	316339
141	363250
142	382316
143	381361
144	386568
145	395460
146	397396
147	401545
148	419260
149	446154
150	481213
151	523390
152	557344
153	559013
154	534513
155	531382
156	559238
157	612228
158	681619
159	751676
160	805862
161	840457
162	873890
163	941060
164	1045284
165	1145820
166	1190757
167	1192812
168	1167696
169	1126416
170	1067666
171	999883
172	943742
173	908709
174	890170
175	873746
176	846450
177	803263
178	746701
179	686216
180	623142
181	566739
182	516491
183	474747
184	440861
185	416220
186	394064
187	375330
188	353341
189	329447
190	302441
191	275698
192	249623
193	226628
194	208254
195	192880
196	180088
197	169903
198	161184
199	153082
200	143206
201	132128
202	122025
203	111572
204	101889
205	94016
206	86995
207	81209
208	76035
209	72322
210	67698
211	63322
212	58569
213	53532
214	48719
215	45097
216	41194
217	38148
218	35933
219	34086
220	31542
221	29460
222	27287
223	25160
224	23410
225	21208
226	19671
227	18087
228	17008
229	16216
230	15282
231	14426
232	13379
233	12204
234	11502
235	10645
236	10123
237	9421
238	8728
239	8527
240	8302
241	9098
242	7390
243	5902
244	5810
245	5373
246	753
247	846
248	754

