## htsjdk.samtools.metrics.StringHeader
# CollectInsertSizeMetrics  --Histogram_FILE pandisease.epifluidlab.cchmc.org/results/20200420-week-17/jhu-cfdna-frag/picard_metrics/EGAR00002028087.hg19.insert_size.pdf --INPUT pandisease.epifluidlab.cchmc.org/results/20200420-week-17/jhu-cfdna-frag/filtered_bam/EGAR00002028087.hg19.filtered.bam --OUTPUT pandisease.epifluidlab.cchmc.org/results/20200420-week-17/jhu-cfdna-frag/picard_metrics/EGAR00002028087.hg19.insert_size.txt  --DEVIATIONS 10.0 --MINIMUM_PCT 0.05 --METRIC_ACCUMULATION_LEVEL ALL_READS --INCLUDE_DUPLICATES false --ASSUME_SORTED true --STOP_AFTER 0 --VERBOSITY INFO --QUIET false --VALIDATION_STRINGENCY STRICT --COMPRESSION_LEVEL 5 --MAX_RECORDS_IN_RAM 500000 --CREATE_INDEX false --CREATE_MD5_FILE false --GA4GH_CLIENT_SECRETS client_secrets.json --help false --version false --showHidden false --USE_JDK_DEFLATER false --USE_JDK_INFLATER false
## htsjdk.samtools.metrics.StringHeader
# Started on: Sun May 03 02:27:22 UTC 2020

## METRICS CLASS	picard.analysis.InsertSizeMetrics
MEDIAN_INSERT_SIZE	MODE_INSERT_SIZE	MEDIAN_ABSOLUTE_DEVIATION	MIN_INSERT_SIZE	MAX_INSERT_SIZE	MEAN_INSERT_SIZE	STANDARD_DEVIATION	READ_PAIRS	PAIR_ORIENTATION	WIDTH_OF_10_PERCENT	WIDTH_OF_20_PERCENT	WIDTH_OF_30_PERCENT	WIDTH_OF_40_PERCENT	WIDTH_OF_50_PERCENT	WIDTH_OF_60_PERCENT	WIDTH_OF_70_PERCENT	WIDTH_OF_80_PERCENT	WIDTH_OF_90_PERCENT	WIDTH_OF_95_PERCENT	WIDTH_OF_99_PERCENT	SAMPLE	LIBRARY	READ_GROUP
167	166	11	86	247	165.619998	19.684309	138275131	FR	5	9	13	17	23	29	37	49	67	85	119			

## HISTOGRAM	java.lang.Integer
insert_size	All_Reads.fr_count
86	3688
87	3915
88	4267
89	6822
90	8983
91	8959
92	8207
93	9761
94	11057
95	11245
96	11932
97	10581
98	11186
99	46470
100	55327
101	60522
102	64528
103	67131
104	67330
105	68065
106	74583
107	84599
108	94398
109	109263
110	130602
111	149334
112	154516
113	143164
114	137815
115	141107
116	151665
117	167511
118	185400
119	210523
120	252081
121	312457
122	360166
123	353970
124	294564
125	251961
126	246223
127	265179
128	293080
129	329950
130	387662
131	476951
132	609915
133	736362
134	762542
135	691493
136	634909
137	665428
138	769857
139	929548
140	1110276
141	1250564
142	1308535
143	1319982
144	1342093
145	1372676
146	1379874
147	1408574
148	1478451
149	1567645
150	1660646
151	1769184
152	1869931
153	1882753
154	1832774
155	1838992
156	1935647
157	2105130
158	2322098
159	2548773
160	2725411
161	2855680
162	3003080
163	3259749
164	3637712
165	3979233
166	4115605
167	4094265
168	3988812
169	3842267
170	3645014
171	3435308
172	3256872
173	3139619
174	3073027
175	3009292
176	2901531
177	2728508
178	2511673
179	2284521
180	2063934
181	1866953
182	1701344
183	1568170
184	1458523
185	1376736
186	1300856
187	1223315
188	1146961
189	1063321
190	970367
191	881823
192	798690
193	726762
194	667298
195	619494
196	578436
197	545858
198	514963
199	484626
200	448486
201	412050
202	377741
203	343155
204	315841
205	289904
206	269453
207	252099
208	236335
209	223519
210	207049
211	191929
212	177043
213	162306
214	148307
215	136287
216	125844
217	117247
218	109117
219	101866
220	95668
221	89446
222	81980
223	75891
224	70247
225	64430
226	58715
227	54499
228	51727
229	48821
230	45911
231	43421
232	40039
233	37218
234	34536
235	32161
236	29966
237	28454
238	27267
239	26351
240	25150
241	24682
242	24601
243	22750
244	16632
245	10114
246	11062
247	8853

