## htsjdk.samtools.metrics.StringHeader
# CollectInsertSizeMetrics  --Histogram_FILE pandisease.epifluidlab.cchmc.org/results/20200420-week-17/jhu-cfdna-frag/picard_metrics/EGAR00002028024.hg19.insert_size.pdf --INPUT pandisease.epifluidlab.cchmc.org/results/20200420-week-17/jhu-cfdna-frag/filtered_bam/EGAR00002028024.hg19.filtered.bam --OUTPUT pandisease.epifluidlab.cchmc.org/results/20200420-week-17/jhu-cfdna-frag/picard_metrics/EGAR00002028024.hg19.insert_size.txt  --DEVIATIONS 10.0 --MINIMUM_PCT 0.05 --METRIC_ACCUMULATION_LEVEL ALL_READS --INCLUDE_DUPLICATES false --ASSUME_SORTED true --STOP_AFTER 0 --VERBOSITY INFO --QUIET false --VALIDATION_STRINGENCY STRICT --COMPRESSION_LEVEL 5 --MAX_RECORDS_IN_RAM 500000 --CREATE_INDEX false --CREATE_MD5_FILE false --GA4GH_CLIENT_SECRETS client_secrets.json --help false --version false --showHidden false --USE_JDK_DEFLATER false --USE_JDK_INFLATER false
## htsjdk.samtools.metrics.StringHeader
# Started on: Sun May 03 13:57:19 UTC 2020

## METRICS CLASS	picard.analysis.InsertSizeMetrics
MEDIAN_INSERT_SIZE	MODE_INSERT_SIZE	MEDIAN_ABSOLUTE_DEVIATION	MIN_INSERT_SIZE	MAX_INSERT_SIZE	MEAN_INSERT_SIZE	STANDARD_DEVIATION	READ_PAIRS	PAIR_ORIENTATION	WIDTH_OF_10_PERCENT	WIDTH_OF_20_PERCENT	WIDTH_OF_30_PERCENT	WIDTH_OF_40_PERCENT	WIDTH_OF_50_PERCENT	WIDTH_OF_60_PERCENT	WIDTH_OF_70_PERCENT	WIDTH_OF_80_PERCENT	WIDTH_OF_90_PERCENT	WIDTH_OF_95_PERCENT	WIDTH_OF_99_PERCENT	SAMPLE	LIBRARY	READ_GROUP
168	167	10	92	246	167.673909	18.67439	37782206	FR	5	7	11	17	21	27	35	47	63	79	115			

## HISTOGRAM	java.lang.Integer
insert_size	All_Reads.fr_count
92	80
93	2109
94	2369
95	2393
96	3007
97	2672
98	3040
99	8028
100	8820
101	9857
102	10325
103	10686
104	10892
105	11025
106	11739
107	13687
108	14932
109	16918
110	19710
111	21812
112	22684
113	21770
114	21173
115	21611
116	22906
117	25176
118	28483
119	32933
120	41200
121	52762
122	62482
123	62232
124	51824
125	42978
126	41998
127	47000
128	51891
129	60045
130	72593
131	94290
132	125028
133	156421
134	165154
135	147625
136	135123
137	142494
138	168731
139	211580
140	262240
141	301523
142	315333
143	316348
144	322644
145	329531
146	331040
147	338527
148	360383
149	389669
150	421928
151	459883
152	490889
153	495906
154	478859
155	479764
156	509261
157	563882
158	636094
159	706400
160	760588
161	796997
162	835002
163	908092
164	1020520
165	1129899
166	1176652
167	1177716
168	1149956
169	1107781
170	1044172
171	979496
172	926721
173	895434
174	881839
175	865018
176	837472
177	795222
178	736143
179	673712
180	612457
181	552976
182	505871
183	464478
184	431684
185	407466
186	387976
187	368055
188	346711
189	322279
190	294552
191	267225
192	242043
193	219284
194	201526
195	186823
196	174070
197	165790
198	157627
199	149067
200	139374
201	129218
202	118245
203	108166
204	98456
205	90413
206	84054
207	78584
208	74473
209	69889
210	65584
211	60215
212	56340
213	51210
214	46423
215	42758
216	39244
217	36468
218	33666
219	31951
220	29692
221	27913
222	25543
223	23695
224	22091
225	19761
226	17851
227	16881
228	15552
229	14958
230	13825
231	12888
232	12078
233	11351
234	10545
235	9800
236	8905
237	8343
238	8217
239	8723
240	6886
241	5755
242	5672
243	5067
244	1614
245	1642
246	1443

