## htsjdk.samtools.metrics.StringHeader
# CollectInsertSizeMetrics  --Histogram_FILE pandisease.epifluidlab.cchmc.org/results/20200420-week-17/jhu-cfdna-frag/picard_metrics/EGAR00002028023.hg19.insert_size.pdf --INPUT pandisease.epifluidlab.cchmc.org/results/20200420-week-17/jhu-cfdna-frag/filtered_bam/EGAR00002028023.hg19.filtered.bam --OUTPUT pandisease.epifluidlab.cchmc.org/results/20200420-week-17/jhu-cfdna-frag/picard_metrics/EGAR00002028023.hg19.insert_size.txt  --DEVIATIONS 10.0 --MINIMUM_PCT 0.05 --METRIC_ACCUMULATION_LEVEL ALL_READS --INCLUDE_DUPLICATES false --ASSUME_SORTED true --STOP_AFTER 0 --VERBOSITY INFO --QUIET false --VALIDATION_STRINGENCY STRICT --COMPRESSION_LEVEL 5 --MAX_RECORDS_IN_RAM 500000 --CREATE_INDEX false --CREATE_MD5_FILE false --GA4GH_CLIENT_SECRETS client_secrets.json --help false --version false --showHidden false --USE_JDK_DEFLATER false --USE_JDK_INFLATER false
## htsjdk.samtools.metrics.StringHeader
# Started on: Sun May 03 15:16:44 UTC 2020

## METRICS CLASS	picard.analysis.InsertSizeMetrics
MEDIAN_INSERT_SIZE	MODE_INSERT_SIZE	MEDIAN_ABSOLUTE_DEVIATION	MIN_INSERT_SIZE	MAX_INSERT_SIZE	MEAN_INSERT_SIZE	STANDARD_DEVIATION	READ_PAIRS	PAIR_ORIENTATION	WIDTH_OF_10_PERCENT	WIDTH_OF_20_PERCENT	WIDTH_OF_30_PERCENT	WIDTH_OF_40_PERCENT	WIDTH_OF_50_PERCENT	WIDTH_OF_60_PERCENT	WIDTH_OF_70_PERCENT	WIDTH_OF_80_PERCENT	WIDTH_OF_90_PERCENT	WIDTH_OF_95_PERCENT	WIDTH_OF_99_PERCENT	SAMPLE	LIBRARY	READ_GROUP
168	167	11	89	250	167.653806	19.498894	33168811	FR	5	9	13	17	23	29	37	49	65	83	119			

## HISTOGRAM	java.lang.Integer
insert_size	All_Reads.fr_count
89	1724
90	1712
91	1856
92	1765
93	1983
94	2292
95	2372
96	2506
97	2061
98	2643
99	7487
100	8416
101	9206
102	9492
103	10029
104	10520
105	10458
106	11296
107	12735
108	14253
109	16605
110	20817
111	23389
112	24632
113	23241
114	22039
115	22702
116	24380
117	27413
118	31268
119	36158
120	45416
121	57212
122	67109
123	66360
124	54720
125	46187
126	45027
127	48392
128	53909
129	61741
130	73854
131	94100
132	123230
133	152995
134	160236
135	143684
136	128975
137	134553
138	158688
139	195903
140	243084
141	279454
142	292175
143	291939
144	296353
145	299868
146	299752
147	302791
148	318532
149	341257
150	367076
151	400143
152	426732
153	429126
154	413113
155	412009
156	434849
157	479064
158	534748
159	591991
160	638744
161	668145
162	698180
163	757035
164	844833
165	932875
166	970958
167	973476
168	952206
169	923341
170	879258
171	829760
172	786712
173	765016
174	757755
175	750728
176	730532
177	692595
178	646195
179	593132
180	541528
181	493438
182	452419
183	419554
184	393027
185	371955
186	355140
187	337300
188	319136
189	297514
190	273701
191	250178
192	226880
193	206403
194	190365
195	176690
196	165498
197	155663
198	147899
199	138742
200	129616
201	120738
202	110628
203	99879
204	91899
205	84646
206	78190
207	72909
208	68780
209	64494
210	60118
211	56153
212	51606
213	47536
214	42943
215	38994
216	36113
217	33363
218	31203
219	29439
220	27369
221	25957
222	23650
223	21717
224	19918
225	18305
226	16842
227	15684
228	14507
229	13703
230	12934
231	12057
232	11337
233	10371
234	9831
235	9032
236	8322
237	7618
238	7461
239	7086
240	7125
241	6776
242	7140
243	5927
244	5049
245	4703
246	4494
247	4252
248	4096
249	4198
250	3800

