## htsjdk.samtools.metrics.StringHeader
# CollectInsertSizeMetrics  --Histogram_FILE pandisease.epifluidlab.cchmc.org/results/20200420-week-17/jhu-cfdna-frag/picard_metrics/EGAR00002027919.hg19.insert_size.pdf --INPUT pandisease.epifluidlab.cchmc.org/results/20200420-week-17/jhu-cfdna-frag/filtered_bam/EGAR00002027919.hg19.filtered.bam --OUTPUT pandisease.epifluidlab.cchmc.org/results/20200420-week-17/jhu-cfdna-frag/picard_metrics/EGAR00002027919.hg19.insert_size.txt  --DEVIATIONS 10.0 --MINIMUM_PCT 0.05 --METRIC_ACCUMULATION_LEVEL ALL_READS --INCLUDE_DUPLICATES false --ASSUME_SORTED true --STOP_AFTER 0 --VERBOSITY INFO --QUIET false --VALIDATION_STRINGENCY STRICT --COMPRESSION_LEVEL 5 --MAX_RECORDS_IN_RAM 500000 --CREATE_INDEX false --CREATE_MD5_FILE false --GA4GH_CLIENT_SECRETS client_secrets.json --help false --version false --showHidden false --USE_JDK_DEFLATER false --USE_JDK_INFLATER false
## htsjdk.samtools.metrics.StringHeader
# Started on: Sun May 03 15:02:22 UTC 2020

## METRICS CLASS	picard.analysis.InsertSizeMetrics
MEDIAN_INSERT_SIZE	MODE_INSERT_SIZE	MEDIAN_ABSOLUTE_DEVIATION	MIN_INSERT_SIZE	MAX_INSERT_SIZE	MEAN_INSERT_SIZE	STANDARD_DEVIATION	READ_PAIRS	PAIR_ORIENTATION	WIDTH_OF_10_PERCENT	WIDTH_OF_20_PERCENT	WIDTH_OF_30_PERCENT	WIDTH_OF_40_PERCENT	WIDTH_OF_50_PERCENT	WIDTH_OF_60_PERCENT	WIDTH_OF_70_PERCENT	WIDTH_OF_80_PERCENT	WIDTH_OF_90_PERCENT	WIDTH_OF_95_PERCENT	WIDTH_OF_99_PERCENT	SAMPLE	LIBRARY	READ_GROUP
169	167	11	83	255	169.278394	20.73833	36643745	FR	5	9	13	19	23	31	41	51	69	87	125			

## HISTOGRAM	java.lang.Integer
insert_size	All_Reads.fr_count
83	191
84	249
85	253
86	222
87	1450
88	1937
89	1858
90	2740
91	3228
92	2691
93	2954
94	3099
95	3133
96	3608
97	3087
98	3523
99	9124
100	10128
101	10720
102	11115
103	11825
104	12122
105	11759
106	12397
107	14111
108	15609
109	18755
110	22535
111	25219
112	26218
113	24225
114	22867
115	23755
116	25638
117	27700
118	31727
119	37178
120	46481
121	60398
122	71519
123	71220
124	58488
125	47776
126	45725
127	48325
128	53591
129	62064
130	75865
131	97377
132	129076
133	162248
134	170166
135	149515
136	130456
137	134949
138	160135
139	203121
140	256470
141	299354
142	310521
143	307535
144	309781
145	313784
146	311644
147	314757
148	328884
149	354395
150	387927
151	430280
152	467024
153	468184
154	446020
155	437836
156	459654
157	506752
158	566100
159	631831
160	684210
161	716443
162	738998
163	788857
164	872913
165	951172
166	987726
167	996051
168	983879
169	958123
170	914258
171	867120
172	827201
173	803969
174	790095
175	782297
176	767122
177	738753
178	699789
179	655369
180	609790
181	562347
182	521306
183	485589
184	456229
185	435230
186	418228
187	401866
188	385815
189	366828
190	344382
191	316640
192	292567
193	267511
194	247724
195	231599
196	218401
197	209272
198	202049
199	192150
200	181104
201	170805
202	158113
203	146194
204	134184
205	123630
206	115925
207	109453
208	102982
209	97452
210	92469
211	87551
212	80828
213	75236
214	68717
215	63010
216	58444
217	54465
218	50999
219	48018
220	45232
221	42406
222	39525
223	36771
224	33880
225	30778
226	28200
227	25955
228	24695
229	23168
230	21860
231	20115
232	19200
233	17856
234	16182
235	14970
236	13928
237	12705
238	12082
239	11722
240	11171
241	10452
242	10227
243	9641
244	8763
245	8151
246	7546
247	7570
248	6492
249	5853
250	5633
251	5563
252	5285
253	5025
254	5046
255	4472

