## htsjdk.samtools.metrics.StringHeader
# CollectInsertSizeMetrics  --Histogram_FILE pandisease.epifluidlab.cchmc.org/results/20200420-week-17/jhu-cfdna-frag/picard_metrics/EGAR00002027963.hg19.insert_size.pdf --INPUT pandisease.epifluidlab.cchmc.org/results/20200420-week-17/jhu-cfdna-frag/filtered_bam/EGAR00002027963.hg19.filtered.bam --OUTPUT pandisease.epifluidlab.cchmc.org/results/20200420-week-17/jhu-cfdna-frag/picard_metrics/EGAR00002027963.hg19.insert_size.txt  --DEVIATIONS 10.0 --MINIMUM_PCT 0.05 --METRIC_ACCUMULATION_LEVEL ALL_READS --INCLUDE_DUPLICATES false --ASSUME_SORTED true --STOP_AFTER 0 --VERBOSITY INFO --QUIET false --VALIDATION_STRINGENCY STRICT --COMPRESSION_LEVEL 5 --MAX_RECORDS_IN_RAM 500000 --CREATE_INDEX false --CREATE_MD5_FILE false --GA4GH_CLIENT_SECRETS client_secrets.json --help false --version false --showHidden false --USE_JDK_DEFLATER false --USE_JDK_INFLATER false
## htsjdk.samtools.metrics.StringHeader
# Started on: Sun May 03 14:40:41 UTC 2020

## METRICS CLASS	picard.analysis.InsertSizeMetrics
MEDIAN_INSERT_SIZE	MODE_INSERT_SIZE	MEDIAN_ABSOLUTE_DEVIATION	MIN_INSERT_SIZE	MAX_INSERT_SIZE	MEAN_INSERT_SIZE	STANDARD_DEVIATION	READ_PAIRS	PAIR_ORIENTATION	WIDTH_OF_10_PERCENT	WIDTH_OF_20_PERCENT	WIDTH_OF_30_PERCENT	WIDTH_OF_40_PERCENT	WIDTH_OF_50_PERCENT	WIDTH_OF_60_PERCENT	WIDTH_OF_70_PERCENT	WIDTH_OF_80_PERCENT	WIDTH_OF_90_PERCENT	WIDTH_OF_95_PERCENT	WIDTH_OF_99_PERCENT	SAMPLE	LIBRARY	READ_GROUP
167	167	12	77	260	166.603683	21.226624	44958804	FR	5	9	13	19	25	31	41	53	71	91	129			

## HISTOGRAM	java.lang.Integer
insert_size	All_Reads.fr_count
77	1281
78	1574
79	1595
80	1553
81	2280
82	2181
83	2682
84	3128
85	2933
86	3049
87	2577
88	3082
89	3600
90	3729
91	4088
92	3370
93	3688
94	3815
95	4158
96	4681
97	4110
98	4485
99	13967
100	16025
101	17905
102	19050
103	19984
104	20413
105	20385
106	21514
107	24195
108	27604
109	33180
110	42029
111	48859
112	51129
113	47110
114	44001
115	44997
116	48345
117	53352
118	61050
119	72562
120	89930
121	114299
122	133984
123	131669
124	109403
125	90511
126	86342
127	92290
128	101128
129	114727
130	136319
131	168952
132	215947
133	262588
134	272891
135	243262
136	217504
137	220604
138	252968
139	304582
140	366695
141	414916
142	431802
143	432268
144	436463
145	444057
146	443305
147	449214
148	466813
149	494736
150	525187
151	558718
152	589067
153	588278
154	568130
155	565012
156	591884
157	641569
158	703717
159	771597
160	826024
161	860212
162	895029
163	967096
164	1079909
165	1184705
166	1232397
167	1234203
168	1207497
169	1163300
170	1107222
171	1044306
172	995518
173	970024
174	958792
175	947392
176	927238
177	880755
178	823331
179	758187
180	694219
181	632364
182	579439
183	537851
184	504188
185	479270
186	456341
187	435174
188	413196
189	386697
190	356904
191	326213
192	297104
193	273060
194	251458
195	234652
196	220367
197	210016
198	198988
199	188835
200	176902
201	164674
202	152478
203	139663
204	129030
205	118751
206	111417
207	103711
208	98170
209	93200
210	87645
211	82003
212	75405
213	69840
214	64290
215	58994
216	54730
217	50654
218	47668
219	44965
220	42759
221	40308
222	36523
223	34737
224	31537
225	28931
226	26676
227	25058
228	23363
229	22392
230	21287
231	20408
232	18714
233	17594
234	16325
235	15238
236	14401
237	13436
238	12916
239	12372
240	12440
241	11903
242	11578
243	11149
244	10673
245	9974
246	9710
247	9423
248	9368
249	8783
250	8300
251	8816
252	8250
253	7513
254	7052
255	7259
256	6717
257	662
258	646
259	691
260	636

