## htsjdk.samtools.metrics.StringHeader
# CollectInsertSizeMetrics  --Histogram_FILE pandisease.epifluidlab.cchmc.org/results/20200420-week-17/jhu-cfdna-frag/picard_metrics/EGAR00002027966.hg19.insert_size.pdf --INPUT pandisease.epifluidlab.cchmc.org/results/20200420-week-17/jhu-cfdna-frag/filtered_bam/EGAR00002027966.hg19.filtered.bam --OUTPUT pandisease.epifluidlab.cchmc.org/results/20200420-week-17/jhu-cfdna-frag/picard_metrics/EGAR00002027966.hg19.insert_size.txt  --DEVIATIONS 10.0 --MINIMUM_PCT 0.05 --METRIC_ACCUMULATION_LEVEL ALL_READS --INCLUDE_DUPLICATES false --ASSUME_SORTED true --STOP_AFTER 0 --VERBOSITY INFO --QUIET false --VALIDATION_STRINGENCY STRICT --COMPRESSION_LEVEL 5 --MAX_RECORDS_IN_RAM 500000 --CREATE_INDEX false --CREATE_MD5_FILE false --GA4GH_CLIENT_SECRETS client_secrets.json --help false --version false --showHidden false --USE_JDK_DEFLATER false --USE_JDK_INFLATER false
## htsjdk.samtools.metrics.StringHeader
# Started on: Sun May 03 15:06:17 UTC 2020

## METRICS CLASS	picard.analysis.InsertSizeMetrics
MEDIAN_INSERT_SIZE	MODE_INSERT_SIZE	MEDIAN_ABSOLUTE_DEVIATION	MIN_INSERT_SIZE	MAX_INSERT_SIZE	MEAN_INSERT_SIZE	STANDARD_DEVIATION	READ_PAIRS	PAIR_ORIENTATION	WIDTH_OF_10_PERCENT	WIDTH_OF_20_PERCENT	WIDTH_OF_30_PERCENT	WIDTH_OF_40_PERCENT	WIDTH_OF_50_PERCENT	WIDTH_OF_60_PERCENT	WIDTH_OF_70_PERCENT	WIDTH_OF_80_PERCENT	WIDTH_OF_90_PERCENT	WIDTH_OF_95_PERCENT	WIDTH_OF_99_PERCENT	SAMPLE	LIBRARY	READ_GROUP
167	166	10	90	244	166.238281	18.753583	37601560	FR	5	7	11	17	21	29	37	47	63	79	115			

## HISTOGRAM	java.lang.Integer
insert_size	All_Reads.fr_count
90	6
91	2490
92	1964
93	2266
94	3223
95	3269
96	3413
97	2791
98	3059
99	9544
100	10541
101	11538
102	11806
103	11948
104	12312
105	13001
106	13742
107	15521
108	16973
109	19058
110	22923
111	26294
112	26754
113	25266
114	24073
115	24750
116	26473
117	29180
118	34142
119	38770
120	47347
121	60421
122	71979
123	70592
124	59212
125	50163
126	49629
127	54083
128	60124
129	69034
130	84504
131	107889
132	143085
133	179454
134	190571
135	171392
136	154206
137	161846
138	191805
139	237237
140	292592
141	335569
142	352637
143	353675
144	359646
145	367436
146	369931
147	375627
148	392064
149	422034
150	457468
151	496476
152	531928
153	533792
154	516301
155	516070
156	546164
157	598127
158	662489
159	732217
160	785749
161	822847
162	861618
163	935327
164	1046036
165	1150134
166	1191811
167	1178375
168	1141457
169	1089385
170	1024488
171	955474
172	897182
173	860625
174	838884
175	815703
176	783131
177	733876
178	674308
179	612986
180	555448
181	500288
182	454919
183	415376
184	384211
185	362274
186	340719
187	320794
188	301932
189	280533
190	256271
191	233002
192	211495
193	191409
194	175700
195	162891
196	152914
197	144383
198	136955
199	129511
200	122163
201	114183
202	104400
203	95754
204	87828
205	80611
206	75122
207	70203
208	66498
209	63055
210	59117
211	55465
212	50420
213	46867
214	42624
215	39223
216	36415
217	33637
218	31507
219	29300
220	27500
221	25677
222	24076
223	21857
224	20276
225	18529
226	17085
227	15772
228	14868
229	14270
230	13252
231	12480
232	11723
233	10990
234	10163
235	9337
236	8618
237	9163
238	7521
239	6410
240	6494
241	5982
242	279
243	274
244	245

