## htsjdk.samtools.metrics.StringHeader
# CollectInsertSizeMetrics  --Histogram_FILE pandisease.epifluidlab.cchmc.org/results/20200420-week-17/jhu-cfdna-frag/picard_metrics/EGAR00002028030.hg19.insert_size.pdf --INPUT pandisease.epifluidlab.cchmc.org/results/20200420-week-17/jhu-cfdna-frag/filtered_bam/EGAR00002028030.hg19.filtered.bam --OUTPUT pandisease.epifluidlab.cchmc.org/results/20200420-week-17/jhu-cfdna-frag/picard_metrics/EGAR00002028030.hg19.insert_size.txt  --DEVIATIONS 10.0 --MINIMUM_PCT 0.05 --METRIC_ACCUMULATION_LEVEL ALL_READS --INCLUDE_DUPLICATES false --ASSUME_SORTED true --STOP_AFTER 0 --VERBOSITY INFO --QUIET false --VALIDATION_STRINGENCY STRICT --COMPRESSION_LEVEL 5 --MAX_RECORDS_IN_RAM 500000 --CREATE_INDEX false --CREATE_MD5_FILE false --GA4GH_CLIENT_SECRETS client_secrets.json --help false --version false --showHidden false --USE_JDK_DEFLATER false --USE_JDK_INFLATER false
## htsjdk.samtools.metrics.StringHeader
# Started on: Sun May 03 13:31:41 UTC 2020

## METRICS CLASS	picard.analysis.InsertSizeMetrics
MEDIAN_INSERT_SIZE	MODE_INSERT_SIZE	MEDIAN_ABSOLUTE_DEVIATION	MIN_INSERT_SIZE	MAX_INSERT_SIZE	MEAN_INSERT_SIZE	STANDARD_DEVIATION	READ_PAIRS	PAIR_ORIENTATION	WIDTH_OF_10_PERCENT	WIDTH_OF_20_PERCENT	WIDTH_OF_30_PERCENT	WIDTH_OF_40_PERCENT	WIDTH_OF_50_PERCENT	WIDTH_OF_60_PERCENT	WIDTH_OF_70_PERCENT	WIDTH_OF_80_PERCENT	WIDTH_OF_90_PERCENT	WIDTH_OF_95_PERCENT	WIDTH_OF_99_PERCENT	SAMPLE	LIBRARY	READ_GROUP
167	166	11	88	249	166.888367	19.60799	37095520	FR	5	9	13	17	23	29	37	49	67	83	119			

## HISTOGRAM	java.lang.Integer
insert_size	All_Reads.fr_count
88	2401
89	2405
90	2383
91	2947
92	2716
93	2863
94	3051
95	3167
96	3184
97	3289
98	3442
99	9044
100	10155
101	10946
102	11842
103	12712
104	12798
105	12548
106	13418
107	15272
108	16943
109	20711
110	25577
111	28375
112	29764
113	27876
114	25894
115	26706
116	29731
117	33118
118	37559
119	43267
120	53764
121	68269
122	81342
123	80852
124	67556
125	55911
126	54117
127	58839
128	65560
129	75948
130	92025
131	116463
132	150998
133	186469
134	194966
135	176000
136	158588
137	164799
138	193043
139	236402
140	287100
141	326384
142	340113
143	339449
144	342812
145	351893
146	353261
147	359646
148	376839
149	401254
150	427466
151	458770
152	486535
153	486741
154	471852
155	474879
156	502717
157	553897
158	613638
159	676198
160	723680
161	753624
162	789711
163	856424
164	965204
165	1065630
166	1110159
167	1104283
168	1079453
169	1034047
170	980478
171	921055
172	871341
173	846988
174	835858
175	827361
176	800836
177	756820
178	698758
179	637796
180	577985
181	523443
182	475991
183	438674
184	409142
185	389473
186	369709
187	350811
188	331100
189	307643
190	281149
191	255634
192	232443
193	210979
194	193667
195	180676
196	169181
197	159718
198	153512
199	145090
200	135901
201	126342
202	115167
203	105510
204	97384
205	89459
206	82865
207	78291
208	73537
209	69195
210	65613
211	60730
212	56273
213	51295
214	46612
215	43086
216	39505
217	36431
218	34616
219	32283
220	30608
221	28616
222	26139
223	24188
224	22360
225	20444
226	18574
227	17644
228	16434
229	15482
230	14894
231	13678
232	12897
233	11898
234	11212
235	10464
236	9675
237	9064
238	8698
239	8408
240	8291
241	9052
242	7583
243	6162
244	6070
245	5660
246	4248
247	4095
248	4086
249	3816

