## htsjdk.samtools.metrics.StringHeader
# CollectInsertSizeMetrics  --Histogram_FILE pandisease.epifluidlab.cchmc.org/results/20200420-week-17/jhu-cfdna-frag/picard_metrics/EGAR00002027968.hg19.insert_size.pdf --INPUT pandisease.epifluidlab.cchmc.org/results/20200420-week-17/jhu-cfdna-frag/filtered_bam/EGAR00002027968.hg19.filtered.bam --OUTPUT pandisease.epifluidlab.cchmc.org/results/20200420-week-17/jhu-cfdna-frag/picard_metrics/EGAR00002027968.hg19.insert_size.txt  --DEVIATIONS 10.0 --MINIMUM_PCT 0.05 --METRIC_ACCUMULATION_LEVEL ALL_READS --INCLUDE_DUPLICATES false --ASSUME_SORTED true --STOP_AFTER 0 --VERBOSITY INFO --QUIET false --VALIDATION_STRINGENCY STRICT --COMPRESSION_LEVEL 5 --MAX_RECORDS_IN_RAM 500000 --CREATE_INDEX false --CREATE_MD5_FILE false --GA4GH_CLIENT_SECRETS client_secrets.json --help false --version false --showHidden false --USE_JDK_DEFLATER false --USE_JDK_INFLATER false
## htsjdk.samtools.metrics.StringHeader
# Started on: Sun May 03 15:06:15 UTC 2020

## METRICS CLASS	picard.analysis.InsertSizeMetrics
MEDIAN_INSERT_SIZE	MODE_INSERT_SIZE	MEDIAN_ABSOLUTE_DEVIATION	MIN_INSERT_SIZE	MAX_INSERT_SIZE	MEAN_INSERT_SIZE	STANDARD_DEVIATION	READ_PAIRS	PAIR_ORIENTATION	WIDTH_OF_10_PERCENT	WIDTH_OF_20_PERCENT	WIDTH_OF_30_PERCENT	WIDTH_OF_40_PERCENT	WIDTH_OF_50_PERCENT	WIDTH_OF_60_PERCENT	WIDTH_OF_70_PERCENT	WIDTH_OF_80_PERCENT	WIDTH_OF_90_PERCENT	WIDTH_OF_95_PERCENT	WIDTH_OF_99_PERCENT	SAMPLE	LIBRARY	READ_GROUP
168	167	12	78	260	167.595744	21.115142	37114844	FR	5	9	13	19	25	31	41	53	71	89	129			

## HISTOGRAM	java.lang.Integer
insert_size	All_Reads.fr_count
78	349
79	388
80	402
81	324
82	1763
83	2002
84	2703
85	2261
86	2672
87	2151
88	2634
89	2821
90	2916
91	2993
92	2959
93	3038
94	3403
95	3538
96	3710
97	3083
98	3881
99	11458
100	12902
101	14529
102	15442
103	15531
104	15676
105	15866
106	16879
107	19142
108	21445
109	25560
110	31155
111	35833
112	37710
113	34692
114	32716
115	33190
116	34897
117	38883
118	44008
119	51028
120	62154
121	77755
122	90875
123	90332
124	76249
125	65254
126	64460
127	69300
128	76602
129	87603
130	103613
131	127644
132	160907
133	191515
134	199150
135	180108
136	164483
137	167517
138	190059
139	226165
140	273547
141	312996
142	333846
143	340156
144	348975
145	358172
146	359737
147	363815
148	379128
149	396892
150	419384
151	448499
152	478138
153	484082
154	471556
155	467251
156	482801
157	514892
158	561650
159	618670
160	669185
161	705132
162	740559
163	791654
164	870644
165	944446
166	978570
167	985260
168	977562
169	960776
170	929883
171	889292
172	851125
173	831441
174	820833
175	813332
176	793600
177	750716
178	698506
179	644585
180	591434
181	543617
182	503517
183	469209
184	439632
185	418123
186	396838
187	378966
188	356514
189	334063
190	308945
191	284136
192	261137
193	238988
194	221817
195	207652
196	195704
197	186250
198	176966
199	167080
200	156810
201	145599
202	134890
203	124115
204	115325
205	106805
206	99065
207	93400
208	87712
209	83787
210	79004
211	73822
212	68143
213	63195
214	58222
215	53658
216	50087
217	46759
218	43739
219	41265
220	38756
221	36542
222	34299
223	31571
224	29553
225	26866
226	24654
227	23062
228	21546
229	20960
230	19491
231	18459
232	17348
233	15910
234	14975
235	13984
236	12985
237	12010
238	11599
239	11147
240	10592
241	10094
242	9839
243	9112
244	8956
245	8582
246	7842
247	7631
248	7316
249	7724
250	6733
251	6109
252	6154
253	5568
254	5040
255	4845
256	4742
257	4305
258	129
259	126
260	132

