## htsjdk.samtools.metrics.StringHeader
# CollectInsertSizeMetrics  --Histogram_FILE pandisease.epifluidlab.cchmc.org/results/20200420-week-17/jhu-cfdna-frag/picard_metrics/EGAR00002027955.hg19.insert_size.pdf --INPUT pandisease.epifluidlab.cchmc.org/results/20200420-week-17/jhu-cfdna-frag/filtered_bam/EGAR00002027955.hg19.filtered.bam --OUTPUT pandisease.epifluidlab.cchmc.org/results/20200420-week-17/jhu-cfdna-frag/picard_metrics/EGAR00002027955.hg19.insert_size.txt  --DEVIATIONS 10.0 --MINIMUM_PCT 0.05 --METRIC_ACCUMULATION_LEVEL ALL_READS --INCLUDE_DUPLICATES false --ASSUME_SORTED true --STOP_AFTER 0 --VERBOSITY INFO --QUIET false --VALIDATION_STRINGENCY STRICT --COMPRESSION_LEVEL 5 --MAX_RECORDS_IN_RAM 500000 --CREATE_INDEX false --CREATE_MD5_FILE false --GA4GH_CLIENT_SECRETS client_secrets.json --help false --version false --showHidden false --USE_JDK_DEFLATER false --USE_JDK_INFLATER false
## htsjdk.samtools.metrics.StringHeader
# Started on: Sun May 03 15:31:38 UTC 2020

## METRICS CLASS	picard.analysis.InsertSizeMetrics
MEDIAN_INSERT_SIZE	MODE_INSERT_SIZE	MEDIAN_ABSOLUTE_DEVIATION	MIN_INSERT_SIZE	MAX_INSERT_SIZE	MEAN_INSERT_SIZE	STANDARD_DEVIATION	READ_PAIRS	PAIR_ORIENTATION	WIDTH_OF_10_PERCENT	WIDTH_OF_20_PERCENT	WIDTH_OF_30_PERCENT	WIDTH_OF_40_PERCENT	WIDTH_OF_50_PERCENT	WIDTH_OF_60_PERCENT	WIDTH_OF_70_PERCENT	WIDTH_OF_80_PERCENT	WIDTH_OF_90_PERCENT	WIDTH_OF_95_PERCENT	WIDTH_OF_99_PERCENT	SAMPLE	LIBRARY	READ_GROUP
167	166	10	87	244	165.974303	18.841403	31994547	FR	5	7	11	17	21	29	37	47	63	79	115			

## HISTOGRAM	java.lang.Integer
insert_size	All_Reads.fr_count
87	1233
88	1693
89	1746
90	1623
91	2561
92	2252
93	2313
94	2790
95	2885
96	3372
97	3054
98	3363
99	8669
100	9974
101	10411
102	11172
103	11248
104	11680
105	11796
106	12263
107	13880
108	15179
109	18266
110	22397
111	24784
112	25728
113	24024
114	22499
115	23465
116	25474
117	28000
118	31943
119	37237
120	46486
121	59022
122	69068
123	68484
124	56470
125	48111
126	47238
127	51247
128	57160
129	65729
130	79680
131	101712
132	130101
133	158028
134	162715
135	147890
136	136501
137	145434
138	171549
139	211238
140	257540
141	294055
142	303792
143	296295
144	296523
145	302801
146	307120
147	315888
148	333234
149	357471
150	383776
151	415238
152	440816
153	437610
154	418939
155	421004
156	448938
157	498667
158	563035
159	625596
160	673794
161	699616
162	723695
163	774028
164	869204
165	958819
166	994098
167	993614
168	965819
169	921193
170	864953
171	806542
172	757266
173	728182
174	713298
175	698680
176	673202
177	637832
178	588769
179	538557
180	487459
181	439471
182	398191
183	365140
184	337096
185	316935
186	299354
187	284124
188	265981
189	246353
190	224678
191	203826
192	184049
193	165961
194	151141
195	139308
196	129347
197	122229
198	115330
199	108602
200	101701
201	94183
202	85820
203	78106
204	71540
205	64982
206	59884
207	55741
208	52882
209	49261
210	46173
211	42680
212	39049
213	35907
214	32373
215	29441
216	27455
217	25018
218	23541
219	22014
220	20412
221	18979
222	17492
223	16216
224	14683
225	13621
226	12345
227	11401
228	10716
229	10156
230	9648
231	8934
232	8393
233	7954
234	7076
235	6775
236	6218
237	6097
238	5630
239	5285
240	5865
241	4887
242	407
243	363
244	332

