## htsjdk.samtools.metrics.StringHeader
# CollectInsertSizeMetrics  --Histogram_FILE pandisease.epifluidlab.cchmc.org/results/20200420-week-17/jhu-cfdna-frag/picard_metrics/EGAR00002027981.hg19.insert_size.pdf --INPUT pandisease.epifluidlab.cchmc.org/results/20200420-week-17/jhu-cfdna-frag/filtered_bam/EGAR00002027981.hg19.filtered.bam --OUTPUT pandisease.epifluidlab.cchmc.org/results/20200420-week-17/jhu-cfdna-frag/picard_metrics/EGAR00002027981.hg19.insert_size.txt  --DEVIATIONS 10.0 --MINIMUM_PCT 0.05 --METRIC_ACCUMULATION_LEVEL ALL_READS --INCLUDE_DUPLICATES false --ASSUME_SORTED true --STOP_AFTER 0 --VERBOSITY INFO --QUIET false --VALIDATION_STRINGENCY STRICT --COMPRESSION_LEVEL 5 --MAX_RECORDS_IN_RAM 500000 --CREATE_INDEX false --CREATE_MD5_FILE false --GA4GH_CLIENT_SECRETS client_secrets.json --help false --version false --showHidden false --USE_JDK_DEFLATER false --USE_JDK_INFLATER false
## htsjdk.samtools.metrics.StringHeader
# Started on: Sun May 03 10:48:09 UTC 2020

## METRICS CLASS	picard.analysis.InsertSizeMetrics
MEDIAN_INSERT_SIZE	MODE_INSERT_SIZE	MEDIAN_ABSOLUTE_DEVIATION	MIN_INSERT_SIZE	MAX_INSERT_SIZE	MEAN_INSERT_SIZE	STANDARD_DEVIATION	READ_PAIRS	PAIR_ORIENTATION	WIDTH_OF_10_PERCENT	WIDTH_OF_20_PERCENT	WIDTH_OF_30_PERCENT	WIDTH_OF_40_PERCENT	WIDTH_OF_50_PERCENT	WIDTH_OF_60_PERCENT	WIDTH_OF_70_PERCENT	WIDTH_OF_80_PERCENT	WIDTH_OF_90_PERCENT	WIDTH_OF_95_PERCENT	WIDTH_OF_99_PERCENT	SAMPLE	LIBRARY	READ_GROUP
167	167	11	88	245	166.959982	19.236529	44851929	FR	5	9	13	17	23	29	37	47	65	81	117			

## HISTOGRAM	java.lang.Integer
insert_size	All_Reads.fr_count
88	1807
89	1801
90	1941
91	2170
92	2646
93	3127
94	3473
95	3748
96	3905
97	3195
98	3788
99	10202
100	11178
101	12105
102	12938
103	13451
104	14388
105	14805
106	15952
107	18010
108	19673
109	22534
110	27222
111	29689
112	31310
113	29902
114	29454
115	30807
116	33295
117	37473
118	42152
119	47718
120	56648
121	69962
122	81589
123	81457
124	70971
125	63503
126	64284
127	70027
128	78068
129	88554
130	105096
131	129800
132	165890
133	201578
134	212415
135	196583
136	183731
137	194654
138	226313
139	274132
140	333219
141	380802
142	400524
143	406303
144	417318
145	429422
146	438296
147	450251
148	475659
149	507244
150	540264
151	580548
152	615664
153	618426
154	599388
155	595700
156	623003
157	677586
158	753347
159	834553
160	897755
161	941664
162	981550
163	1052531
164	1161306
165	1263600
166	1316602
167	1324127
168	1302347
169	1265915
170	1209772
171	1139220
172	1078052
173	1039230
174	1017048
175	994923
176	961321
177	907692
178	839784
179	768359
180	699429
181	633657
182	579085
183	533013
184	494802
185	463850
186	437934
187	416352
188	391566
189	364083
190	335468
191	305831
192	279311
193	253655
194	232922
195	217185
196	203169
197	191633
198	182278
199	172402
200	162068
201	150128
202	138602
203	127162
204	117156
205	107490
206	99569
207	93271
208	88481
209	83437
210	78145
211	73044
212	67629
213	62098
214	56460
215	52214
216	48283
217	44302
218	41386
219	39148
220	36546
221	34303
222	31743
223	29190
224	27110
225	24878
226	22398
227	20781
228	19542
229	18612
230	17713
231	16460
232	15372
233	14121
234	13147
235	12332
236	11356
237	10629
238	10530
239	9763
240	9256
241	9428
242	8041
243	6792
244	6657
245	6102

