## htsjdk.samtools.metrics.StringHeader
# CollectInsertSizeMetrics  --Histogram_FILE pandisease.epifluidlab.cchmc.org/results/20200420-week-17/jhu-cfdna-frag/picard_metrics/EGAR00002027924.hg19.insert_size.pdf --INPUT pandisease.epifluidlab.cchmc.org/results/20200420-week-17/jhu-cfdna-frag/filtered_bam/EGAR00002027924.hg19.filtered.bam --OUTPUT pandisease.epifluidlab.cchmc.org/results/20200420-week-17/jhu-cfdna-frag/picard_metrics/EGAR00002027924.hg19.insert_size.txt  --DEVIATIONS 10.0 --MINIMUM_PCT 0.05 --METRIC_ACCUMULATION_LEVEL ALL_READS --INCLUDE_DUPLICATES false --ASSUME_SORTED true --STOP_AFTER 0 --VERBOSITY INFO --QUIET false --VALIDATION_STRINGENCY STRICT --COMPRESSION_LEVEL 5 --MAX_RECORDS_IN_RAM 500000 --CREATE_INDEX false --CREATE_MD5_FILE false --GA4GH_CLIENT_SECRETS client_secrets.json --help false --version false --showHidden false --USE_JDK_DEFLATER false --USE_JDK_INFLATER false
## htsjdk.samtools.metrics.StringHeader
# Started on: Sun May 03 15:15:21 UTC 2020

## METRICS CLASS	picard.analysis.InsertSizeMetrics
MEDIAN_INSERT_SIZE	MODE_INSERT_SIZE	MEDIAN_ABSOLUTE_DEVIATION	MIN_INSERT_SIZE	MAX_INSERT_SIZE	MEAN_INSERT_SIZE	STANDARD_DEVIATION	READ_PAIRS	PAIR_ORIENTATION	WIDTH_OF_10_PERCENT	WIDTH_OF_20_PERCENT	WIDTH_OF_30_PERCENT	WIDTH_OF_40_PERCENT	WIDTH_OF_50_PERCENT	WIDTH_OF_60_PERCENT	WIDTH_OF_70_PERCENT	WIDTH_OF_80_PERCENT	WIDTH_OF_90_PERCENT	WIDTH_OF_95_PERCENT	WIDTH_OF_99_PERCENT	SAMPLE	LIBRARY	READ_GROUP
167	166	11	84	252	166.321259	19.977211	37220704	FR	5	9	13	17	23	31	39	49	67	85	121			

## HISTOGRAM	java.lang.Integer
insert_size	All_Reads.fr_count
84	1559
85	1412
86	1532
87	1428
88	2486
89	2919
90	3090
91	3049
92	2703
93	2786
94	3325
95	3720
96	3869
97	3187
98	3472
99	10499
100	12340
101	13632
102	14443
103	14596
104	14886
105	14418
106	15440
107	18057
108	20518
109	23969
110	29630
111	33988
112	35525
113	33106
114	31170
115	32339
116	34284
117	38046
118	43077
119	50362
120	62541
121	80558
122	94429
123	93296
124	75509
125	63100
126	60608
127	65100
128	71756
129	82607
130	99206
131	124484
132	162296
133	199452
134	207900
135	185101
136	165320
137	171895
138	201746
139	247562
140	302125
141	344171
142	359165
143	359603
144	363779
145	371987
146	371440
147	374547
148	390088
149	413966
150	442716
151	476833
152	502921
153	503232
154	485417
155	484090
156	508848
157	554546
158	613775
159	673536
160	719226
161	753552
162	788011
163	857657
164	961667
165	1059404
166	1097641
167	1090595
168	1057271
169	1013409
170	957881
171	901454
172	854436
173	829216
174	814718
175	800791
176	776529
177	735165
178	678975
179	618458
180	562270
181	506374
182	464909
183	427006
184	400821
185	378397
186	361873
187	342878
188	324477
189	302151
190	277070
191	253030
192	229491
193	208778
194	192192
195	179901
196	168900
197	160815
198	153234
199	145113
200	135484
201	126178
202	115654
203	106363
204	97290
205	89567
206	83791
207	77997
208	73689
209	69664
210	64830
211	60863
212	55940
213	51808
214	47347
215	43017
216	39533
217	37047
218	34663
219	32847
220	30392
221	28995
222	26192
223	24259
224	22428
225	20267
226	18588
227	17534
228	16440
229	15485
230	14455
231	13662
232	12748
233	11643
234	10821
235	10082
236	9448
237	8842
238	8435
239	8147
240	7715
241	7577
242	7099
243	6545
244	6687
245	5583
246	4923
247	4814
248	4541
249	240
250	235
251	253
252	208

