## htsjdk.samtools.metrics.StringHeader
# CollectInsertSizeMetrics  --Histogram_FILE pandisease.epifluidlab.cchmc.org/results/20200420-week-17/jhu-cfdna-frag/picard_metrics/EGAR00002028026.hg19.insert_size.pdf --INPUT pandisease.epifluidlab.cchmc.org/results/20200420-week-17/jhu-cfdna-frag/filtered_bam/EGAR00002028026.hg19.filtered.bam --OUTPUT pandisease.epifluidlab.cchmc.org/results/20200420-week-17/jhu-cfdna-frag/picard_metrics/EGAR00002028026.hg19.insert_size.txt  --DEVIATIONS 10.0 --MINIMUM_PCT 0.05 --METRIC_ACCUMULATION_LEVEL ALL_READS --INCLUDE_DUPLICATES false --ASSUME_SORTED true --STOP_AFTER 0 --VERBOSITY INFO --QUIET false --VALIDATION_STRINGENCY STRICT --COMPRESSION_LEVEL 5 --MAX_RECORDS_IN_RAM 500000 --CREATE_INDEX false --CREATE_MD5_FILE false --GA4GH_CLIENT_SECRETS client_secrets.json --help false --version false --showHidden false --USE_JDK_DEFLATER false --USE_JDK_INFLATER false
## htsjdk.samtools.metrics.StringHeader
# Started on: Sun May 03 13:15:39 UTC 2020

## METRICS CLASS	picard.analysis.InsertSizeMetrics
MEDIAN_INSERT_SIZE	MODE_INSERT_SIZE	MEDIAN_ABSOLUTE_DEVIATION	MIN_INSERT_SIZE	MAX_INSERT_SIZE	MEAN_INSERT_SIZE	STANDARD_DEVIATION	READ_PAIRS	PAIR_ORIENTATION	WIDTH_OF_10_PERCENT	WIDTH_OF_20_PERCENT	WIDTH_OF_30_PERCENT	WIDTH_OF_40_PERCENT	WIDTH_OF_50_PERCENT	WIDTH_OF_60_PERCENT	WIDTH_OF_70_PERCENT	WIDTH_OF_80_PERCENT	WIDTH_OF_90_PERCENT	WIDTH_OF_95_PERCENT	WIDTH_OF_99_PERCENT	SAMPLE	LIBRARY	READ_GROUP
166	166	11	83	247	165.447948	19.655126	38497585	FR	5	9	13	17	23	29	39	49	65	83	119			

## HISTOGRAM	java.lang.Integer
insert_size	All_Reads.fr_count
83	1667
84	2052
85	1844
86	2044
87	1988
88	2513
89	3131
90	3188
91	3058
92	2699
93	2845
94	3628
95	3806
96	4004
97	3293
98	3712
99	10758
100	12566
101	13764
102	14375
103	14883
104	14574
105	14658
106	15624
107	18005
108	19783
109	23526
110	29089
111	33139
112	34738
113	31949
114	30435
115	31398
116	33447
117	36801
118	41857
119	50173
120	63530
121	83463
122	100789
123	99664
124	81109
125	66433
126	63739
127	68569
128	76160
129	87352
130	105885
131	136871
132	183851
133	229871
134	239881
135	212081
136	186277
137	192015
138	224780
139	276808
140	337323
141	382952
142	393958
143	388203
144	390391
145	395695
146	391053
147	392286
148	412587
149	443961
150	477743
151	517376
152	548906
153	546293
154	525239
155	520841
156	547833
157	596289
158	662534
159	729333
160	781063
161	814572
162	846734
163	921587
164	1041184
165	1143009
166	1173688
167	1149299
168	1107572
169	1056637
170	993337
171	928311
172	871566
173	841255
174	823983
175	806241
176	778344
177	728480
178	672662
179	614913
180	556253
181	503499
182	456627
183	417880
184	387246
185	365182
186	345542
187	326636
188	307354
189	285054
190	261464
191	237004
192	214849
193	194792
194	178401
195	164678
196	153229
197	145829
198	139154
199	131335
200	123519
201	114153
202	104872
203	96587
204	88442
205	80977
206	75589
207	71031
208	66916
209	63209
210	59814
211	55660
212	51823
213	47620
214	43019
215	39377
216	36954
217	34224
218	31919
219	30038
220	28233
221	26482
222	24542
223	22467
224	20989
225	19418
226	17686
227	16340
228	15393
229	14723
230	13925
231	13049
232	12352
233	11267
234	10624
235	9836
236	9251
237	8797
238	8395
239	8115
240	8053
241	7597
242	7306
243	7663
244	6333
245	5237
246	5390
247	4996

