## htsjdk.samtools.metrics.StringHeader
# CollectInsertSizeMetrics  --Histogram_FILE pandisease.epifluidlab.cchmc.org/results/20200420-week-17/jhu-cfdna-frag/picard_metrics/EGAR00002028060.hg19.insert_size.pdf --INPUT pandisease.epifluidlab.cchmc.org/results/20200420-week-17/jhu-cfdna-frag/filtered_bam/EGAR00002028060.hg19.filtered.bam --OUTPUT pandisease.epifluidlab.cchmc.org/results/20200420-week-17/jhu-cfdna-frag/picard_metrics/EGAR00002028060.hg19.insert_size.txt  --DEVIATIONS 10.0 --MINIMUM_PCT 0.05 --METRIC_ACCUMULATION_LEVEL ALL_READS --INCLUDE_DUPLICATES false --ASSUME_SORTED true --STOP_AFTER 0 --VERBOSITY INFO --QUIET false --VALIDATION_STRINGENCY STRICT --COMPRESSION_LEVEL 5 --MAX_RECORDS_IN_RAM 500000 --CREATE_INDEX false --CREATE_MD5_FILE false --GA4GH_CLIENT_SECRETS client_secrets.json --help false --version false --showHidden false --USE_JDK_DEFLATER false --USE_JDK_INFLATER false
## htsjdk.samtools.metrics.StringHeader
# Started on: Sun May 03 02:47:15 UTC 2020

## METRICS CLASS	picard.analysis.InsertSizeMetrics
MEDIAN_INSERT_SIZE	MODE_INSERT_SIZE	MEDIAN_ABSOLUTE_DEVIATION	MIN_INSERT_SIZE	MAX_INSERT_SIZE	MEAN_INSERT_SIZE	STANDARD_DEVIATION	READ_PAIRS	PAIR_ORIENTATION	WIDTH_OF_10_PERCENT	WIDTH_OF_20_PERCENT	WIDTH_OF_30_PERCENT	WIDTH_OF_40_PERCENT	WIDTH_OF_50_PERCENT	WIDTH_OF_60_PERCENT	WIDTH_OF_70_PERCENT	WIDTH_OF_80_PERCENT	WIDTH_OF_90_PERCENT	WIDTH_OF_95_PERCENT	WIDTH_OF_99_PERCENT	SAMPLE	LIBRARY	READ_GROUP
165	166	11	85	247	164.82522	19.315731	48035450	FR	5	9	13	17	23	29	37	47	65	83	119			

## HISTOGRAM	java.lang.Integer
insert_size	All_Reads.fr_count
85	172
86	3490
87	2885
88	3483
89	4568
90	4466
91	4403
92	4026
93	4300
94	4949
95	5621
96	5632
97	4962
98	5390
99	16582
100	19338
101	20726
102	21614
103	21383
104	21382
105	21537
106	22916
107	26735
108	29297
109	32933
110	39344
111	43341
112	44747
113	40593
114	39239
115	39235
116	42598
117	47072
118	52905
119	61230
120	75910
121	96946
122	112987
123	108753
124	88204
125	74129
126	74109
127	80694
128	90356
129	106033
130	131361
131	175311
132	235684
133	282395
134	276833
135	237403
136	217022
137	231268
138	275806
139	338885
140	409935
141	465896
142	493493
143	509088
144	518954
145	510409
146	492471
147	498981
148	532030
149	587124
150	653711
151	728721
152	776576
153	763195
154	718008
155	706520
156	745567
157	821769
158	922929
159	1015977
160	1075662
161	1102265
162	1124287
163	1178946
164	1287199
165	1387623
166	1421162
167	1408735
168	1368324
169	1308628
170	1224075
171	1132794
172	1056781
173	1008456
174	972568
175	943609
176	910447
177	860137
178	798974
179	734885
180	670987
181	605586
182	550353
183	501561
184	463510
185	434267
186	408811
187	386183
188	362603
189	337668
190	310400
191	282134
192	255697
193	232894
194	212602
195	195914
196	181911
197	171592
198	162747
199	154159
200	142457
201	132591
202	122008
203	111690
204	102428
205	93668
206	87085
207	81563
208	75815
209	72186
210	67352
211	62469
212	57273
213	53054
214	48904
215	44584
216	41436
217	37980
218	36012
219	33688
220	31585
221	29394
222	27408
223	25089
224	23517
225	21475
226	19714
227	18603
228	17622
229	17044
230	16292
231	15579
232	14215
233	13635
234	12701
235	11968
236	11317
237	10580
238	10429
239	11769
240	10005
241	8621
242	8540
243	7764
244	1475
245	1541
246	1385
247	267

