## htsjdk.samtools.metrics.StringHeader
# CollectInsertSizeMetrics  --Histogram_FILE pandisease.epifluidlab.cchmc.org/results/20200420-week-17/jhu-cfdna-frag/picard_metrics/EGAR00002028095.hg19.insert_size.pdf --INPUT pandisease.epifluidlab.cchmc.org/results/20200420-week-17/jhu-cfdna-frag/filtered_bam/EGAR00002028095.hg19.filtered.bam --OUTPUT pandisease.epifluidlab.cchmc.org/results/20200420-week-17/jhu-cfdna-frag/picard_metrics/EGAR00002028095.hg19.insert_size.txt  --DEVIATIONS 10.0 --MINIMUM_PCT 0.05 --METRIC_ACCUMULATION_LEVEL ALL_READS --INCLUDE_DUPLICATES false --ASSUME_SORTED true --STOP_AFTER 0 --VERBOSITY INFO --QUIET false --VALIDATION_STRINGENCY STRICT --COMPRESSION_LEVEL 5 --MAX_RECORDS_IN_RAM 500000 --CREATE_INDEX false --CREATE_MD5_FILE false --GA4GH_CLIENT_SECRETS client_secrets.json --help false --version false --showHidden false --USE_JDK_DEFLATER false --USE_JDK_INFLATER false
## htsjdk.samtools.metrics.StringHeader
# Started on: Sun May 03 01:43:34 UTC 2020

## METRICS CLASS	picard.analysis.InsertSizeMetrics
MEDIAN_INSERT_SIZE	MODE_INSERT_SIZE	MEDIAN_ABSOLUTE_DEVIATION	MIN_INSERT_SIZE	MAX_INSERT_SIZE	MEAN_INSERT_SIZE	STANDARD_DEVIATION	READ_PAIRS	PAIR_ORIENTATION	WIDTH_OF_10_PERCENT	WIDTH_OF_20_PERCENT	WIDTH_OF_30_PERCENT	WIDTH_OF_40_PERCENT	WIDTH_OF_50_PERCENT	WIDTH_OF_60_PERCENT	WIDTH_OF_70_PERCENT	WIDTH_OF_80_PERCENT	WIDTH_OF_90_PERCENT	WIDTH_OF_95_PERCENT	WIDTH_OF_99_PERCENT	SAMPLE	LIBRARY	READ_GROUP
168	167	11	82	256	168.229073	20.533942	112795320	FR	5	9	13	17	23	31	39	51	69	89	123			

## HISTOGRAM	java.lang.Integer
insert_size	All_Reads.fr_count
82	2
83	2
84	5
85	37
86	4716
87	4030
88	4758
89	6338
90	6773
91	6617
92	6178
93	6478
94	7094
95	8245
96	8570
97	7740
98	8247
99	30924
100	36034
101	40790
102	42532
103	43515
104	43988
105	42990
106	46165
107	52080
108	59006
109	70217
110	85595
111	98412
112	101438
113	92676
114	86304
115	88804
116	94870
117	104569
118	117855
119	136753
120	169464
121	220117
122	260428
123	259711
124	209523
125	170575
126	162514
127	174343
128	193019
129	220351
130	264964
131	338956
132	447413
133	559782
134	582472
135	511328
136	444558
137	451042
138	527222
139	652997
140	814152
141	941022
142	982613
143	975984
144	981536
145	988956
146	979651
147	984925
148	1030886
149	1103708
150	1196528
151	1313892
152	1416546
153	1424049
154	1359648
155	1343974
156	1409681
157	1543112
158	1728161
159	1925379
160	2087421
161	2190081
162	2284902
163	2466628
164	2764152
165	3038581
166	3167206
167	3181086
168	3131817
169	3033724
170	2890075
171	2735555
172	2603953
173	2535306
174	2510449
175	2487689
176	2435730
177	2330660
178	2180374
179	2014877
180	1851993
181	1690805
182	1553091
183	1437002
184	1346838
185	1282003
186	1221860
187	1172859
188	1117123
189	1051092
190	973859
191	893743
192	816878
193	747926
194	690950
195	643809
196	607356
197	581338
198	555606
199	526176
200	500086
201	466100
202	431011
203	396962
204	365297
205	337908
206	315745
207	297955
208	283363
209	267081
210	252628
211	236135
212	220358
213	202399
214	185773
215	171011
216	158813
217	146682
218	137784
219	129582
220	122676
221	115577
222	106467
223	99015
224	90392
225	83225
226	76585
227	71402
228	66301
229	62582
230	58675
231	54499
232	51112
233	47582
234	43774
235	40437
236	37576
237	34888
238	32735
239	31309
240	29812
241	28338
242	26980
243	25413
244	23868
245	22586
246	23343
247	19515
248	16626
249	16709
250	15184
251	5119
252	4928
253	4777
254	3329
255	104
256	105

