## htsjdk.samtools.metrics.StringHeader
# CollectInsertSizeMetrics  --Histogram_FILE pandisease.epifluidlab.cchmc.org/results/20200420-week-17/jhu-cfdna-frag/picard_metrics/EGAR00002028076.hg19.insert_size.pdf --INPUT pandisease.epifluidlab.cchmc.org/results/20200420-week-17/jhu-cfdna-frag/filtered_bam/EGAR00002028076.hg19.filtered.bam --OUTPUT pandisease.epifluidlab.cchmc.org/results/20200420-week-17/jhu-cfdna-frag/picard_metrics/EGAR00002028076.hg19.insert_size.txt  --DEVIATIONS 10.0 --MINIMUM_PCT 0.05 --METRIC_ACCUMULATION_LEVEL ALL_READS --INCLUDE_DUPLICATES false --ASSUME_SORTED true --STOP_AFTER 0 --VERBOSITY INFO --QUIET false --VALIDATION_STRINGENCY STRICT --COMPRESSION_LEVEL 5 --MAX_RECORDS_IN_RAM 500000 --CREATE_INDEX false --CREATE_MD5_FILE false --GA4GH_CLIENT_SECRETS client_secrets.json --help false --version false --showHidden false --USE_JDK_DEFLATER false --USE_JDK_INFLATER false
## htsjdk.samtools.metrics.StringHeader
# Started on: Sun May 03 14:54:40 UTC 2020

## METRICS CLASS	picard.analysis.InsertSizeMetrics
MEDIAN_INSERT_SIZE	MODE_INSERT_SIZE	MEDIAN_ABSOLUTE_DEVIATION	MIN_INSERT_SIZE	MAX_INSERT_SIZE	MEAN_INSERT_SIZE	STANDARD_DEVIATION	READ_PAIRS	PAIR_ORIENTATION	WIDTH_OF_10_PERCENT	WIDTH_OF_20_PERCENT	WIDTH_OF_30_PERCENT	WIDTH_OF_40_PERCENT	WIDTH_OF_50_PERCENT	WIDTH_OF_60_PERCENT	WIDTH_OF_70_PERCENT	WIDTH_OF_80_PERCENT	WIDTH_OF_90_PERCENT	WIDTH_OF_95_PERCENT	WIDTH_OF_99_PERCENT	SAMPLE	LIBRARY	READ_GROUP
166	166	11	79	249	164.325191	20.439171	37746223	FR	5	9	13	17	23	31	39	51	69	89	125			

## HISTOGRAM	java.lang.Integer
insert_size	All_Reads.fr_count
79	1698
80	1685
81	1572
82	1624
83	2412
84	2749
85	2543
86	2636
87	2374
88	2737
89	3389
90	3456
91	3654
92	3122
93	3308
94	3578
95	4198
96	4703
97	3960
98	4307
99	18314
100	20940
101	22777
102	24790
103	25066
104	25138
105	24485
106	26139
107	28634
108	32563
109	37259
110	45807
111	52170
112	53691
113	49087
114	45398
115	45509
116	48031
117	52729
118	59251
119	67791
120	83679
121	106390
122	123947
123	120486
124	96852
125	79053
126	75408
127	80915
128	89234
129	100697
130	120022
131	148897
132	193736
133	235197
134	240537
135	214133
136	190281
137	200317
138	236032
139	289378
140	349286
141	394647
142	405824
143	398649
144	398634
145	400853
146	397520
147	401361
148	422100
149	447793
150	477819
151	511452
152	539532
153	538818
154	516997
155	512519
156	538250
157	582145
158	641692
159	705092
160	754472
161	784003
162	821134
163	887945
164	995329
165	1089293
166	1117753
167	1097355
168	1055579
169	1009566
170	953354
171	893716
172	840628
173	807567
174	786238
175	765778
176	735996
177	687723
178	633777
179	576627
180	522162
181	473358
182	429818
183	393042
184	362048
185	340823
186	321494
187	302613
188	283341
189	262854
190	241732
191	220364
192	199361
193	182333
194	167118
195	154587
196	145211
197	135900
198	129614
199	122184
200	115239
201	105960
202	97515
203	89713
204	83253
205	76387
206	71143
207	66846
208	62699
209	59356
210	56435
211	52754
212	49005
213	44746
214	41043
215	37981
216	34926
217	32222
218	30265
219	28806
220	26987
221	25980
222	23603
223	21737
224	20201
225	18507
226	17037
227	16106
228	15009
229	14157
230	13522
231	12734
232	12000
233	11264
234	10622
235	9922
236	9023
237	8714
238	8008
239	7997
240	7742
241	7583
242	7084
243	6886
244	6479
245	6287
246	6416
247	1555
248	818
249	711

