## htsjdk.samtools.metrics.StringHeader
# CollectInsertSizeMetrics  --Histogram_FILE pandisease.epifluidlab.cchmc.org/results/20200420-week-17/jhu-cfdna-frag/picard_metrics/EGAR00002027991.hg19.insert_size.pdf --INPUT pandisease.epifluidlab.cchmc.org/results/20200420-week-17/jhu-cfdna-frag/filtered_bam/EGAR00002027991.hg19.filtered.bam --OUTPUT pandisease.epifluidlab.cchmc.org/results/20200420-week-17/jhu-cfdna-frag/picard_metrics/EGAR00002027991.hg19.insert_size.txt  --DEVIATIONS 10.0 --MINIMUM_PCT 0.05 --METRIC_ACCUMULATION_LEVEL ALL_READS --INCLUDE_DUPLICATES false --ASSUME_SORTED true --STOP_AFTER 0 --VERBOSITY INFO --QUIET false --VALIDATION_STRINGENCY STRICT --COMPRESSION_LEVEL 5 --MAX_RECORDS_IN_RAM 500000 --CREATE_INDEX false --CREATE_MD5_FILE false --GA4GH_CLIENT_SECRETS client_secrets.json --help false --version false --showHidden false --USE_JDK_DEFLATER false --USE_JDK_INFLATER false
## htsjdk.samtools.metrics.StringHeader
# Started on: Sun May 03 14:45:50 UTC 2020

## METRICS CLASS	picard.analysis.InsertSizeMetrics
MEDIAN_INSERT_SIZE	MODE_INSERT_SIZE	MEDIAN_ABSOLUTE_DEVIATION	MIN_INSERT_SIZE	MAX_INSERT_SIZE	MEAN_INSERT_SIZE	STANDARD_DEVIATION	READ_PAIRS	PAIR_ORIENTATION	WIDTH_OF_10_PERCENT	WIDTH_OF_20_PERCENT	WIDTH_OF_30_PERCENT	WIDTH_OF_40_PERCENT	WIDTH_OF_50_PERCENT	WIDTH_OF_60_PERCENT	WIDTH_OF_70_PERCENT	WIDTH_OF_80_PERCENT	WIDTH_OF_90_PERCENT	WIDTH_OF_95_PERCENT	WIDTH_OF_99_PERCENT	SAMPLE	LIBRARY	READ_GROUP
169	167	11	83	259	169.183941	20.721099	35453427	FR	5	9	13	17	23	31	39	51	69	89	125			

## HISTOGRAM	java.lang.Integer
insert_size	All_Reads.fr_count
83	6
84	11
85	11
86	11
87	323
88	363
89	407
90	2629
91	2411
92	2489
93	2754
94	2894
95	2938
96	3134
97	2943
98	3330
99	8651
100	9742
101	10495
102	11150
103	11894
104	12153
105	11885
106	13013
107	14630
108	16196
109	18905
110	23723
111	26676
112	27392
113	25081
114	23939
115	24386
116	25804
117	29629
118	33367
119	38638
120	47273
121	60053
122	70830
123	70381
124	57877
125	48485
126	47437
127	50953
128	56464
129	65238
130	78664
131	98765
132	128313
133	159228
134	166047
135	148130
136	131718
137	136302
138	159452
139	197418
140	242570
141	279756
142	291787
143	290661
144	294212
145	296617
146	297067
147	301510
148	318003
149	342435
150	370991
151	405406
152	436109
153	438653
154	420313
155	416245
156	435624
157	477696
158	533615
159	596140
160	647540
161	681380
162	712164
163	766913
164	857183
165	939718
166	978290
167	983159
168	971313
169	942537
170	900716
171	852924
172	812036
173	793326
174	784884
175	774896
176	759772
177	727959
178	682839
179	634471
180	586426
181	538593
182	498265
183	461673
184	434767
185	415276
186	400423
187	384250
188	369111
189	348516
190	326938
191	302203
192	277418
193	254695
194	235836
195	220702
196	207674
197	200360
198	192190
199	184154
200	173265
201	162846
202	149438
203	138268
204	127334
205	118340
206	110199
207	103379
208	98537
209	93465
210	88551
211	83163
212	77344
213	70881
214	64777
215	60176
216	55578
217	51535
218	48372
219	45573
220	43176
221	40583
222	37671
223	34840
224	31983
225	29086
226	26690
227	25088
228	23143
229	22191
230	20491
231	19373
232	18009
233	16830
234	15652
235	14284
236	13138
237	12290
238	11549
239	11176
240	10717
241	10054
242	9538
243	10058
244	8303
245	6891
246	6653
247	6238
248	6096
249	5667
250	5299
251	5386
252	5206
253	4976
254	5185
255	4654
256	679
257	600
258	606
259	426

