## htsjdk.samtools.metrics.StringHeader
# CollectInsertSizeMetrics  --Histogram_FILE pandisease.epifluidlab.cchmc.org/results/20200420-week-17/jhu-cfdna-frag/picard_metrics/EGAR00002028019.hg19.insert_size.pdf --INPUT pandisease.epifluidlab.cchmc.org/results/20200420-week-17/jhu-cfdna-frag/filtered_bam/EGAR00002028019.hg19.filtered.bam --OUTPUT pandisease.epifluidlab.cchmc.org/results/20200420-week-17/jhu-cfdna-frag/picard_metrics/EGAR00002028019.hg19.insert_size.txt  --DEVIATIONS 10.0 --MINIMUM_PCT 0.05 --METRIC_ACCUMULATION_LEVEL ALL_READS --INCLUDE_DUPLICATES false --ASSUME_SORTED true --STOP_AFTER 0 --VERBOSITY INFO --QUIET false --VALIDATION_STRINGENCY STRICT --COMPRESSION_LEVEL 5 --MAX_RECORDS_IN_RAM 500000 --CREATE_INDEX false --CREATE_MD5_FILE false --GA4GH_CLIENT_SECRETS client_secrets.json --help false --version false --showHidden false --USE_JDK_DEFLATER false --USE_JDK_INFLATER false
## htsjdk.samtools.metrics.StringHeader
# Started on: Sun May 03 14:44:09 UTC 2020

## METRICS CLASS	picard.analysis.InsertSizeMetrics
MEDIAN_INSERT_SIZE	MODE_INSERT_SIZE	MEDIAN_ABSOLUTE_DEVIATION	MIN_INSERT_SIZE	MAX_INSERT_SIZE	MEAN_INSERT_SIZE	STANDARD_DEVIATION	READ_PAIRS	PAIR_ORIENTATION	WIDTH_OF_10_PERCENT	WIDTH_OF_20_PERCENT	WIDTH_OF_30_PERCENT	WIDTH_OF_40_PERCENT	WIDTH_OF_50_PERCENT	WIDTH_OF_60_PERCENT	WIDTH_OF_70_PERCENT	WIDTH_OF_80_PERCENT	WIDTH_OF_90_PERCENT	WIDTH_OF_95_PERCENT	WIDTH_OF_99_PERCENT	SAMPLE	LIBRARY	READ_GROUP
167	166	11	88	249	167.195128	19.118805	36754316	FR	5	7	13	17	23	29	37	47	65	81	117			

## HISTOGRAM	java.lang.Integer
insert_size	All_Reads.fr_count
88	25
89	33
90	49
91	104
92	2218
93	2210
94	2934
95	2914
96	3198
97	2630
98	2761
99	8244
100	9221
101	9888
102	10278
103	10609
104	10890
105	11832
106	12189
107	13553
108	14919
109	17208
110	20729
111	23273
112	24419
113	23182
114	22271
115	22725
116	24638
117	27223
118	31215
119	36354
120	44962
121	57731
122	67542
123	67519
124	56367
125	47520
126	47466
127	51488
128	57175
129	65950
130	79469
131	101362
132	135189
133	168044
134	177460
135	160278
136	145169
137	152710
138	182240
139	227419
140	278339
141	319253
142	330770
143	330343
144	335187
145	342113
146	344899
147	352806
148	373751
149	401853
150	433361
151	470436
152	499937
153	500120
154	480248
155	480986
156	506865
157	555048
158	619041
159	686107
160	735975
161	767361
162	800323
163	867661
164	977683
165	1078017
166	1116836
167	1105421
168	1072398
169	1029281
170	973410
171	912718
172	862592
173	833835
174	821510
175	810366
176	786032
177	742697
178	690009
179	633684
180	578482
181	524671
182	478803
183	439046
184	409649
185	387799
186	371047
187	353414
188	334699
189	313234
190	287168
191	261263
192	237225
193	215764
194	197519
195	183379
196	170534
197	162207
198	154260
199	147084
200	137809
201	128134
202	117105
203	107109
204	97538
205	89634
206	82102
207	77057
208	72892
209	69113
210	64974
211	60518
212	56101
213	50944
214	45975
215	42327
216	39138
217	35816
218	33595
219	31563
220	29393
221	27621
222	25674
223	23243
224	21504
225	19733
226	17899
227	16528
228	15676
229	14790
230	13993
231	12946
232	11918
233	11190
234	10372
235	9647
236	8848
237	8253
238	8659
239	7209
240	6308
241	6105
242	5672
243	4659
244	4297
245	4092
246	2899
247	763
248	792
249	674

