## htsjdk.samtools.metrics.StringHeader
# CollectInsertSizeMetrics  --Histogram_FILE pandisease.epifluidlab.cchmc.org/results/20200420-week-17/jhu-cfdna-frag/picard_metrics/EGAR00002027938.hg19.insert_size.pdf --INPUT pandisease.epifluidlab.cchmc.org/results/20200420-week-17/jhu-cfdna-frag/filtered_bam/EGAR00002027938.hg19.filtered.bam --OUTPUT pandisease.epifluidlab.cchmc.org/results/20200420-week-17/jhu-cfdna-frag/picard_metrics/EGAR00002027938.hg19.insert_size.txt  --DEVIATIONS 10.0 --MINIMUM_PCT 0.05 --METRIC_ACCUMULATION_LEVEL ALL_READS --INCLUDE_DUPLICATES false --ASSUME_SORTED true --STOP_AFTER 0 --VERBOSITY INFO --QUIET false --VALIDATION_STRINGENCY STRICT --COMPRESSION_LEVEL 5 --MAX_RECORDS_IN_RAM 500000 --CREATE_INDEX false --CREATE_MD5_FILE false --GA4GH_CLIENT_SECRETS client_secrets.json --help false --version false --showHidden false --USE_JDK_DEFLATER false --USE_JDK_INFLATER false
## htsjdk.samtools.metrics.StringHeader
# Started on: Sun May 03 15:08:48 UTC 2020

## METRICS CLASS	picard.analysis.InsertSizeMetrics
MEDIAN_INSERT_SIZE	MODE_INSERT_SIZE	MEDIAN_ABSOLUTE_DEVIATION	MIN_INSERT_SIZE	MAX_INSERT_SIZE	MEAN_INSERT_SIZE	STANDARD_DEVIATION	READ_PAIRS	PAIR_ORIENTATION	WIDTH_OF_10_PERCENT	WIDTH_OF_20_PERCENT	WIDTH_OF_30_PERCENT	WIDTH_OF_40_PERCENT	WIDTH_OF_50_PERCENT	WIDTH_OF_60_PERCENT	WIDTH_OF_70_PERCENT	WIDTH_OF_80_PERCENT	WIDTH_OF_90_PERCENT	WIDTH_OF_95_PERCENT	WIDTH_OF_99_PERCENT	SAMPLE	LIBRARY	READ_GROUP
167	166	12	80	255	166.595651	20.837431	35740313	FR	5	9	13	19	25	31	41	51	69	89	127			

## HISTOGRAM	java.lang.Integer
insert_size	All_Reads.fr_count
80	4
81	1853
82	1844
83	2112
84	2563
85	2218
86	2711
87	2329
88	2629
89	2873
90	2867
91	3117
92	2993
93	3286
94	3609
95	3716
96	3992
97	3160
98	4227
99	13560
100	15509
101	16958
102	17655
103	17838
104	18230
105	18009
106	19431
107	21408
108	23762
109	27634
110	33647
111	38280
112	40133
113	36282
114	33417
115	33675
116	35882
117	38843
118	44260
119	51172
120	63728
121	83711
122	98377
123	97133
124	77494
125	62659
126	58447
127	62190
128	68527
129	77953
130	94372
131	120928
132	159435
133	196943
134	204598
135	180542
136	158751
137	162853
138	191612
139	236277
140	291938
141	333083
142	347193
143	343263
144	345996
145	350868
146	349795
147	351902
148	367252
149	390171
150	418588
151	453851
152	481866
153	482460
154	461695
155	458538
156	480164
157	521962
158	576852
159	635019
160	680942
161	710821
162	741708
163	802125
164	896879
165	979307
166	1013065
167	1006870
168	982849
169	945932
170	896481
171	843796
172	797026
173	771205
174	757340
175	744746
176	724324
177	688530
178	640298
179	590243
180	540290
181	493495
182	452034
183	417953
184	391418
185	370711
186	352964
187	337718
188	320921
189	300722
190	278727
191	255345
192	234301
193	213807
194	197814
195	183092
196	173316
197	163784
198	156246
199	148506
200	139429
201	130191
202	120115
203	110817
204	102027
205	93728
206	87712
207	81920
208	77883
209	73649
210	69335
211	65618
212	60447
213	55909
214	51497
215	46927
216	43719
217	40192
218	37974
219	35941
220	34137
221	31862
222	29522
223	27677
224	25775
225	23425
226	21704
227	20198
228	18874
229	18103
230	17165
231	15847
232	15011
233	14043
234	12960
235	11972
236	11225
237	10486
238	9929
239	9447
240	9383
241	8882
242	8617
243	8158
244	7648
245	7308
246	7059
247	6741
248	7297
249	6053
250	4752
251	4858
252	4461
253	126
254	130
255	123

