## htsjdk.samtools.metrics.StringHeader
# CollectInsertSizeMetrics  --Histogram_FILE pandisease.epifluidlab.cchmc.org/results/20200420-week-17/jhu-cfdna-frag/picard_metrics/EGAR00002027928.hg19.insert_size.pdf --INPUT pandisease.epifluidlab.cchmc.org/results/20200420-week-17/jhu-cfdna-frag/filtered_bam/EGAR00002027928.hg19.filtered.bam --OUTPUT pandisease.epifluidlab.cchmc.org/results/20200420-week-17/jhu-cfdna-frag/picard_metrics/EGAR00002027928.hg19.insert_size.txt  --DEVIATIONS 10.0 --MINIMUM_PCT 0.05 --METRIC_ACCUMULATION_LEVEL ALL_READS --INCLUDE_DUPLICATES false --ASSUME_SORTED true --STOP_AFTER 0 --VERBOSITY INFO --QUIET false --VALIDATION_STRINGENCY STRICT --COMPRESSION_LEVEL 5 --MAX_RECORDS_IN_RAM 500000 --CREATE_INDEX false --CREATE_MD5_FILE false --GA4GH_CLIENT_SECRETS client_secrets.json --help false --version false --showHidden false --USE_JDK_DEFLATER false --USE_JDK_INFLATER false
## htsjdk.samtools.metrics.StringHeader
# Started on: Sun May 03 15:07:55 UTC 2020

## METRICS CLASS	picard.analysis.InsertSizeMetrics
MEDIAN_INSERT_SIZE	MODE_INSERT_SIZE	MEDIAN_ABSOLUTE_DEVIATION	MIN_INSERT_SIZE	MAX_INSERT_SIZE	MEAN_INSERT_SIZE	STANDARD_DEVIATION	READ_PAIRS	PAIR_ORIENTATION	WIDTH_OF_10_PERCENT	WIDTH_OF_20_PERCENT	WIDTH_OF_30_PERCENT	WIDTH_OF_40_PERCENT	WIDTH_OF_50_PERCENT	WIDTH_OF_60_PERCENT	WIDTH_OF_70_PERCENT	WIDTH_OF_80_PERCENT	WIDTH_OF_90_PERCENT	WIDTH_OF_95_PERCENT	WIDTH_OF_99_PERCENT	SAMPLE	LIBRARY	READ_GROUP
166	166	12	78	254	165.283576	20.983036	36694398	FR	5	9	13	19	25	31	41	51	69	89	127			

## HISTOGRAM	java.lang.Integer
insert_size	All_Reads.fr_count
78	88
79	2069
80	1808
81	1774
82	1902
83	2162
84	2712
85	2516
86	2647
87	2271
88	2781
89	3018
90	3315
91	3531
92	2970
93	3165
94	3575
95	3578
96	4436
97	3752
98	3973
99	14476
100	17094
101	18708
102	19593
103	20099
104	19898
105	19817
106	20534
107	23104
108	25931
109	30343
110	38432
111	43927
112	45443
113	40822
114	37345
115	37400
116	39629
117	43689
118	49806
119	58399
120	74245
121	96947
122	115592
123	111961
124	89346
125	70552
126	66423
127	70098
128	77339
129	90202
130	109425
131	141387
132	188419
133	235227
134	245008
135	212233
136	181333
137	184639
138	215520
139	269046
140	335538
141	389203
142	406125
143	400131
144	402040
145	401818
146	392078
147	386669
148	399465
149	426382
150	460155
151	504030
152	539159
153	537078
154	508395
155	497891
156	515189
157	557985
158	615608
159	676836
160	725823
161	755967
162	783712
163	838744
164	928878
165	1007995
166	1036055
167	1024176
168	993593
169	945658
170	893055
171	834455
172	784976
173	754912
174	733105
175	713648
176	689591
177	651631
178	605729
179	557092
180	511184
181	466312
182	425577
183	391264
184	363334
185	342806
186	325155
187	309351
188	293892
189	276225
190	256787
191	237269
192	216805
193	198780
194	182506
195	171006
196	160578
197	152189
198	146805
199	140255
200	133441
201	124538
202	116599
203	106608
204	98776
205	91319
206	84923
207	80561
208	75992
209	72399
210	68428
211	64457
212	60443
213	55779
214	51312
215	47075
216	43739
217	40780
218	38234
219	36321
220	34406
221	32470
222	30061
223	27665
224	25807
225	23604
226	21458
227	20127
228	18804
229	17929
230	16920
231	15560
232	14722
233	13779
234	12760
235	12050
236	10931
237	9987
238	9514
239	9183
240	8802
241	8433
242	8077
243	7611
244	7045
245	6631
246	7059
247	5746
248	4750
249	4878
250	4463
251	1456
252	1411
253	1314
254	1137

