## htsjdk.samtools.metrics.StringHeader
# CollectInsertSizeMetrics  --Histogram_FILE pandisease.epifluidlab.cchmc.org/results/20200420-week-17/jhu-cfdna-frag/picard_metrics/EGAR00002028075.hg19.insert_size.pdf --INPUT pandisease.epifluidlab.cchmc.org/results/20200420-week-17/jhu-cfdna-frag/filtered_bam/EGAR00002028075.hg19.filtered.bam --OUTPUT pandisease.epifluidlab.cchmc.org/results/20200420-week-17/jhu-cfdna-frag/picard_metrics/EGAR00002028075.hg19.insert_size.txt  --DEVIATIONS 10.0 --MINIMUM_PCT 0.05 --METRIC_ACCUMULATION_LEVEL ALL_READS --INCLUDE_DUPLICATES false --ASSUME_SORTED true --STOP_AFTER 0 --VERBOSITY INFO --QUIET false --VALIDATION_STRINGENCY STRICT --COMPRESSION_LEVEL 5 --MAX_RECORDS_IN_RAM 500000 --CREATE_INDEX false --CREATE_MD5_FILE false --GA4GH_CLIENT_SECRETS client_secrets.json --help false --version false --showHidden false --USE_JDK_DEFLATER false --USE_JDK_INFLATER false
## htsjdk.samtools.metrics.StringHeader
# Started on: Sun May 03 15:47:32 UTC 2020

## METRICS CLASS	picard.analysis.InsertSizeMetrics
MEDIAN_INSERT_SIZE	MODE_INSERT_SIZE	MEDIAN_ABSOLUTE_DEVIATION	MIN_INSERT_SIZE	MAX_INSERT_SIZE	MEAN_INSERT_SIZE	STANDARD_DEVIATION	READ_PAIRS	PAIR_ORIENTATION	WIDTH_OF_10_PERCENT	WIDTH_OF_20_PERCENT	WIDTH_OF_30_PERCENT	WIDTH_OF_40_PERCENT	WIDTH_OF_50_PERCENT	WIDTH_OF_60_PERCENT	WIDTH_OF_70_PERCENT	WIDTH_OF_80_PERCENT	WIDTH_OF_90_PERCENT	WIDTH_OF_95_PERCENT	WIDTH_OF_99_PERCENT	SAMPLE	LIBRARY	READ_GROUP
166	166	11	79	250	164.664993	20.363772	27955440	FR	5	9	13	17	23	31	39	51	69	89	123			

## HISTOGRAM	java.lang.Integer
insert_size	All_Reads.fr_count
79	178
80	165
81	248
82	320
83	1578
84	1744
85	1701
86	2012
87	1590
88	1970
89	2162
90	2245
91	2468
92	2313
93	2369
94	2623
95	2734
96	3091
97	2607
98	3158
99	11916
100	13565
101	15016
102	16132
103	16547
104	17056
105	16969
106	17885
107	20128
108	22213
109	25904
110	31490
111	36143
112	37734
113	34346
114	32083
115	32431
116	34599
117	37125
118	42320
119	48034
120	59409
121	75515
122	88348
123	86032
124	70126
125	57220
126	54653
127	58817
128	64211
129	72709
130	87074
131	108539
132	139534
133	169558
134	174338
135	154894
136	139129
137	146604
138	172655
139	211591
140	255610
141	287214
142	294367
143	291759
144	290958
145	293672
146	291844
147	295047
148	309188
149	329627
150	352882
151	377035
152	396674
153	394397
154	378962
155	377538
156	395307
157	430499
158	473580
159	520525
160	556419
161	579858
162	605389
163	654651
164	733730
165	803240
166	824862
167	810379
168	783828
169	750898
170	710596
171	665724
172	627219
173	604982
174	588677
175	573857
176	550158
177	516339
178	474088
179	433096
180	395115
181	355997
182	323622
183	296784
184	273606
185	257057
186	242315
187	227453
188	213281
189	198403
190	182202
191	166841
192	151718
193	138322
194	126590
195	117653
196	109540
197	102854
198	98618
199	92393
200	87047
201	80623
202	74624
203	68316
204	63105
205	58454
206	54112
207	50704
208	47751
209	45398
210	42975
211	40161
212	37387
213	34207
214	31348
215	28580
216	26751
217	24695
218	23223
219	21554
220	20449
221	19326
222	17886
223	16540
224	15207
225	14165
226	12775
227	12043
228	11284
229	10728
230	9959
231	9371
232	9005
233	8462
234	7760
235	7185
236	6585
237	6167
238	5906
239	5709
240	5471
241	5252
242	5280
243	5299
244	4511
245	3941
246	3722
247	3163
248	2931
249	2876
250	2560

