## htsjdk.samtools.metrics.StringHeader
# CollectInsertSizeMetrics  --Histogram_FILE pandisease.epifluidlab.cchmc.org/results/20200420-week-17/jhu-cfdna-frag/picard_metrics/EGAR00002027987.hg19.insert_size.pdf --INPUT pandisease.epifluidlab.cchmc.org/results/20200420-week-17/jhu-cfdna-frag/filtered_bam/EGAR00002027987.hg19.filtered.bam --OUTPUT pandisease.epifluidlab.cchmc.org/results/20200420-week-17/jhu-cfdna-frag/picard_metrics/EGAR00002027987.hg19.insert_size.txt  --DEVIATIONS 10.0 --MINIMUM_PCT 0.05 --METRIC_ACCUMULATION_LEVEL ALL_READS --INCLUDE_DUPLICATES false --ASSUME_SORTED true --STOP_AFTER 0 --VERBOSITY INFO --QUIET false --VALIDATION_STRINGENCY STRICT --COMPRESSION_LEVEL 5 --MAX_RECORDS_IN_RAM 500000 --CREATE_INDEX false --CREATE_MD5_FILE false --GA4GH_CLIENT_SECRETS client_secrets.json --help false --version false --showHidden false --USE_JDK_DEFLATER false --USE_JDK_INFLATER false
## htsjdk.samtools.metrics.StringHeader
# Started on: Sun May 03 13:06:01 UTC 2020

## METRICS CLASS	picard.analysis.InsertSizeMetrics
MEDIAN_INSERT_SIZE	MODE_INSERT_SIZE	MEDIAN_ABSOLUTE_DEVIATION	MIN_INSERT_SIZE	MAX_INSERT_SIZE	MEAN_INSERT_SIZE	STANDARD_DEVIATION	READ_PAIRS	PAIR_ORIENTATION	WIDTH_OF_10_PERCENT	WIDTH_OF_20_PERCENT	WIDTH_OF_30_PERCENT	WIDTH_OF_40_PERCENT	WIDTH_OF_50_PERCENT	WIDTH_OF_60_PERCENT	WIDTH_OF_70_PERCENT	WIDTH_OF_80_PERCENT	WIDTH_OF_90_PERCENT	WIDTH_OF_95_PERCENT	WIDTH_OF_99_PERCENT	SAMPLE	LIBRARY	READ_GROUP
167	166	10	92	242	166.613503	18.630089	38069521	FR	5	7	11	17	21	27	35	47	63	79	115			

## HISTOGRAM	java.lang.Integer
insert_size	All_Reads.fr_count
92	2096
93	2402
94	3049
95	3114
96	3361
97	2595
98	3312
99	9786
100	11819
101	12634
102	13338
103	13443
104	13740
105	14729
106	15971
107	17904
108	19670
109	22608
110	27196
111	31267
112	32085
113	30362
114	28698
115	29529
116	31577
117	34924
118	40423
119	45474
120	54769
121	69075
122	80085
123	78653
124	64989
125	54881
126	54139
127	58433
128	65000
129	74465
130	87764
131	108726
132	139955
133	171262
134	178187
135	161593
136	148009
137	158315
138	188621
139	231868
140	279105
141	314155
142	325456
143	326709
144	329000
145	336490
146	339349
147	351074
148	375172
149	402588
150	429507
151	460890
152	484618
153	486660
154	472905
155	479891
156	510987
157	566366
158	633041
159	699826
160	748301
161	784576
162	825106
163	908904
164	1043891
165	1165511
166	1214983
167	1207976
168	1173690
169	1122118
170	1057219
171	991655
172	938626
173	915795
174	907516
175	899090
176	874974
177	823469
178	754574
179	682631
180	610912
181	548646
182	497947
183	455590
184	422947
185	399745
186	376731
187	355905
188	331813
189	303804
190	275987
191	247454
192	222334
193	200993
194	183765
195	169969
196	157590
197	147999
198	139575
199	130195
200	120845
201	110383
202	101133
203	91845
204	84422
205	76998
206	70930
207	66588
208	63083
209	58539
210	54869
211	51120
212	46839
213	42574
214	38786
215	35971
216	32742
217	30223
218	28484
219	26855
220	24591
221	23064
222	21432
223	19560
224	18056
225	16432
226	15076
227	14035
228	13290
229	12741
230	11951
231	10915
232	10430
233	9780
234	8954
235	8557
236	8113
237	7695
238	7895
239	1723
240	912
241	774
242	126

