## htsjdk.samtools.metrics.StringHeader
# CollectInsertSizeMetrics  --Histogram_FILE pandisease.epifluidlab.cchmc.org/results/20200420-week-17/jhu-cfdna-frag/picard_metrics/EGAR00002028079.hg19.insert_size.pdf --INPUT pandisease.epifluidlab.cchmc.org/results/20200420-week-17/jhu-cfdna-frag/filtered_bam/EGAR00002028079.hg19.filtered.bam --OUTPUT pandisease.epifluidlab.cchmc.org/results/20200420-week-17/jhu-cfdna-frag/picard_metrics/EGAR00002028079.hg19.insert_size.txt  --DEVIATIONS 10.0 --MINIMUM_PCT 0.05 --METRIC_ACCUMULATION_LEVEL ALL_READS --INCLUDE_DUPLICATES false --ASSUME_SORTED true --STOP_AFTER 0 --VERBOSITY INFO --QUIET false --VALIDATION_STRINGENCY STRICT --COMPRESSION_LEVEL 5 --MAX_RECORDS_IN_RAM 500000 --CREATE_INDEX false --CREATE_MD5_FILE false --GA4GH_CLIENT_SECRETS client_secrets.json --help false --version false --showHidden false --USE_JDK_DEFLATER false --USE_JDK_INFLATER false
## htsjdk.samtools.metrics.StringHeader
# Started on: Sun May 03 15:27:11 UTC 2020

## METRICS CLASS	picard.analysis.InsertSizeMetrics
MEDIAN_INSERT_SIZE	MODE_INSERT_SIZE	MEDIAN_ABSOLUTE_DEVIATION	MIN_INSERT_SIZE	MAX_INSERT_SIZE	MEAN_INSERT_SIZE	STANDARD_DEVIATION	READ_PAIRS	PAIR_ORIENTATION	WIDTH_OF_10_PERCENT	WIDTH_OF_20_PERCENT	WIDTH_OF_30_PERCENT	WIDTH_OF_40_PERCENT	WIDTH_OF_50_PERCENT	WIDTH_OF_60_PERCENT	WIDTH_OF_70_PERCENT	WIDTH_OF_80_PERCENT	WIDTH_OF_90_PERCENT	WIDTH_OF_95_PERCENT	WIDTH_OF_99_PERCENT	SAMPLE	LIBRARY	READ_GROUP
165	166	11	81	244	163.027871	19.498476	35407858	FR	5	7	13	17	23	29	37	49	65	85	119			

## HISTOGRAM	java.lang.Integer
insert_size	All_Reads.fr_count
81	1740
82	1659
83	1919
84	2046
85	2156
86	2233
87	2194
88	2432
89	2639
90	2627
91	3070
92	2807
93	2944
94	3194
95	3388
96	3457
97	3546
98	3846
99	15115
100	17306
101	19118
102	20341
103	21504
104	21969
105	21510
106	23523
107	26478
108	29486
109	33891
110	41040
111	47402
112	48683
113	45076
114	42183
115	42567
116	45855
117	51008
118	55917
119	64636
120	77908
121	97467
122	113721
123	111040
124	91226
125	76224
126	74075
127	79479
128	87981
129	100083
130	118694
131	147639
132	189256
133	229333
134	237910
135	214259
136	196350
137	206717
138	241923
139	293494
140	347852
141	388319
142	398910
143	394081
144	395452
145	399340
146	398444
147	406583
148	422184
149	448212
150	472688
151	501289
152	524309
153	520673
154	501989
155	504828
156	534851
157	583912
158	646231
159	705781
160	748235
161	779977
162	818483
163	897331
164	1012806
165	1110095
166	1132323
167	1103420
168	1053899
169	990179
170	917337
171	848224
172	786483
173	748304
174	722240
175	694189
176	658506
177	610332
178	551406
179	493984
180	441231
181	393252
182	352544
183	319187
184	292077
185	274511
186	255402
187	240470
188	224364
189	206235
190	188224
191	170259
192	154135
193	139999
194	127485
195	118165
196	110290
197	103755
198	97809
199	92532
200	86854
201	80840
202	74409
203	68121
204	62187
205	57693
206	54092
207	50579
208	47460
209	44476
210	42032
211	39595
212	36634
213	33431
214	30479
215	27897
216	25813
217	23876
218	22599
219	21360
220	20007
221	18696
222	17575
223	16053
224	14853
225	13543
226	12272
227	11391
228	10421
229	10347
230	9887
231	9383
232	8594
233	8148
234	7591
235	7174
236	6694
237	6150
238	6060
239	5844
240	5958
241	6166
242	981
243	396
244	356

