## htsjdk.samtools.metrics.StringHeader
# CollectInsertSizeMetrics  --Histogram_FILE pandisease.epifluidlab.cchmc.org/results/20200420-week-17/jhu-cfdna-frag/picard_metrics/EGAR00002028085.hg19.insert_size.pdf --INPUT pandisease.epifluidlab.cchmc.org/results/20200420-week-17/jhu-cfdna-frag/filtered_bam/EGAR00002028085.hg19.filtered.bam --OUTPUT pandisease.epifluidlab.cchmc.org/results/20200420-week-17/jhu-cfdna-frag/picard_metrics/EGAR00002028085.hg19.insert_size.txt  --DEVIATIONS 10.0 --MINIMUM_PCT 0.05 --METRIC_ACCUMULATION_LEVEL ALL_READS --INCLUDE_DUPLICATES false --ASSUME_SORTED true --STOP_AFTER 0 --VERBOSITY INFO --QUIET false --VALIDATION_STRINGENCY STRICT --COMPRESSION_LEVEL 5 --MAX_RECORDS_IN_RAM 500000 --CREATE_INDEX false --CREATE_MD5_FILE false --GA4GH_CLIENT_SECRETS client_secrets.json --help false --version false --showHidden false --USE_JDK_DEFLATER false --USE_JDK_INFLATER false
## htsjdk.samtools.metrics.StringHeader
# Started on: Sun May 03 15:19:17 UTC 2020

## METRICS CLASS	picard.analysis.InsertSizeMetrics
MEDIAN_INSERT_SIZE	MODE_INSERT_SIZE	MEDIAN_ABSOLUTE_DEVIATION	MIN_INSERT_SIZE	MAX_INSERT_SIZE	MEAN_INSERT_SIZE	STANDARD_DEVIATION	READ_PAIRS	PAIR_ORIENTATION	WIDTH_OF_10_PERCENT	WIDTH_OF_20_PERCENT	WIDTH_OF_30_PERCENT	WIDTH_OF_40_PERCENT	WIDTH_OF_50_PERCENT	WIDTH_OF_60_PERCENT	WIDTH_OF_70_PERCENT	WIDTH_OF_80_PERCENT	WIDTH_OF_90_PERCENT	WIDTH_OF_95_PERCENT	WIDTH_OF_99_PERCENT	SAMPLE	LIBRARY	READ_GROUP
171	167	9	101	248	172.838539	17.869191	34580248	FR	5	9	11	15	19	25	33	43	61	77	113			

## HISTOGRAM	java.lang.Integer
insert_size	All_Reads.fr_count
101	1745
102	1816
103	1812
104	3590
105	4202
106	4843
107	5638
108	5755
109	6188
110	6933
111	7543
112	7967
113	7546
114	7529
115	7747
116	8760
117	9250
118	10491
119	11794
120	13674
121	16984
122	20303
123	20548
124	18057
125	16106
126	16369
127	17871
128	20724
129	24612
130	29423
131	37401
132	49231
133	62035
134	66542
135	63344
136	59797
137	65094
138	79220
139	99703
140	124420
141	147400
142	157856
143	164502
144	171890
145	180398
146	186930
147	197318
148	215099
149	238346
150	263276
151	294369
152	322498
153	334720
154	332565
155	342052
156	373141
157	419770
158	482202
159	548281
160	604362
161	650531
162	697634
163	776311
164	893601
165	1007365
166	1066551
167	1084522
168	1079188
169	1055699
170	1016053
171	968687
172	929614
173	916448
174	915012
175	912323
176	896834
177	858565
178	806787
179	745889
180	684793
181	626491
182	576560
183	536370
184	503832
185	482852
186	460261
187	440977
188	420512
189	394014
190	365778
191	334743
192	305903
193	279594
194	258587
195	241212
196	227464
197	216719
198	207031
199	196771
200	185075
201	172136
202	157492
203	145180
204	134175
205	123240
206	114714
207	107297
208	102038
209	96530
210	91090
211	84936
212	78570
213	71605
214	65690
215	60804
216	55854
217	51796
218	48400
219	45760
220	43006
221	40153
222	37139
223	34036
224	31542
225	28237
226	26203
227	24441
228	22869
229	21769
230	20450
231	18932
232	17965
233	16502
234	15506
235	14088
236	14134
237	12366
238	10588
239	9845
240	9378
241	8951
242	8524
243	8137
244	7585
245	7303
246	7026
247	7140
248	6391

