## htsjdk.samtools.metrics.StringHeader
# CollectInsertSizeMetrics  --Histogram_FILE pandisease.epifluidlab.cchmc.org/results/20200420-week-17/jhu-cfdna-frag/picard_metrics/EGAR00002028032.hg19.insert_size.pdf --INPUT pandisease.epifluidlab.cchmc.org/results/20200420-week-17/jhu-cfdna-frag/filtered_bam/EGAR00002028032.hg19.filtered.bam --OUTPUT pandisease.epifluidlab.cchmc.org/results/20200420-week-17/jhu-cfdna-frag/picard_metrics/EGAR00002028032.hg19.insert_size.txt  --DEVIATIONS 10.0 --MINIMUM_PCT 0.05 --METRIC_ACCUMULATION_LEVEL ALL_READS --INCLUDE_DUPLICATES false --ASSUME_SORTED true --STOP_AFTER 0 --VERBOSITY INFO --QUIET false --VALIDATION_STRINGENCY STRICT --COMPRESSION_LEVEL 5 --MAX_RECORDS_IN_RAM 500000 --CREATE_INDEX false --CREATE_MD5_FILE false --GA4GH_CLIENT_SECRETS client_secrets.json --help false --version false --showHidden false --USE_JDK_DEFLATER false --USE_JDK_INFLATER false
## htsjdk.samtools.metrics.StringHeader
# Started on: Sun May 03 14:55:20 UTC 2020

## METRICS CLASS	picard.analysis.InsertSizeMetrics
MEDIAN_INSERT_SIZE	MODE_INSERT_SIZE	MEDIAN_ABSOLUTE_DEVIATION	MIN_INSERT_SIZE	MAX_INSERT_SIZE	MEAN_INSERT_SIZE	STANDARD_DEVIATION	READ_PAIRS	PAIR_ORIENTATION	WIDTH_OF_10_PERCENT	WIDTH_OF_20_PERCENT	WIDTH_OF_30_PERCENT	WIDTH_OF_40_PERCENT	WIDTH_OF_50_PERCENT	WIDTH_OF_60_PERCENT	WIDTH_OF_70_PERCENT	WIDTH_OF_80_PERCENT	WIDTH_OF_90_PERCENT	WIDTH_OF_95_PERCENT	WIDTH_OF_99_PERCENT	SAMPLE	LIBRARY	READ_GROUP
167	166	11	80	251	165.934609	20.38653	35110036	FR	5	9	13	19	23	31	39	51	69	87	123			

## HISTOGRAM	java.lang.Integer
insert_size	All_Reads.fr_count
80	1596
81	1840
82	1750
83	2032
84	2443
85	2094
86	2619
87	2085
88	2406
89	2716
90	2747
91	2839
92	2908
93	2984
94	3155
95	3273
96	3344
97	3001
98	3801
99	10164
100	11583
101	12795
102	13499
103	14045
104	14820
105	14783
106	15408
107	17463
108	19772
109	23444
110	30013
111	35244
112	37428
113	34310
114	32279
115	32747
116	35364
117	38793
118	44180
119	52099
120	65444
121	84541
122	100083
123	98278
124	81039
125	65985
126	63376
127	68057
128	75714
129	85822
130	103529
131	129221
132	167451
133	204593
134	213183
135	189629
136	168234
137	172893
138	200378
139	244702
140	299212
141	343370
142	356892
143	359077
144	362198
145	365899
146	359153
147	360614
148	371392
149	391029
150	418073
151	449692
152	479256
153	481736
154	465199
155	463268
156	481356
157	522440
158	575927
159	629505
160	672133
161	702117
162	732756
163	791183
164	881477
165	962513
166	994435
167	991739
168	963495
169	924995
170	879383
171	827030
172	782203
173	756558
174	744200
175	732288
176	710491
177	674271
178	628347
179	580022
180	529851
181	482700
182	442353
183	408401
184	382855
185	360221
186	342281
187	327037
188	307623
189	288130
190	266729
191	242748
192	220776
193	201886
194	184833
195	172206
196	160709
197	152632
198	143182
199	136817
200	128082
201	118514
202	108759
203	99747
204	91502
205	84344
206	77482
207	72824
208	68809
209	64239
210	60472
211	56539
212	52343
213	47472
214	43359
215	40092
216	36551
217	33810
218	31658
219	29895
220	27796
221	26025
222	24312
223	22584
224	20543
225	18621
226	17003
227	15976
228	14916
229	14300
230	13316
231	12579
232	11876
233	10888
234	10178
235	9287
236	8516
237	8078
238	7698
239	7387
240	7269
241	7266
242	6631
243	6543
244	6005
245	6007
246	5607
247	5891
248	4979
249	4249
250	4294
251	4011

