## htsjdk.samtools.metrics.StringHeader
# CollectInsertSizeMetrics  --Histogram_FILE pandisease.epifluidlab.cchmc.org/results/20200420-week-17/jhu-cfdna-frag/picard_metrics/EGAR00002028034.hg19.insert_size.pdf --INPUT pandisease.epifluidlab.cchmc.org/results/20200420-week-17/jhu-cfdna-frag/filtered_bam/EGAR00002028034.hg19.filtered.bam --OUTPUT pandisease.epifluidlab.cchmc.org/results/20200420-week-17/jhu-cfdna-frag/picard_metrics/EGAR00002028034.hg19.insert_size.txt  --DEVIATIONS 10.0 --MINIMUM_PCT 0.05 --METRIC_ACCUMULATION_LEVEL ALL_READS --INCLUDE_DUPLICATES false --ASSUME_SORTED true --STOP_AFTER 0 --VERBOSITY INFO --QUIET false --VALIDATION_STRINGENCY STRICT --COMPRESSION_LEVEL 5 --MAX_RECORDS_IN_RAM 500000 --CREATE_INDEX false --CREATE_MD5_FILE false --GA4GH_CLIENT_SECRETS client_secrets.json --help false --version false --showHidden false --USE_JDK_DEFLATER false --USE_JDK_INFLATER false
## htsjdk.samtools.metrics.StringHeader
# Started on: Sun May 03 15:14:46 UTC 2020

## METRICS CLASS	picard.analysis.InsertSizeMetrics
MEDIAN_INSERT_SIZE	MODE_INSERT_SIZE	MEDIAN_ABSOLUTE_DEVIATION	MIN_INSERT_SIZE	MAX_INSERT_SIZE	MEAN_INSERT_SIZE	STANDARD_DEVIATION	READ_PAIRS	PAIR_ORIENTATION	WIDTH_OF_10_PERCENT	WIDTH_OF_20_PERCENT	WIDTH_OF_30_PERCENT	WIDTH_OF_40_PERCENT	WIDTH_OF_50_PERCENT	WIDTH_OF_60_PERCENT	WIDTH_OF_70_PERCENT	WIDTH_OF_80_PERCENT	WIDTH_OF_90_PERCENT	WIDTH_OF_95_PERCENT	WIDTH_OF_99_PERCENT	SAMPLE	LIBRARY	READ_GROUP
170	168	11	89	257	170.846311	20.192435	32443286	FR	5	9	13	17	23	31	39	51	67	85	123			

## HISTOGRAM	java.lang.Integer
insert_size	All_Reads.fr_count
89	58
90	56
91	233
92	1679
93	1897
94	2035
95	2459
96	2646
97	2101
98	2304
99	6369
100	7169
101	8033
102	8200
103	8504
104	8615
105	8804
106	9465
107	10934
108	12373
109	14536
110	17331
111	19584
112	20378
113	19378
114	18189
115	18387
116	19587
117	21952
118	25350
119	29662
120	36540
121	46449
122	54320
123	54094
124	44234
125	36145
126	34584
127	37312
128	41748
129	48291
130	58130
131	73572
132	96306
133	119058
134	123193
135	107888
136	94222
137	99277
138	118813
139	147966
140	186771
141	216749
142	227032
143	225691
144	229387
145	235006
146	234964
147	239238
148	255534
149	281082
150	307690
151	337617
152	365442
153	369496
154	353216
155	348904
156	365540
157	403943
158	456817
159	514697
160	565026
161	597891
162	621217
163	668013
164	744925
165	820694
166	865561
167	882511
168	883237
169	869044
170	839157
171	803108
172	773261
173	760867
174	761693
175	765078
176	758130
177	733931
178	695416
179	645803
180	599322
181	551044
182	510467
183	477723
184	450884
185	431073
186	415640
187	401273
188	381761
189	361468
190	337098
191	309178
192	283884
193	259557
194	239745
195	223743
196	212577
197	201628
198	192980
199	183294
200	172382
201	160860
202	147936
203	136876
204	124962
205	114981
206	108533
207	101206
208	95862
209	90572
210	85151
211	79929
212	73896
213	67786
214	62218
215	57153
216	52961
217	48886
218	45709
219	43199
220	40347
221	38273
222	35604
223	32610
224	29831
225	27192
226	24863
227	23399
228	21611
229	20592
230	19424
231	17754
232	16895
233	15478
234	14479
235	13201
236	12319
237	11494
238	10755
239	10319
240	9675
241	9214
242	8669
243	8364
244	7702
245	8101
246	6703
247	5715
248	5427
249	5085
250	4846
251	4908
252	4558
253	4346
254	2096
255	2057
256	2206
257	1988

