## htsjdk.samtools.metrics.StringHeader
# CollectInsertSizeMetrics  --Histogram_FILE pandisease.epifluidlab.cchmc.org/results/20200420-week-17/jhu-cfdna-frag/picard_metrics/EGAR00002027931.hg19.insert_size.pdf --INPUT pandisease.epifluidlab.cchmc.org/results/20200420-week-17/jhu-cfdna-frag/filtered_bam/EGAR00002027931.hg19.filtered.bam --OUTPUT pandisease.epifluidlab.cchmc.org/results/20200420-week-17/jhu-cfdna-frag/picard_metrics/EGAR00002027931.hg19.insert_size.txt  --DEVIATIONS 10.0 --MINIMUM_PCT 0.05 --METRIC_ACCUMULATION_LEVEL ALL_READS --INCLUDE_DUPLICATES false --ASSUME_SORTED true --STOP_AFTER 0 --VERBOSITY INFO --QUIET false --VALIDATION_STRINGENCY STRICT --COMPRESSION_LEVEL 5 --MAX_RECORDS_IN_RAM 500000 --CREATE_INDEX false --CREATE_MD5_FILE false --GA4GH_CLIENT_SECRETS client_secrets.json --help false --version false --showHidden false --USE_JDK_DEFLATER false --USE_JDK_INFLATER false
## htsjdk.samtools.metrics.StringHeader
# Started on: Sun May 03 15:04:36 UTC 2020

## METRICS CLASS	picard.analysis.InsertSizeMetrics
MEDIAN_INSERT_SIZE	MODE_INSERT_SIZE	MEDIAN_ABSOLUTE_DEVIATION	MIN_INSERT_SIZE	MAX_INSERT_SIZE	MEAN_INSERT_SIZE	STANDARD_DEVIATION	READ_PAIRS	PAIR_ORIENTATION	WIDTH_OF_10_PERCENT	WIDTH_OF_20_PERCENT	WIDTH_OF_30_PERCENT	WIDTH_OF_40_PERCENT	WIDTH_OF_50_PERCENT	WIDTH_OF_60_PERCENT	WIDTH_OF_70_PERCENT	WIDTH_OF_80_PERCENT	WIDTH_OF_90_PERCENT	WIDTH_OF_95_PERCENT	WIDTH_OF_99_PERCENT	SAMPLE	LIBRARY	READ_GROUP
167	166	12	80	255	166.055461	21.106295	38057643	FR	5	9	13	19	25	33	41	53	71	89	127			

## HISTOGRAM	java.lang.Integer
insert_size	All_Reads.fr_count
80	2041
81	1927
82	1877
83	2228
84	2892
85	2598
86	2578
87	2243
88	2677
89	2789
90	3519
91	3251
92	3158
93	3255
94	3381
95	3597
96	4181
97	3725
98	3955
99	12972
100	14933
101	16285
102	17553
103	19032
104	18885
105	18942
106	20028
107	21947
108	25139
109	29964
110	36998
111	43741
112	45967
113	42516
114	40117
115	40480
116	43486
117	47604
118	53682
119	63126
120	78120
121	98628
122	115194
123	113332
124	94053
125	78521
126	75390
127	81061
128	88919
129	99472
130	118580
131	146056
132	185390
133	224854
134	234761
135	210327
136	188032
137	192899
138	219428
139	265649
140	322513
141	367741
142	383590
143	382988
144	389430
145	396342
146	396677
147	401110
148	412901
149	431444
150	457101
151	486153
152	511329
153	510612
154	492225
155	488138
156	508868
157	549112
158	603274
159	662048
160	707054
161	740059
162	771529
163	829737
164	920832
165	1004139
166	1041786
167	1036938
168	1014839
169	980535
170	935044
171	883512
172	839589
173	816358
174	802101
175	788787
176	765374
177	727277
178	674779
179	620777
180	566769
181	517257
182	476652
183	441078
184	414070
185	392076
186	373569
187	356096
188	338249
189	315430
190	291350
191	267436
192	244272
193	224309
194	207059
195	193090
196	181526
197	172712
198	164390
199	154776
200	145754
201	136636
202	125891
203	115585
204	106729
205	98071
206	91277
207	86034
208	80836
209	76234
210	72100
211	66971
212	62873
213	57658
214	52580
215	48527
216	45022
217	41669
218	39127
219	36863
220	34516
221	32597
222	30462
223	28039
224	26142
225	23643
226	21724
227	20285
228	18808
229	18127
230	17162
231	15854
232	14928
233	13894
234	12870
235	12066
236	11238
237	10554
238	9838
239	9510
240	9273
241	8871
242	8604
243	8101
244	7551
245	7338
246	7097
247	7313
248	6168
249	5132
250	5051
251	5026
252	4839
253	4633
254	4891
255	4318

