## htsjdk.samtools.metrics.StringHeader
# CollectInsertSizeMetrics  --Histogram_FILE pandisease.epifluidlab.cchmc.org/results/20200420-week-17/jhu-cfdna-frag/picard_metrics/EGAR00002028037.hg19.insert_size.pdf --INPUT pandisease.epifluidlab.cchmc.org/results/20200420-week-17/jhu-cfdna-frag/filtered_bam/EGAR00002028037.hg19.filtered.bam --OUTPUT pandisease.epifluidlab.cchmc.org/results/20200420-week-17/jhu-cfdna-frag/picard_metrics/EGAR00002028037.hg19.insert_size.txt  --DEVIATIONS 10.0 --MINIMUM_PCT 0.05 --METRIC_ACCUMULATION_LEVEL ALL_READS --INCLUDE_DUPLICATES false --ASSUME_SORTED true --STOP_AFTER 0 --VERBOSITY INFO --QUIET false --VALIDATION_STRINGENCY STRICT --COMPRESSION_LEVEL 5 --MAX_RECORDS_IN_RAM 500000 --CREATE_INDEX false --CREATE_MD5_FILE false --GA4GH_CLIENT_SECRETS client_secrets.json --help false --version false --showHidden false --USE_JDK_DEFLATER false --USE_JDK_INFLATER false
## htsjdk.samtools.metrics.StringHeader
# Started on: Sun May 03 14:41:16 UTC 2020

## METRICS CLASS	picard.analysis.InsertSizeMetrics
MEDIAN_INSERT_SIZE	MODE_INSERT_SIZE	MEDIAN_ABSOLUTE_DEVIATION	MIN_INSERT_SIZE	MAX_INSERT_SIZE	MEAN_INSERT_SIZE	STANDARD_DEVIATION	READ_PAIRS	PAIR_ORIENTATION	WIDTH_OF_10_PERCENT	WIDTH_OF_20_PERCENT	WIDTH_OF_30_PERCENT	WIDTH_OF_40_PERCENT	WIDTH_OF_50_PERCENT	WIDTH_OF_60_PERCENT	WIDTH_OF_70_PERCENT	WIDTH_OF_80_PERCENT	WIDTH_OF_90_PERCENT	WIDTH_OF_95_PERCENT	WIDTH_OF_99_PERCENT	SAMPLE	LIBRARY	READ_GROUP
166	166	12	75	254	164.764893	20.870269	39698339	FR	5	9	13	19	25	31	41	51	69	89	125			

## HISTOGRAM	java.lang.Integer
insert_size	All_Reads.fr_count
75	460
76	405
77	493
78	632
79	1847
80	1928
81	1798
82	2160
83	2449
84	2792
85	2363
86	2628
87	2253
88	2841
89	3100
90	3197
91	3224
92	2883
93	3115
94	3588
95	3876
96	4115
97	3393
98	3810
99	14891
100	17966
101	20703
102	21540
103	22183
104	22009
105	21417
106	22736
107	25959
108	29209
109	36114
110	45915
111	53215
112	55555
113	50340
114	45719
115	47137
116	49480
117	55292
118	63132
119	75218
120	93011
121	118828
122	140160
123	136937
124	110053
125	88857
126	83668
127	88677
128	97334
129	111212
130	133005
131	166032
132	215408
133	263341
134	273347
135	239483
136	207625
137	211263
138	243697
139	297193
140	364434
141	420305
142	439411
143	435456
144	437408
145	436905
146	427326
147	420594
148	432545
149	455766
150	485223
151	524097
152	560249
153	558804
154	536512
155	529197
156	547707
157	589196
158	647136
159	709972
160	760851
161	794504
162	824343
163	885902
164	979637
165	1063818
166	1093959
167	1089718
168	1063156
169	1025376
170	972214
171	915074
172	864496
173	835656
174	817152
175	800272
176	774523
177	733798
178	681726
179	627259
180	573341
181	521407
182	476892
183	440745
184	408659
185	385422
186	364091
187	345246
188	326037
189	304990
190	280461
191	256946
192	234154
193	213635
194	195614
195	182124
196	170311
197	159886
198	151418
199	143249
200	134321
201	124287
202	114361
203	104674
204	96015
205	88185
206	82089
207	76439
208	71546
209	67727
210	63744
211	59382
212	55274
213	50818
214	45836
215	42831
216	39203
217	36134
218	33688
219	32024
220	30081
221	28054
222	26128
223	24344
224	22201
225	20218
226	18602
227	17471
228	16339
229	15698
230	14649
231	13904
232	12739
233	12137
234	11225
235	10315
236	9652
237	9137
238	8486
239	8271
240	8105
241	7941
242	7719
243	7240
244	6899
245	6565
246	6730
247	6035
248	5316
249	5503
250	4979
251	2033
252	2200
253	1907
254	422

