## htsjdk.samtools.metrics.StringHeader
# CollectInsertSizeMetrics  --Histogram_FILE pandisease.epifluidlab.cchmc.org/results/20200420-week-17/jhu-cfdna-frag/picard_metrics/EGAR00002028046.hg19.insert_size.pdf --INPUT pandisease.epifluidlab.cchmc.org/results/20200420-week-17/jhu-cfdna-frag/filtered_bam/EGAR00002028046.hg19.filtered.bam --OUTPUT pandisease.epifluidlab.cchmc.org/results/20200420-week-17/jhu-cfdna-frag/picard_metrics/EGAR00002028046.hg19.insert_size.txt  --DEVIATIONS 10.0 --MINIMUM_PCT 0.05 --METRIC_ACCUMULATION_LEVEL ALL_READS --INCLUDE_DUPLICATES false --ASSUME_SORTED true --STOP_AFTER 0 --VERBOSITY INFO --QUIET false --VALIDATION_STRINGENCY STRICT --COMPRESSION_LEVEL 5 --MAX_RECORDS_IN_RAM 500000 --CREATE_INDEX false --CREATE_MD5_FILE false --GA4GH_CLIENT_SECRETS client_secrets.json --help false --version false --showHidden false --USE_JDK_DEFLATER false --USE_JDK_INFLATER false
## htsjdk.samtools.metrics.StringHeader
# Started on: Sun May 03 15:04:04 UTC 2020

## METRICS CLASS	picard.analysis.InsertSizeMetrics
MEDIAN_INSERT_SIZE	MODE_INSERT_SIZE	MEDIAN_ABSOLUTE_DEVIATION	MIN_INSERT_SIZE	MAX_INSERT_SIZE	MEAN_INSERT_SIZE	STANDARD_DEVIATION	READ_PAIRS	PAIR_ORIENTATION	WIDTH_OF_10_PERCENT	WIDTH_OF_20_PERCENT	WIDTH_OF_30_PERCENT	WIDTH_OF_40_PERCENT	WIDTH_OF_50_PERCENT	WIDTH_OF_60_PERCENT	WIDTH_OF_70_PERCENT	WIDTH_OF_80_PERCENT	WIDTH_OF_90_PERCENT	WIDTH_OF_95_PERCENT	WIDTH_OF_99_PERCENT	SAMPLE	LIBRARY	READ_GROUP
167	166	10	84	248	166.516829	19.396344	36468594	FR	5	7	11	17	21	29	37	47	65	83	121			

## HISTOGRAM	java.lang.Integer
insert_size	All_Reads.fr_count
84	1979
85	1820
86	1769
87	1911
88	2495
89	2972
90	3053
91	3091
92	2791
93	2938
94	3616
95	3972
96	4133
97	3732
98	3897
99	11284
100	13185
101	14363
102	15276
103	15651
104	16043
105	16453
106	17565
107	20660
108	22742
109	25638
110	29540
111	32862
112	33968
113	31911
114	31248
115	32178
116	34563
117	38148
118	41828
119	47091
120	55862
121	68574
122	78817
123	78249
124	65968
125	56584
126	56381
127	60062
128	65649
129	75029
130	88162
131	108426
132	138586
133	168698
134	174804
135	158474
136	147198
137	157252
138	186283
139	226379
140	270879
141	304514
142	316888
143	317250
144	323213
145	329329
146	333219
147	342182
148	362056
149	388113
150	415885
151	444798
152	469873
153	473600
154	461982
155	469098
156	497760
157	547030
158	607522
159	671756
160	720713
161	759691
162	803193
163	882119
164	998816
165	1102996
166	1139906
167	1130046
168	1095944
169	1053655
170	995961
171	934608
172	881679
173	851475
174	834904
175	816099
176	787233
177	739732
178	680855
179	618695
180	558982
181	504670
182	460047
183	422330
184	392436
185	369954
186	350646
187	333184
188	312428
189	290622
190	266395
191	241848
192	219565
193	200098
194	183851
195	170450
196	160272
197	149170
198	141196
199	132683
200	123952
201	114411
202	104293
203	95478
204	88351
205	80397
206	74749
207	69789
208	65485
209	61828
210	57832
211	53499
212	50152
213	45722
214	41893
215	38355
216	35635
217	32872
218	30843
219	29116
220	27154
221	25918
222	23790
223	21868
224	20078
225	18449
226	17179
227	16278
228	15086
229	14430
230	13557
231	12841
232	11943
233	11446
234	10170
235	9664
236	9293
237	8802
238	8351
239	8244
240	8145
241	7865
242	7134
243	2554
244	3292
245	2100
246	132
247	124
248	158

