## htsjdk.samtools.metrics.StringHeader
# CollectInsertSizeMetrics  --Histogram_FILE pandisease.epifluidlab.cchmc.org/results/20200420-week-17/jhu-cfdna-frag/picard_metrics/EGAR00002027969.hg19.insert_size.pdf --INPUT pandisease.epifluidlab.cchmc.org/results/20200420-week-17/jhu-cfdna-frag/filtered_bam/EGAR00002027969.hg19.filtered.bam --OUTPUT pandisease.epifluidlab.cchmc.org/results/20200420-week-17/jhu-cfdna-frag/picard_metrics/EGAR00002027969.hg19.insert_size.txt  --DEVIATIONS 10.0 --MINIMUM_PCT 0.05 --METRIC_ACCUMULATION_LEVEL ALL_READS --INCLUDE_DUPLICATES false --ASSUME_SORTED true --STOP_AFTER 0 --VERBOSITY INFO --QUIET false --VALIDATION_STRINGENCY STRICT --COMPRESSION_LEVEL 5 --MAX_RECORDS_IN_RAM 500000 --CREATE_INDEX false --CREATE_MD5_FILE false --GA4GH_CLIENT_SECRETS client_secrets.json --help false --version false --showHidden false --USE_JDK_DEFLATER false --USE_JDK_INFLATER false
## htsjdk.samtools.metrics.StringHeader
# Started on: Sun May 03 04:08:48 UTC 2020

## METRICS CLASS	picard.analysis.InsertSizeMetrics
MEDIAN_INSERT_SIZE	MODE_INSERT_SIZE	MEDIAN_ABSOLUTE_DEVIATION	MIN_INSERT_SIZE	MAX_INSERT_SIZE	MEAN_INSERT_SIZE	STANDARD_DEVIATION	READ_PAIRS	PAIR_ORIENTATION	WIDTH_OF_10_PERCENT	WIDTH_OF_20_PERCENT	WIDTH_OF_30_PERCENT	WIDTH_OF_40_PERCENT	WIDTH_OF_50_PERCENT	WIDTH_OF_60_PERCENT	WIDTH_OF_70_PERCENT	WIDTH_OF_80_PERCENT	WIDTH_OF_90_PERCENT	WIDTH_OF_95_PERCENT	WIDTH_OF_99_PERCENT	SAMPLE	LIBRARY	READ_GROUP
166	166	11	78	253	165.169132	20.260788	164800768	FR	5	9	13	17	23	31	39	51	69	87	123			

## HISTOGRAM	java.lang.Integer
insert_size	All_Reads.fr_count
78	28
79	28
80	29
81	36
82	115
83	7327
84	8023
85	8577
86	9111
87	7850
88	8880
89	9543
90	10105
91	11419
92	10333
93	11192
94	11381
95	11759
96	12436
97	12459
98	13366
99	59343
100	70398
101	79562
102	85298
103	88590
104	89816
105	89365
106	96382
107	107020
108	121588
109	143508
110	174679
111	203162
112	209783
113	192511
114	178721
115	180996
116	193854
117	215386
118	239819
119	275577
120	339551
121	432159
122	505614
123	493757
124	399862
125	328945
126	313885
127	334750
128	367855
129	419189
130	504152
131	630672
132	810128
133	981554
134	1009437
135	896848
136	805728
137	838728
138	976669
139	1182759
140	1410970
141	1584348
142	1644155
143	1636862
144	1650824
145	1670767
146	1661504
147	1685820
148	1768053
149	1883500
150	2002476
151	2141517
152	2259437
153	2263482
154	2191583
155	2201897
156	2326753
157	2535877
158	2802268
159	3061630
160	3250829
161	3385142
162	3545082
163	3872618
164	4361003
165	4786201
166	4918545
167	4846143
168	4677802
169	4459691
170	4198427
171	3929082
172	3701889
173	3576504
174	3507152
175	3433914
176	3311957
177	3119045
178	2873602
179	2615952
180	2371074
181	2141283
182	1950375
183	1792916
184	1663735
185	1569408
186	1482872
187	1404922
188	1317949
189	1222244
190	1120247
191	1018927
192	925307
193	843358
194	773725
195	718581
196	674341
197	635307
198	604048
199	568848
200	532973
201	495991
202	456443
203	419231
204	386854
205	356231
206	333090
207	310719
208	293631
209	276678
210	261505
211	244140
212	225752
213	209619
214	191787
215	177179
216	162669
217	150802
218	142094
219	134546
220	126602
221	118539
222	110515
223	101313
224	93828
225	86180
226	80117
227	74755
228	70502
229	66357
230	62862
231	58714
232	56185
233	51728
234	48428
235	45023
236	41994
237	39237
238	37707
239	36480
240	35447
241	34245
242	32361
243	34810
244	28442
245	23989
246	23698
247	21792
248	3546
249	3621
250	3317
251	382
252	424
253	327

