## htsjdk.samtools.metrics.StringHeader
# CollectInsertSizeMetrics  --Histogram_FILE pandisease.epifluidlab.cchmc.org/results/20200420-week-17/jhu-cfdna-frag/picard_metrics/EGAR00002027925.hg19.insert_size.pdf --INPUT pandisease.epifluidlab.cchmc.org/results/20200420-week-17/jhu-cfdna-frag/filtered_bam/EGAR00002027925.hg19.filtered.bam --OUTPUT pandisease.epifluidlab.cchmc.org/results/20200420-week-17/jhu-cfdna-frag/picard_metrics/EGAR00002027925.hg19.insert_size.txt  --DEVIATIONS 10.0 --MINIMUM_PCT 0.05 --METRIC_ACCUMULATION_LEVEL ALL_READS --INCLUDE_DUPLICATES false --ASSUME_SORTED true --STOP_AFTER 0 --VERBOSITY INFO --QUIET false --VALIDATION_STRINGENCY STRICT --COMPRESSION_LEVEL 5 --MAX_RECORDS_IN_RAM 500000 --CREATE_INDEX false --CREATE_MD5_FILE false --GA4GH_CLIENT_SECRETS client_secrets.json --help false --version false --showHidden false --USE_JDK_DEFLATER false --USE_JDK_INFLATER false
## htsjdk.samtools.metrics.StringHeader
# Started on: Sun May 03 15:43:46 UTC 2020

## METRICS CLASS	picard.analysis.InsertSizeMetrics
MEDIAN_INSERT_SIZE	MODE_INSERT_SIZE	MEDIAN_ABSOLUTE_DEVIATION	MIN_INSERT_SIZE	MAX_INSERT_SIZE	MEAN_INSERT_SIZE	STANDARD_DEVIATION	READ_PAIRS	PAIR_ORIENTATION	WIDTH_OF_10_PERCENT	WIDTH_OF_20_PERCENT	WIDTH_OF_30_PERCENT	WIDTH_OF_40_PERCENT	WIDTH_OF_50_PERCENT	WIDTH_OF_60_PERCENT	WIDTH_OF_70_PERCENT	WIDTH_OF_80_PERCENT	WIDTH_OF_90_PERCENT	WIDTH_OF_95_PERCENT	WIDTH_OF_99_PERCENT	SAMPLE	LIBRARY	READ_GROUP
168	166	11	88	249	167.583664	19.568662	31982439	FR	5	9	13	17	23	29	39	49	65	83	119			

## HISTOGRAM	java.lang.Integer
insert_size	All_Reads.fr_count
88	20
89	1952
90	1911
91	1978
92	2117
93	2343
94	2573
95	2677
96	2764
97	2329
98	2992
99	7820
100	8269
101	8968
102	9329
103	9940
104	10715
105	10809
106	11185
107	12734
108	13960
109	16100
110	19501
111	21637
112	22537
113	21194
114	20553
115	21053
116	22941
117	25843
118	29060
119	33107
120	40118
121	50759
122	60268
123	60265
124	50729
125	44058
126	43787
127	47162
128	52634
129	59746
130	71671
131	90363
132	118524
133	145599
134	153850
135	139124
136	126068
137	133310
138	156960
139	192166
140	235423
141	268969
142	280101
143	279597
144	285859
145	292306
146	294932
147	301416
148	317821
149	341942
150	367690
151	401370
152	430735
153	432451
154	418936
155	416551
156	439182
157	481046
158	535314
159	590228
160	631507
161	658406
162	684248
163	737287
164	819400
165	893609
166	920740
167	917896
168	896627
169	862739
170	818934
171	774492
172	735432
173	714739
174	702491
175	692211
176	677479
177	646375
178	605070
179	560416
180	514130
181	470829
182	433343
183	402363
184	377950
185	358098
186	341924
187	326639
188	310055
189	289200
190	267259
191	244870
192	223361
193	203789
194	188126
195	174195
196	162848
197	153688
198	145754
199	137732
200	128223
201	118135
202	108867
203	99207
204	90967
205	83083
206	76542
207	71109
208	67697
209	62914
210	59069
211	55104
212	50808
213	46503
214	43045
215	38781
216	35711
217	33344
218	31428
219	29226
220	27562
221	25952
222	23893
223	22277
224	20148
225	18841
226	17293
227	16044
228	14803
229	14333
230	13265
231	12649
232	11857
233	10976
234	10218
235	9234
236	8810
237	8188
238	7952
239	7544
240	7237
241	7161
242	7483
243	6216
244	5291
245	5221
246	4602
247	487
248	512
249	435

