## htsjdk.samtools.metrics.StringHeader
# CollectInsertSizeMetrics  --Histogram_FILE pandisease.epifluidlab.cchmc.org/results/20200420-week-17/jhu-cfdna-frag/picard_metrics/EGAR00002028018.hg19.insert_size.pdf --INPUT pandisease.epifluidlab.cchmc.org/results/20200420-week-17/jhu-cfdna-frag/filtered_bam/EGAR00002028018.hg19.filtered.bam --OUTPUT pandisease.epifluidlab.cchmc.org/results/20200420-week-17/jhu-cfdna-frag/picard_metrics/EGAR00002028018.hg19.insert_size.txt  --DEVIATIONS 10.0 --MINIMUM_PCT 0.05 --METRIC_ACCUMULATION_LEVEL ALL_READS --INCLUDE_DUPLICATES false --ASSUME_SORTED true --STOP_AFTER 0 --VERBOSITY INFO --QUIET false --VALIDATION_STRINGENCY STRICT --COMPRESSION_LEVEL 5 --MAX_RECORDS_IN_RAM 500000 --CREATE_INDEX false --CREATE_MD5_FILE false --GA4GH_CLIENT_SECRETS client_secrets.json --help false --version false --showHidden false --USE_JDK_DEFLATER false --USE_JDK_INFLATER false
## htsjdk.samtools.metrics.StringHeader
# Started on: Sun May 03 14:39:54 UTC 2020

## METRICS CLASS	picard.analysis.InsertSizeMetrics
MEDIAN_INSERT_SIZE	MODE_INSERT_SIZE	MEDIAN_ABSOLUTE_DEVIATION	MIN_INSERT_SIZE	MAX_INSERT_SIZE	MEAN_INSERT_SIZE	STANDARD_DEVIATION	READ_PAIRS	PAIR_ORIENTATION	WIDTH_OF_10_PERCENT	WIDTH_OF_20_PERCENT	WIDTH_OF_30_PERCENT	WIDTH_OF_40_PERCENT	WIDTH_OF_50_PERCENT	WIDTH_OF_60_PERCENT	WIDTH_OF_70_PERCENT	WIDTH_OF_80_PERCENT	WIDTH_OF_90_PERCENT	WIDTH_OF_95_PERCENT	WIDTH_OF_99_PERCENT	SAMPLE	LIBRARY	READ_GROUP
169	167	11	87	255	169.089244	19.472937	37185433	FR	5	9	13	17	23	29	37	49	65	81	119			

## HISTOGRAM	java.lang.Integer
insert_size	All_Reads.fr_count
87	16
88	12
89	16
90	147
91	1205
92	1121
93	1092
94	2770
95	2987
96	3418
97	2817
98	3011
99	6955
100	7689
101	8647
102	8828
103	9136
104	9338
105	9196
106	9965
107	11507
108	12397
109	14197
110	17464
111	19009
112	20268
113	19662
114	19032
115	19431
116	20652
117	22630
118	26193
119	30677
120	38652
121	49704
122	59033
123	59342
124	49877
125	41904
126	40488
127	44987
128	49982
129	58013
130	70335
131	89380
132	117786
133	147501
134	155144
135	140241
136	126729
137	133155
138	155916
139	193393
140	241771
141	281481
142	297102
143	300317
144	307452
145	314682
146	317918
147	324418
148	343600
149	367458
150	396505
151	433565
152	467477
153	470691
154	455553
155	454144
156	478986
157	527307
158	587654
159	650775
160	699019
161	730791
162	763218
163	821442
164	913118
165	1001759
166	1048533
167	1060866
168	1049617
169	1020634
170	977800
171	928280
172	886253
173	865735
174	858368
175	851918
176	836414
177	801226
178	751763
179	696045
180	639572
181	585900
182	540855
183	503209
184	472606
185	450304
186	430937
187	412132
188	392812
189	367375
190	338192
191	311400
192	283629
193	257700
194	238642
195	221725
196	208881
197	198208
198	187791
199	177481
200	166392
201	154135
202	142014
203	129397
204	119578
205	108771
206	101126
207	94908
208	89280
209	84040
210	78468
211	73608
212	67748
213	62423
214	56922
215	51602
216	47795
217	44041
218	41806
219	38832
220	36606
221	34353
222	31100
223	28892
224	27140
225	24252
226	22523
227	21066
228	19331
229	18397
230	17148
231	16378
232	15047
233	13849
234	12869
235	11834
236	11098
237	10384
238	9763
239	9186
240	9642
241	8370
242	7383
243	7088
244	6743
245	6121
246	5434
247	5202
248	5070
249	4782
250	4821
251	4436
252	547
253	561
254	568
255	510

