## htsjdk.samtools.metrics.StringHeader
# CollectInsertSizeMetrics  --Histogram_FILE pandisease.epifluidlab.cchmc.org/results/20200420-week-17/jhu-cfdna-frag/picard_metrics/EGAR00002028052.hg19.insert_size.pdf --INPUT pandisease.epifluidlab.cchmc.org/results/20200420-week-17/jhu-cfdna-frag/filtered_bam/EGAR00002028052.hg19.filtered.bam --OUTPUT pandisease.epifluidlab.cchmc.org/results/20200420-week-17/jhu-cfdna-frag/picard_metrics/EGAR00002028052.hg19.insert_size.txt  --DEVIATIONS 10.0 --MINIMUM_PCT 0.05 --METRIC_ACCUMULATION_LEVEL ALL_READS --INCLUDE_DUPLICATES false --ASSUME_SORTED true --STOP_AFTER 0 --VERBOSITY INFO --QUIET false --VALIDATION_STRINGENCY STRICT --COMPRESSION_LEVEL 5 --MAX_RECORDS_IN_RAM 500000 --CREATE_INDEX false --CREATE_MD5_FILE false --GA4GH_CLIENT_SECRETS client_secrets.json --help false --version false --showHidden false --USE_JDK_DEFLATER false --USE_JDK_INFLATER false
## htsjdk.samtools.metrics.StringHeader
# Started on: Sun May 03 13:34:01 UTC 2020

## METRICS CLASS	picard.analysis.InsertSizeMetrics
MEDIAN_INSERT_SIZE	MODE_INSERT_SIZE	MEDIAN_ABSOLUTE_DEVIATION	MIN_INSERT_SIZE	MAX_INSERT_SIZE	MEAN_INSERT_SIZE	STANDARD_DEVIATION	READ_PAIRS	PAIR_ORIENTATION	WIDTH_OF_10_PERCENT	WIDTH_OF_20_PERCENT	WIDTH_OF_30_PERCENT	WIDTH_OF_40_PERCENT	WIDTH_OF_50_PERCENT	WIDTH_OF_60_PERCENT	WIDTH_OF_70_PERCENT	WIDTH_OF_80_PERCENT	WIDTH_OF_90_PERCENT	WIDTH_OF_95_PERCENT	WIDTH_OF_99_PERCENT	SAMPLE	LIBRARY	READ_GROUP
167	167	12	78	260	167.296555	21.090156	40920192	FR	5	9	13	19	25	33	41	53	71	89	127			

## HISTOGRAM	java.lang.Integer
insert_size	All_Reads.fr_count
78	3
79	135
80	146
81	2037
82	2089
83	2349
84	2674
85	2345
86	2793
87	2268
88	2812
89	3137
90	2955
91	3483
92	3141
93	3137
94	3641
95	3584
96	4010
97	3281
98	4107
99	11676
100	13227
101	14937
102	15527
103	15653
104	16430
105	16308
106	17060
107	19390
108	21440
109	25338
110	31214
111	35906
112	37998
113	35661
114	33379
115	33985
116	36619
117	40217
118	46174
119	54565
120	69141
121	90290
122	106480
123	106165
124	86726
125	70855
126	68478
127	72761
128	80306
129	91824
130	111047
131	141055
132	184058
133	228894
134	238076
135	211162
136	185985
137	187467
138	213996
139	261931
140	324686
141	377567
142	397447
143	400569
144	408763
145	414590
146	413091
147	411580
148	424166
149	446362
150	476632
151	514748
152	550652
153	552165
154	528245
155	519967
156	537360
157	578491
158	633497
159	700487
160	756333
161	795441
162	826178
163	879047
164	960095
165	1041237
166	1076918
167	1085611
168	1074541
169	1047523
170	1007921
171	959917
172	914184
173	887825
174	875031
175	859564
176	836708
177	799252
178	747478
179	693651
180	638430
181	586252
182	541110
183	503012
184	471604
185	446993
186	424326
187	406913
188	387209
189	362953
190	337205
191	310736
192	284610
193	262478
194	241322
195	226567
196	212334
197	203112
198	193923
199	184021
200	173777
201	162187
202	149410
203	139199
204	127461
205	117827
206	110175
207	103288
208	97803
209	92552
210	86746
211	81866
212	76059
213	69910
214	64686
215	60027
216	55166
217	51106
218	48088
219	45445
220	42890
221	40662
222	37493
223	35242
224	32399
225	29623
226	27339
227	25585
228	23793
229	22572
230	21520
231	19943
232	18794
233	17382
234	16491
235	15088
236	14063
237	13254
238	12449
239	12171
240	11681
241	11252
242	10711
243	10113
244	9769
245	9371
246	8805
247	8148
248	8916
249	7543
250	6378
251	6328
252	6235
253	6155
254	4075
255	4013
256	3768
257	906
258	112
259	113
260	111

