## htsjdk.samtools.metrics.StringHeader
# CollectInsertSizeMetrics  --Histogram_FILE pandisease.epifluidlab.cchmc.org/results/20200420-week-17/jhu-cfdna-frag/picard_metrics/EGAR00002028035.hg19.insert_size.pdf --INPUT pandisease.epifluidlab.cchmc.org/results/20200420-week-17/jhu-cfdna-frag/filtered_bam/EGAR00002028035.hg19.filtered.bam --OUTPUT pandisease.epifluidlab.cchmc.org/results/20200420-week-17/jhu-cfdna-frag/picard_metrics/EGAR00002028035.hg19.insert_size.txt  --DEVIATIONS 10.0 --MINIMUM_PCT 0.05 --METRIC_ACCUMULATION_LEVEL ALL_READS --INCLUDE_DUPLICATES false --ASSUME_SORTED true --STOP_AFTER 0 --VERBOSITY INFO --QUIET false --VALIDATION_STRINGENCY STRICT --COMPRESSION_LEVEL 5 --MAX_RECORDS_IN_RAM 500000 --CREATE_INDEX false --CREATE_MD5_FILE false --GA4GH_CLIENT_SECRETS client_secrets.json --help false --version false --showHidden false --USE_JDK_DEFLATER false --USE_JDK_INFLATER false
## htsjdk.samtools.metrics.StringHeader
# Started on: Sun May 03 02:06:43 UTC 2020

## METRICS CLASS	picard.analysis.InsertSizeMetrics
MEDIAN_INSERT_SIZE	MODE_INSERT_SIZE	MEDIAN_ABSOLUTE_DEVIATION	MIN_INSERT_SIZE	MAX_INSERT_SIZE	MEAN_INSERT_SIZE	STANDARD_DEVIATION	READ_PAIRS	PAIR_ORIENTATION	WIDTH_OF_10_PERCENT	WIDTH_OF_20_PERCENT	WIDTH_OF_30_PERCENT	WIDTH_OF_40_PERCENT	WIDTH_OF_50_PERCENT	WIDTH_OF_60_PERCENT	WIDTH_OF_70_PERCENT	WIDTH_OF_80_PERCENT	WIDTH_OF_90_PERCENT	WIDTH_OF_95_PERCENT	WIDTH_OF_99_PERCENT	SAMPLE	LIBRARY	READ_GROUP
168	167	10	93	242	167.563342	18.13554	48135533	FR	5	7	11	15	21	27	35	45	61	75	113			

## HISTOGRAM	java.lang.Integer
insert_size	All_Reads.fr_count
93	2230
94	2476
95	2675
96	3371
97	2800
98	3306
99	9341
100	9867
101	10671
102	10935
103	11865
104	12235
105	12501
106	13342
107	15142
108	16864
109	19105
110	22333
111	24452
112	25269
113	23755
114	23459
115	24228
116	26398
117	29226
118	33242
119	37486
120	45803
121	60035
122	71666
123	71225
124	59143
125	49211
126	48746
127	53145
128	61092
129	70954
130	87543
131	111948
132	149641
133	189162
134	198501
135	178886
136	162702
137	174939
138	209632
139	263480
140	328205
141	379645
142	397533
143	398992
144	408500
145	419654
146	423726
147	435110
148	466905
149	505245
150	549508
151	600336
152	643354
153	645848
154	624660
155	624447
156	662290
157	734464
158	826669
159	919323
160	988209
161	1033552
162	1080842
163	1171852
164	1314736
165	1454636
166	1518395
167	1520234
168	1485391
169	1432105
170	1354378
171	1272011
172	1202185
173	1163524
174	1141251
175	1126187
176	1088882
177	1030199
178	953634
179	870254
180	789089
181	713359
182	647665
183	593235
184	550479
185	516738
186	489712
187	459697
188	430503
189	398190
190	364036
191	328909
192	296411
193	268368
194	244456
195	226108
196	209953
197	197844
198	188726
199	177560
200	165302
201	153511
202	140304
203	128224
204	117507
205	107319
206	99701
207	92772
208	87526
209	81976
210	76855
211	71673
212	65647
213	60104
214	55021
215	50445
216	46620
217	42976
218	39707
219	37164
220	34822
221	32964
222	30223
223	27667
224	25154
225	23236
226	21031
227	19712
228	18440
229	17482
230	16262
231	15109
232	14194
233	13189
234	12172
235	11191
236	10572
237	9973
238	9716
239	9614
240	3526
241	2625
242	2368

