## htsjdk.samtools.metrics.StringHeader
# CollectInsertSizeMetrics  --Histogram_FILE pandisease.epifluidlab.cchmc.org/results/20200420-week-17/jhu-cfdna-frag/picard_metrics/EGAR00002028056.hg19.insert_size.pdf --INPUT pandisease.epifluidlab.cchmc.org/results/20200420-week-17/jhu-cfdna-frag/filtered_bam/EGAR00002028056.hg19.filtered.bam --OUTPUT pandisease.epifluidlab.cchmc.org/results/20200420-week-17/jhu-cfdna-frag/picard_metrics/EGAR00002028056.hg19.insert_size.txt  --DEVIATIONS 10.0 --MINIMUM_PCT 0.05 --METRIC_ACCUMULATION_LEVEL ALL_READS --INCLUDE_DUPLICATES false --ASSUME_SORTED true --STOP_AFTER 0 --VERBOSITY INFO --QUIET false --VALIDATION_STRINGENCY STRICT --COMPRESSION_LEVEL 5 --MAX_RECORDS_IN_RAM 500000 --CREATE_INDEX false --CREATE_MD5_FILE false --GA4GH_CLIENT_SECRETS client_secrets.json --help false --version false --showHidden false --USE_JDK_DEFLATER false --USE_JDK_INFLATER false
## htsjdk.samtools.metrics.StringHeader
# Started on: Sun May 03 03:50:36 UTC 2020

## METRICS CLASS	picard.analysis.InsertSizeMetrics
MEDIAN_INSERT_SIZE	MODE_INSERT_SIZE	MEDIAN_ABSOLUTE_DEVIATION	MIN_INSERT_SIZE	MAX_INSERT_SIZE	MEAN_INSERT_SIZE	STANDARD_DEVIATION	READ_PAIRS	PAIR_ORIENTATION	WIDTH_OF_10_PERCENT	WIDTH_OF_20_PERCENT	WIDTH_OF_30_PERCENT	WIDTH_OF_40_PERCENT	WIDTH_OF_50_PERCENT	WIDTH_OF_60_PERCENT	WIDTH_OF_70_PERCENT	WIDTH_OF_80_PERCENT	WIDTH_OF_90_PERCENT	WIDTH_OF_95_PERCENT	WIDTH_OF_99_PERCENT	SAMPLE	LIBRARY	READ_GROUP
168	166	11	82	257	168.434419	19.884551	150264324	FR	5	9	13	17	23	29	37	49	67	85	123			

## HISTOGRAM	java.lang.Integer
insert_size	All_Reads.fr_count
82	4
83	3
84	2
85	5
86	1398
87	1243
88	1387
89	7311
90	7509
91	8351
92	8099
93	8215
94	9042
95	9001
96	9804
97	9730
98	10291
99	33835
100	38292
101	41735
102	44822
103	47729
104	48891
105	49345
106	52937
107	58643
108	66000
109	78866
110	94110
111	106503
112	109840
113	102571
114	97557
115	99752
116	108659
117	119455
118	133260
119	152626
120	188795
121	238106
122	280081
123	273470
124	228802
125	192952
126	189695
127	202951
128	223889
129	255063
130	306554
131	387895
132	510810
133	630960
134	658705
135	591285
136	538102
137	566327
138	669183
139	827821
140	1018961
141	1170372
142	1226032
143	1233857
144	1257747
145	1289908
146	1304777
147	1328323
148	1397688
149	1498141
150	1622409
151	1773400
152	1911538
153	1923532
154	1865808
155	1874186
156	1986740
157	2185717
158	2431170
159	2681786
160	2878217
161	3017785
162	3169597
163	3452048
164	3875819
165	4256413
166	4423020
167	4418002
168	4331351
169	4188294
170	3985996
171	3760229
172	3567196
173	3454312
174	3397491
175	3351191
176	3268721
177	3105993
178	2896622
179	2672136
180	2443711
181	2226165
182	2038150
183	1887105
184	1765168
185	1672670
186	1590796
187	1520964
188	1443785
189	1354773
190	1254895
191	1155202
192	1056067
193	967790
194	893154
195	831843
196	782752
197	745773
198	707261
199	673648
200	634640
201	591731
202	545586
203	502167
204	463784
205	428169
206	399074
207	377119
208	354796
209	336971
210	319336
211	300329
212	277497
213	256374
214	235549
215	217522
216	201065
217	186453
218	175429
219	166319
220	157128
221	147931
222	137941
223	126465
224	116457
225	107496
226	99334
227	92125
228	86000
229	81520
230	76771
231	71665
232	67435
233	62611
234	58138
235	53958
236	50011
237	47122
238	44383
239	42867
240	41120
241	38969
242	40619
243	34051
244	29405
245	28472
246	27036
247	25912
248	23710
249	22147
250	22152
251	20355
252	3275
253	3504
254	3027
255	291
256	297
257	248

