## htsjdk.samtools.metrics.StringHeader
# CollectInsertSizeMetrics  --Histogram_FILE pandisease.epifluidlab.cchmc.org/results/20200420-week-17/jhu-cfdna-frag/picard_metrics/EGAR00002028051.hg19.insert_size.pdf --INPUT pandisease.epifluidlab.cchmc.org/results/20200420-week-17/jhu-cfdna-frag/filtered_bam/EGAR00002028051.hg19.filtered.bam --OUTPUT pandisease.epifluidlab.cchmc.org/results/20200420-week-17/jhu-cfdna-frag/picard_metrics/EGAR00002028051.hg19.insert_size.txt  --DEVIATIONS 10.0 --MINIMUM_PCT 0.05 --METRIC_ACCUMULATION_LEVEL ALL_READS --INCLUDE_DUPLICATES false --ASSUME_SORTED true --STOP_AFTER 0 --VERBOSITY INFO --QUIET false --VALIDATION_STRINGENCY STRICT --COMPRESSION_LEVEL 5 --MAX_RECORDS_IN_RAM 500000 --CREATE_INDEX false --CREATE_MD5_FILE false --GA4GH_CLIENT_SECRETS client_secrets.json --help false --version false --showHidden false --USE_JDK_DEFLATER false --USE_JDK_INFLATER false
## htsjdk.samtools.metrics.StringHeader
# Started on: Sun May 03 05:00:40 UTC 2020

## METRICS CLASS	picard.analysis.InsertSizeMetrics
MEDIAN_INSERT_SIZE	MODE_INSERT_SIZE	MEDIAN_ABSOLUTE_DEVIATION	MIN_INSERT_SIZE	MAX_INSERT_SIZE	MEAN_INSERT_SIZE	STANDARD_DEVIATION	READ_PAIRS	PAIR_ORIENTATION	WIDTH_OF_10_PERCENT	WIDTH_OF_20_PERCENT	WIDTH_OF_30_PERCENT	WIDTH_OF_40_PERCENT	WIDTH_OF_50_PERCENT	WIDTH_OF_60_PERCENT	WIDTH_OF_70_PERCENT	WIDTH_OF_80_PERCENT	WIDTH_OF_90_PERCENT	WIDTH_OF_95_PERCENT	WIDTH_OF_99_PERCENT	SAMPLE	LIBRARY	READ_GROUP
167	166	11	84	252	166.705005	20.179864	47331364	FR	5	9	13	17	23	31	39	51	67	87	123			

## HISTOGRAM	java.lang.Integer
insert_size	All_Reads.fr_count
84	2801
85	2499
86	2619
87	2224
88	2961
89	3239
90	3361
91	3424
92	3002
93	3203
94	3972
95	4098
96	4371
97	3801
98	4032
99	12801
100	15349
101	16534
102	17346
103	17628
104	17983
105	17632
106	18739
107	21881
108	23907
109	28045
110	33900
111	38517
112	39771
113	37242
114	36127
115	36387
116	38925
117	42956
118	48612
119	56856
120	70806
121	91021
122	109001
123	107750
124	88511
125	73335
126	70418
127	76021
128	83973
129	97247
130	116107
131	149056
132	199962
133	249212
134	260212
135	230298
136	204628
137	212288
138	248354
139	311037
140	386727
141	447795
142	469207
143	469047
144	474930
145	480845
146	473824
147	473057
148	491252
149	524814
150	566314
151	621961
152	667706
153	666496
154	637578
155	628196
156	654350
157	712241
158	788927
159	872659
160	942083
161	983921
162	1026252
163	1100581
164	1214856
165	1313730
166	1352128
167	1346679
168	1319768
169	1277115
170	1212154
171	1142215
172	1077801
173	1037347
174	1007382
175	983106
176	945990
177	894523
178	834344
179	770307
180	708381
181	647621
182	592933
183	547641
184	509222
185	479731
186	454914
187	433379
188	411738
189	388186
190	359884
191	331281
192	303087
193	279142
194	256829
195	237972
196	223639
197	211002
198	202055
199	191646
200	180906
201	169043
202	155973
203	144087
204	131532
205	121843
206	113942
207	105925
208	100001
209	95150
210	89370
211	84111
212	78333
213	72313
214	66129
215	60753
216	56052
217	52079
218	48689
219	46280
220	43149
221	41555
222	37724
223	34692
224	32420
225	29654
226	27058
227	25234
228	23912
229	22634
230	20947
231	20155
232	18944
233	17513
234	16246
235	14850
236	13576
237	13054
238	12458
239	12094
240	11623
241	11081
242	10736
243	10207
244	10538
245	8737
246	7120
247	6887
248	6599
249	6166
250	4933
251	5166
252	4718

