## htsjdk.samtools.metrics.StringHeader
# CollectInsertSizeMetrics  --Histogram_FILE pandisease.epifluidlab.cchmc.org/results/20200420-week-17/jhu-cfdna-frag/picard_metrics/EGAR00002027993.hg19.insert_size.pdf --INPUT pandisease.epifluidlab.cchmc.org/results/20200420-week-17/jhu-cfdna-frag/filtered_bam/EGAR00002027993.hg19.filtered.bam --OUTPUT pandisease.epifluidlab.cchmc.org/results/20200420-week-17/jhu-cfdna-frag/picard_metrics/EGAR00002027993.hg19.insert_size.txt  --DEVIATIONS 10.0 --MINIMUM_PCT 0.05 --METRIC_ACCUMULATION_LEVEL ALL_READS --INCLUDE_DUPLICATES false --ASSUME_SORTED true --STOP_AFTER 0 --VERBOSITY INFO --QUIET false --VALIDATION_STRINGENCY STRICT --COMPRESSION_LEVEL 5 --MAX_RECORDS_IN_RAM 500000 --CREATE_INDEX false --CREATE_MD5_FILE false --GA4GH_CLIENT_SECRETS client_secrets.json --help false --version false --showHidden false --USE_JDK_DEFLATER false --USE_JDK_INFLATER false
## htsjdk.samtools.metrics.StringHeader
# Started on: Sun May 03 11:42:20 UTC 2020

## METRICS CLASS	picard.analysis.InsertSizeMetrics
MEDIAN_INSERT_SIZE	MODE_INSERT_SIZE	MEDIAN_ABSOLUTE_DEVIATION	MIN_INSERT_SIZE	MAX_INSERT_SIZE	MEAN_INSERT_SIZE	STANDARD_DEVIATION	READ_PAIRS	PAIR_ORIENTATION	WIDTH_OF_10_PERCENT	WIDTH_OF_20_PERCENT	WIDTH_OF_30_PERCENT	WIDTH_OF_40_PERCENT	WIDTH_OF_50_PERCENT	WIDTH_OF_60_PERCENT	WIDTH_OF_70_PERCENT	WIDTH_OF_80_PERCENT	WIDTH_OF_90_PERCENT	WIDTH_OF_95_PERCENT	WIDTH_OF_99_PERCENT	SAMPLE	LIBRARY	READ_GROUP
165	166	10	86	242	164.364178	18.528848	42627869	FR	5	7	11	17	21	27	35	45	61	79	115			

## HISTOGRAM	java.lang.Integer
insert_size	All_Reads.fr_count
86	2692
87	2526
88	2736
89	3044
90	3000
91	3678
92	3498
93	3610
94	4053
95	4100
96	4431
97	4442
98	4528
99	14040
100	15266
101	16713
102	18029
103	19101
104	19297
105	19936
106	20928
107	23295
108	26309
109	29398
110	33923
111	36903
112	38322
113	36109
114	34833
115	37285
116	39798
117	43868
118	48417
119	54240
120	64240
121	80369
122	93006
123	93593
124	78907
125	69236
126	68417
127	74045
128	82532
129	93415
130	110847
131	140212
132	184753
133	225329
134	236267
135	216411
136	200082
137	214721
138	254812
139	309864
140	370649
141	419137
142	438640
143	440953
144	452015
145	460129
146	464694
147	473817
148	497985
149	527294
150	560983
151	601002
152	634135
153	633598
154	616069
155	619156
156	658482
157	719342
158	796568
159	867121
160	921357
161	954677
162	1001550
163	1089543
164	1226969
165	1342327
166	1376856
167	1351834
168	1299662
169	1229044
170	1149518
171	1066752
172	1000755
173	959271
174	928481
175	899706
176	856851
177	794886
178	724851
179	648928
180	582221
181	519010
182	464554
183	420604
184	388412
185	361929
186	338150
187	317060
188	294136
189	270350
190	244828
191	219513
192	197719
193	179124
194	162349
195	148991
196	138510
197	131064
198	123483
199	116117
200	108170
201	99570
202	91290
203	83111
204	76014
205	69175
206	64614
207	60086
208	56646
209	53476
210	49804
211	46152
212	42253
213	38824
214	35123
215	32746
216	29686
217	28068
218	25932
219	24129
220	22813
221	21269
222	20033
223	18253
224	16806
225	15370
226	14011
227	13415
228	12442
229	11964
230	11173
231	10505
232	9941
233	9213
234	8822
235	8070
236	7759
237	7250
238	7206
239	7757
240	1205
241	351
242	255

