## htsjdk.samtools.metrics.StringHeader
# CollectInsertSizeMetrics  --Histogram_FILE pandisease.epifluidlab.cchmc.org/results/20200420-week-17/jhu-cfdna-frag/picard_metrics/EGAR00002027971.hg19.insert_size.pdf --INPUT pandisease.epifluidlab.cchmc.org/results/20200420-week-17/jhu-cfdna-frag/filtered_bam/EGAR00002027971.hg19.filtered.bam --OUTPUT pandisease.epifluidlab.cchmc.org/results/20200420-week-17/jhu-cfdna-frag/picard_metrics/EGAR00002027971.hg19.insert_size.txt  --DEVIATIONS 10.0 --MINIMUM_PCT 0.05 --METRIC_ACCUMULATION_LEVEL ALL_READS --INCLUDE_DUPLICATES false --ASSUME_SORTED true --STOP_AFTER 0 --VERBOSITY INFO --QUIET false --VALIDATION_STRINGENCY STRICT --COMPRESSION_LEVEL 5 --MAX_RECORDS_IN_RAM 500000 --CREATE_INDEX false --CREATE_MD5_FILE false --GA4GH_CLIENT_SECRETS client_secrets.json --help false --version false --showHidden false --USE_JDK_DEFLATER false --USE_JDK_INFLATER false
## htsjdk.samtools.metrics.StringHeader
# Started on: Sun May 03 15:27:12 UTC 2020

## METRICS CLASS	picard.analysis.InsertSizeMetrics
MEDIAN_INSERT_SIZE	MODE_INSERT_SIZE	MEDIAN_ABSOLUTE_DEVIATION	MIN_INSERT_SIZE	MAX_INSERT_SIZE	MEAN_INSERT_SIZE	STANDARD_DEVIATION	READ_PAIRS	PAIR_ORIENTATION	WIDTH_OF_10_PERCENT	WIDTH_OF_20_PERCENT	WIDTH_OF_30_PERCENT	WIDTH_OF_40_PERCENT	WIDTH_OF_50_PERCENT	WIDTH_OF_60_PERCENT	WIDTH_OF_70_PERCENT	WIDTH_OF_80_PERCENT	WIDTH_OF_90_PERCENT	WIDTH_OF_95_PERCENT	WIDTH_OF_99_PERCENT	SAMPLE	LIBRARY	READ_GROUP
167	166	11	88	249	167.334785	19.237793	34078307	FR	5	7	13	17	23	29	37	47	65	81	117			

## HISTOGRAM	java.lang.Integer
insert_size	All_Reads.fr_count
88	53
89	266
90	299
91	294
92	1997
93	2130
94	2708
95	2744
96	2998
97	2353
98	2672
99	7441
100	8017
101	8367
102	8925
103	9195
104	9497
105	9960
106	10420
107	11712
108	12877
109	14882
110	18066
111	20522
112	22115
113	20286
114	19113
115	19953
116	21436
117	23566
118	27321
119	32109
120	40403
121	52555
122	62768
123	62865
124	52220
125	43253
126	42547
127	45898
128	51118
129	59249
130	72719
131	94035
132	126130
133	159661
134	169752
135	151125
136	134787
137	139298
138	164829
139	206815
140	257021
141	297677
142	310483
143	308426
144	312402
145	318491
146	319983
147	323669
148	340459
149	364962
150	394767
151	433769
152	464006
153	465075
154	443833
155	442162
156	468399
157	515950
158	576632
159	635585
160	682427
161	709749
162	740906
163	806526
164	906262
165	1001255
166	1037572
167	1034573
168	1009041
169	963882
170	909896
171	849276
172	800918
173	775016
174	761046
175	748562
176	728263
177	689841
178	641173
179	587172
180	532922
181	481619
182	437730
183	403563
184	374084
185	354031
186	336617
187	319807
188	302907
189	282764
190	259660
191	237376
192	215308
193	196270
194	180001
195	167679
196	157166
197	149236
198	142575
199	135398
200	127663
201	118517
202	109530
203	100908
204	92526
205	85249
206	79177
207	74211
208	69966
209	66706
210	62707
211	58542
212	54464
213	49971
214	45477
215	41803
216	38664
217	35624
218	33591
219	31910
220	29847
221	27738
222	26000
223	24067
224	21926
225	20625
226	18387
227	17042
228	16308
229	15373
230	14747
231	13568
232	12780
233	12027
234	11149
235	10039
236	9629
237	8888
238	9252
239	7892
240	6941
241	6652
242	6485
243	6210
244	5545
245	5569
246	5163
247	389
248	380
249	342

