## htsjdk.samtools.metrics.StringHeader
# CollectInsertSizeMetrics  --Histogram_FILE pandisease.epifluidlab.cchmc.org/results/20200420-week-17/jhu-cfdna-frag/picard_metrics/EGAR00002027954.hg19.insert_size.pdf --INPUT pandisease.epifluidlab.cchmc.org/results/20200420-week-17/jhu-cfdna-frag/filtered_bam/EGAR00002027954.hg19.filtered.bam --OUTPUT pandisease.epifluidlab.cchmc.org/results/20200420-week-17/jhu-cfdna-frag/picard_metrics/EGAR00002027954.hg19.insert_size.txt  --DEVIATIONS 10.0 --MINIMUM_PCT 0.05 --METRIC_ACCUMULATION_LEVEL ALL_READS --INCLUDE_DUPLICATES false --ASSUME_SORTED true --STOP_AFTER 0 --VERBOSITY INFO --QUIET false --VALIDATION_STRINGENCY STRICT --COMPRESSION_LEVEL 5 --MAX_RECORDS_IN_RAM 500000 --CREATE_INDEX false --CREATE_MD5_FILE false --GA4GH_CLIENT_SECRETS client_secrets.json --help false --version false --showHidden false --USE_JDK_DEFLATER false --USE_JDK_INFLATER false
## htsjdk.samtools.metrics.StringHeader
# Started on: Sun May 03 15:44:31 UTC 2020

## METRICS CLASS	picard.analysis.InsertSizeMetrics
MEDIAN_INSERT_SIZE	MODE_INSERT_SIZE	MEDIAN_ABSOLUTE_DEVIATION	MIN_INSERT_SIZE	MAX_INSERT_SIZE	MEAN_INSERT_SIZE	STANDARD_DEVIATION	READ_PAIRS	PAIR_ORIENTATION	WIDTH_OF_10_PERCENT	WIDTH_OF_20_PERCENT	WIDTH_OF_30_PERCENT	WIDTH_OF_40_PERCENT	WIDTH_OF_50_PERCENT	WIDTH_OF_60_PERCENT	WIDTH_OF_70_PERCENT	WIDTH_OF_80_PERCENT	WIDTH_OF_90_PERCENT	WIDTH_OF_95_PERCENT	WIDTH_OF_99_PERCENT	SAMPLE	LIBRARY	READ_GROUP
169	167	12	83	258	169.097935	20.898841	28507922	FR	5	9	13	19	25	31	41	53	71	89	127			

## HISTOGRAM	java.lang.Integer
insert_size	All_Reads.fr_count
83	903
84	1050
85	986
86	1087
87	1960
88	2279
89	2675
90	2810
91	2858
92	2594
93	2674
94	2889
95	3401
96	3684
97	3072
98	3234
99	7550
100	8298
101	9045
102	9725
103	9839
104	10027
105	9931
106	10439
107	12049
108	13217
109	15046
110	18402
111	20317
112	21219
113	19768
114	18899
115	19964
116	20971
117	23052
118	26410
119	30261
120	37245
121	47621
122	56716
123	56399
124	47279
125	39455
126	38333
127	40710
128	45230
129	51840
130	62270
131	79062
132	103491
133	128370
134	135865
135	119823
136	106141
137	108796
138	127181
139	157801
140	196556
141	229143
142	239317
143	240491
144	244368
145	247576
146	248382
147	250107
148	262018
149	281662
150	305014
151	334636
152	361771
153	366589
154	349931
155	343982
156	357448
157	388504
158	431704
159	482162
160	524658
161	552894
162	573920
163	610091
164	669019
165	726323
166	755774
167	764741
168	760234
169	745245
170	714453
171	680333
172	647782
173	631350
174	619211
175	612315
176	599003
177	575453
178	545003
179	507839
180	471489
181	435487
182	402650
183	374555
184	352942
185	336483
186	322718
187	310381
188	297957
189	281708
190	264897
191	245800
192	226115
193	207867
194	192498
195	180206
196	170436
197	162512
198	155788
199	149011
200	141000
201	131564
202	121517
203	112966
204	103090
205	95504
206	88874
207	83897
208	79813
209	75648
210	71589
211	66583
212	61965
213	57685
214	52508
215	48763
216	44646
217	41554
218	39459
219	36734
220	34354
221	32621
222	30550
223	28330
224	25892
225	24156
226	21559
227	20235
228	18819
229	17764
230	16920
231	15852
232	14506
233	13402
234	12464
235	11662
236	10920
237	10114
238	9463
239	9125
240	8762
241	8318
242	7877
243	7409
244	6751
245	6596
246	6113
247	6229
248	5479
249	4974
250	4861
251	4379
252	4027
253	3797
254	3862
255	3390
256	97
257	126
258	93

