## htsjdk.samtools.metrics.StringHeader
# CollectInsertSizeMetrics  --Histogram_FILE pandisease.epifluidlab.cchmc.org/results/20200420-week-17/jhu-cfdna-frag/picard_metrics/EGAR00002027973.hg19.insert_size.pdf --INPUT pandisease.epifluidlab.cchmc.org/results/20200420-week-17/jhu-cfdna-frag/filtered_bam/EGAR00002027973.hg19.filtered.bam --OUTPUT pandisease.epifluidlab.cchmc.org/results/20200420-week-17/jhu-cfdna-frag/picard_metrics/EGAR00002027973.hg19.insert_size.txt  --DEVIATIONS 10.0 --MINIMUM_PCT 0.05 --METRIC_ACCUMULATION_LEVEL ALL_READS --INCLUDE_DUPLICATES false --ASSUME_SORTED true --STOP_AFTER 0 --VERBOSITY INFO --QUIET false --VALIDATION_STRINGENCY STRICT --COMPRESSION_LEVEL 5 --MAX_RECORDS_IN_RAM 500000 --CREATE_INDEX false --CREATE_MD5_FILE false --GA4GH_CLIENT_SECRETS client_secrets.json --help false --version false --showHidden false --USE_JDK_DEFLATER false --USE_JDK_INFLATER false
## htsjdk.samtools.metrics.StringHeader
# Started on: Sun May 03 05:38:27 UTC 2020

## METRICS CLASS	picard.analysis.InsertSizeMetrics
MEDIAN_INSERT_SIZE	MODE_INSERT_SIZE	MEDIAN_ABSOLUTE_DEVIATION	MIN_INSERT_SIZE	MAX_INSERT_SIZE	MEAN_INSERT_SIZE	STANDARD_DEVIATION	READ_PAIRS	PAIR_ORIENTATION	WIDTH_OF_10_PERCENT	WIDTH_OF_20_PERCENT	WIDTH_OF_30_PERCENT	WIDTH_OF_40_PERCENT	WIDTH_OF_50_PERCENT	WIDTH_OF_60_PERCENT	WIDTH_OF_70_PERCENT	WIDTH_OF_80_PERCENT	WIDTH_OF_90_PERCENT	WIDTH_OF_95_PERCENT	WIDTH_OF_99_PERCENT	SAMPLE	LIBRARY	READ_GROUP
168	167	11	86	254	168.7324	19.625166	46607918	FR	5	9	13	17	23	29	37	49	65	83	121			

## HISTOGRAM	java.lang.Integer
insert_size	All_Reads.fr_count
86	2
87	3
88	1
89	6
90	2927
91	3264
92	2673
93	2928
94	3660
95	3700
96	3950
97	3235
98	3616
99	8633
100	10070
101	10508
102	10880
103	11149
104	11643
105	12388
106	12882
107	14516
108	16143
109	18405
110	21778
111	24642
112	26034
113	24884
114	24257
115	24756
116	26576
117	29648
118	34523
119	40104
120	48297
121	61033
122	71952
123	72472
124	61640
125	53341
126	54033
127	59665
128	65602
129	75787
130	91708
131	116387
132	151822
133	189325
134	199187
135	183780
136	168459
137	175640
138	204268
139	250557
140	309550
141	358497
142	379049
143	384881
144	398017
145	412222
146	417012
147	427883
148	448953
149	479661
150	516464
151	564458
152	607583
153	611789
154	594667
155	592567
156	623278
157	681390
158	755408
159	832385
160	895056
161	936890
162	974562
163	1045820
164	1157422
165	1264240
166	1321025
167	1331471
168	1313763
169	1277557
170	1222665
171	1159438
172	1105778
173	1075413
174	1062987
175	1049365
176	1023096
177	974923
178	912600
179	842369
180	775141
181	707937
182	652742
183	604397
184	567710
185	539189
186	513118
187	489558
188	464212
189	435151
190	402709
191	368209
192	336230
193	308198
194	284473
195	265174
196	250011
197	237764
198	226145
199	215956
200	202428
201	190291
202	174630
203	160365
204	147945
205	135989
206	126956
207	119135
208	112335
209	106650
210	100086
211	93501
212	87081
213	80065
214	73102
215	66692
216	61918
217	57561
218	53777
219	50202
220	47708
221	44806
222	41060
223	38154
224	34825
225	32118
226	29521
227	27910
228	25763
229	24382
230	22552
231	21146
232	19915
233	18409
234	16776
235	16030
236	14774
237	13604
238	13136
239	12598
240	12038
241	11556
242	11145
243	11475
244	9537
245	8208
246	7551
247	7214
248	7001
249	6629
250	6924
251	6401
252	279
253	292
254	255

