## htsjdk.samtools.metrics.StringHeader
# CollectInsertSizeMetrics  --Histogram_FILE pandisease.epifluidlab.cchmc.org/results/20200420-week-17/jhu-cfdna-frag/picard_metrics/EGAR00002027937.hg19.insert_size.pdf --INPUT pandisease.epifluidlab.cchmc.org/results/20200420-week-17/jhu-cfdna-frag/filtered_bam/EGAR00002027937.hg19.filtered.bam --OUTPUT pandisease.epifluidlab.cchmc.org/results/20200420-week-17/jhu-cfdna-frag/picard_metrics/EGAR00002027937.hg19.insert_size.txt  --DEVIATIONS 10.0 --MINIMUM_PCT 0.05 --METRIC_ACCUMULATION_LEVEL ALL_READS --INCLUDE_DUPLICATES false --ASSUME_SORTED true --STOP_AFTER 0 --VERBOSITY INFO --QUIET false --VALIDATION_STRINGENCY STRICT --COMPRESSION_LEVEL 5 --MAX_RECORDS_IN_RAM 500000 --CREATE_INDEX false --CREATE_MD5_FILE false --GA4GH_CLIENT_SECRETS client_secrets.json --help false --version false --showHidden false --USE_JDK_DEFLATER false --USE_JDK_INFLATER false
## htsjdk.samtools.metrics.StringHeader
# Started on: Sun May 03 13:14:24 UTC 2020

## METRICS CLASS	picard.analysis.InsertSizeMetrics
MEDIAN_INSERT_SIZE	MODE_INSERT_SIZE	MEDIAN_ABSOLUTE_DEVIATION	MIN_INSERT_SIZE	MAX_INSERT_SIZE	MEAN_INSERT_SIZE	STANDARD_DEVIATION	READ_PAIRS	PAIR_ORIENTATION	WIDTH_OF_10_PERCENT	WIDTH_OF_20_PERCENT	WIDTH_OF_30_PERCENT	WIDTH_OF_40_PERCENT	WIDTH_OF_50_PERCENT	WIDTH_OF_60_PERCENT	WIDTH_OF_70_PERCENT	WIDTH_OF_80_PERCENT	WIDTH_OF_90_PERCENT	WIDTH_OF_95_PERCENT	WIDTH_OF_99_PERCENT	SAMPLE	LIBRARY	READ_GROUP
168	166	11	83	253	167.452414	20.542171	41960794	FR	5	9	13	17	23	31	39	51	69	87	125			

## HISTOGRAM	java.lang.Integer
insert_size	All_Reads.fr_count
83	178
84	197
85	1655
86	1735
87	1442
88	1708
89	3149
90	3333
91	3413
92	3164
93	3214
94	3629
95	4034
96	4734
97	3845
98	4189
99	12309
100	13770
101	15709
102	16070
103	16545
104	16540
105	16612
106	17485
107	19356
108	21974
109	25831
110	31808
111	36158
112	37725
113	34720
114	32276
115	32647
116	35412
117	38601
118	43812
119	51035
120	63666
121	83742
122	100324
123	99633
124	81058
125	65226
126	61445
127	66158
128	72623
129	83196
130	101363
131	129167
132	171033
133	214731
134	223963
135	198971
136	175542
137	180640
138	212083
139	261695
140	324284
141	373309
142	389081
143	387186
144	391403
145	397765
146	398694
147	401178
148	420333
149	448010
150	480502
151	520958
152	554048
153	557209
154	535328
155	531098
156	556732
157	607904
158	672042
159	741357
160	794085
161	830213
162	866931
163	943377
164	1055369
165	1156119
166	1194504
167	1190629
168	1166281
169	1123137
170	1065096
171	1002096
172	949048
173	919795
174	905373
175	891009
176	868821
177	826590
178	771956
179	711924
180	651931
181	595244
182	547830
183	506496
184	475257
185	452134
186	430917
187	411602
188	391430
189	368305
190	342275
191	313722
192	286153
193	263150
194	241818
195	226264
196	212847
197	203039
198	192875
199	182278
200	172599
201	161564
202	149796
203	137335
204	127020
205	116740
206	108957
207	102927
208	96188
209	91642
210	86855
211	81681
212	76125
213	70074
214	64715
215	59343
216	54163
217	50490
218	47840
219	45502
220	42816
221	40318
222	37603
223	34561
224	32050
225	29486
226	27233
227	25221
228	23799
229	22356
230	21218
231	20117
232	18654
233	17440
234	16415
235	15174
236	13862
237	12911
238	12425
239	12042
240	11455
241	11065
242	10918
243	9649
244	8819
245	8735
246	7627
247	6823
248	6499
249	6160
250	6304
251	5759
252	5810
253	5300

