## htsjdk.samtools.metrics.StringHeader
# CollectInsertSizeMetrics  --Histogram_FILE pandisease.epifluidlab.cchmc.org/results/20200420-week-17/jhu-cfdna-frag/picard_metrics/EGAR00002027957.hg19.insert_size.pdf --INPUT pandisease.epifluidlab.cchmc.org/results/20200420-week-17/jhu-cfdna-frag/filtered_bam/EGAR00002027957.hg19.filtered.bam --OUTPUT pandisease.epifluidlab.cchmc.org/results/20200420-week-17/jhu-cfdna-frag/picard_metrics/EGAR00002027957.hg19.insert_size.txt  --DEVIATIONS 10.0 --MINIMUM_PCT 0.05 --METRIC_ACCUMULATION_LEVEL ALL_READS --INCLUDE_DUPLICATES false --ASSUME_SORTED true --STOP_AFTER 0 --VERBOSITY INFO --QUIET false --VALIDATION_STRINGENCY STRICT --COMPRESSION_LEVEL 5 --MAX_RECORDS_IN_RAM 500000 --CREATE_INDEX false --CREATE_MD5_FILE false --GA4GH_CLIENT_SECRETS client_secrets.json --help false --version false --showHidden false --USE_JDK_DEFLATER false --USE_JDK_INFLATER false
## htsjdk.samtools.metrics.StringHeader
# Started on: Sun May 03 15:09:26 UTC 2020

## METRICS CLASS	picard.analysis.InsertSizeMetrics
MEDIAN_INSERT_SIZE	MODE_INSERT_SIZE	MEDIAN_ABSOLUTE_DEVIATION	MIN_INSERT_SIZE	MAX_INSERT_SIZE	MEAN_INSERT_SIZE	STANDARD_DEVIATION	READ_PAIRS	PAIR_ORIENTATION	WIDTH_OF_10_PERCENT	WIDTH_OF_20_PERCENT	WIDTH_OF_30_PERCENT	WIDTH_OF_40_PERCENT	WIDTH_OF_50_PERCENT	WIDTH_OF_60_PERCENT	WIDTH_OF_70_PERCENT	WIDTH_OF_80_PERCENT	WIDTH_OF_90_PERCENT	WIDTH_OF_95_PERCENT	WIDTH_OF_99_PERCENT	SAMPLE	LIBRARY	READ_GROUP
169	167	12	83	258	169.294195	20.774571	35199848	FR	5	9	13	19	25	31	41	51	69	87	125			

## HISTOGRAM	java.lang.Integer
insert_size	All_Reads.fr_count
83	1833
84	2200
85	1885
86	1851
87	1832
88	2252
89	2800
90	2712
91	2827
92	2539
93	2541
94	3191
95	3599
96	3600
97	3066
98	3246
99	7977
100	8856
101	9824
102	10333
103	10641
104	11056
105	10697
106	11334
107	13221
108	14799
109	16877
110	20581
111	23316
112	24238
113	23122
114	21684
115	22866
116	24441
117	26752
118	30464
119	35416
120	44443
121	57202
122	68194
123	69088
124	58215
125	49142
126	47217
127	51011
128	56163
129	64459
130	77788
131	97435
132	127433
133	159793
134	167476
135	150039
136	132403
137	134671
138	156762
139	192611
140	240626
141	278952
142	295817
143	294966
144	300439
145	306364
146	307462
147	310413
148	322705
149	346398
150	371625
151	408811
152	442464
153	445758
154	426324
155	417238
156	435044
157	471468
158	526104
159	587083
160	637340
161	670160
162	695714
163	740654
164	812556
165	882976
166	919825
167	931627
168	929434
169	913550
170	880108
171	838969
172	802667
173	784119
174	772818
175	763726
176	749730
177	721498
178	683894
179	640253
180	597310
181	552523
182	513313
183	475572
184	447814
185	426748
186	409041
187	393431
188	377419
189	358025
190	336287
191	310758
192	286145
193	263240
194	242330
195	225750
196	213705
197	203506
198	194512
199	186255
200	175762
201	165154
202	151876
203	140250
204	129237
205	119304
206	111071
207	103739
208	98938
209	93324
210	88034
211	82482
212	77358
213	70763
214	65622
215	59697
216	54986
217	51013
218	47699
219	44519
220	42188
221	39839
222	37063
223	34150
224	31507
225	28872
226	25888
227	24595
228	22811
229	21493
230	19838
231	18709
232	17697
233	16163
234	14962
235	13839
236	12784
237	11945
238	11010
239	10489
240	10043
241	9589
242	9027
243	8616
244	8029
245	7512
246	7203
247	6803
248	6450
249	6041
250	6489
251	5520
252	4628
253	4378
254	4623
255	4172
256	210
257	264
258	204

