## htsjdk.samtools.metrics.StringHeader
# CollectInsertSizeMetrics  --Histogram_FILE pandisease.epifluidlab.cchmc.org/results/20200420-week-17/jhu-cfdna-frag/picard_metrics/EGAR00002028045.hg19.insert_size.pdf --INPUT pandisease.epifluidlab.cchmc.org/results/20200420-week-17/jhu-cfdna-frag/filtered_bam/EGAR00002028045.hg19.filtered.bam --OUTPUT pandisease.epifluidlab.cchmc.org/results/20200420-week-17/jhu-cfdna-frag/picard_metrics/EGAR00002028045.hg19.insert_size.txt  --DEVIATIONS 10.0 --MINIMUM_PCT 0.05 --METRIC_ACCUMULATION_LEVEL ALL_READS --INCLUDE_DUPLICATES false --ASSUME_SORTED true --STOP_AFTER 0 --VERBOSITY INFO --QUIET false --VALIDATION_STRINGENCY STRICT --COMPRESSION_LEVEL 5 --MAX_RECORDS_IN_RAM 500000 --CREATE_INDEX false --CREATE_MD5_FILE false --GA4GH_CLIENT_SECRETS client_secrets.json --help false --version false --showHidden false --USE_JDK_DEFLATER false --USE_JDK_INFLATER false
## htsjdk.samtools.metrics.StringHeader
# Started on: Sun May 03 12:00:49 UTC 2020

## METRICS CLASS	picard.analysis.InsertSizeMetrics
MEDIAN_INSERT_SIZE	MODE_INSERT_SIZE	MEDIAN_ABSOLUTE_DEVIATION	MIN_INSERT_SIZE	MAX_INSERT_SIZE	MEAN_INSERT_SIZE	STANDARD_DEVIATION	READ_PAIRS	PAIR_ORIENTATION	WIDTH_OF_10_PERCENT	WIDTH_OF_20_PERCENT	WIDTH_OF_30_PERCENT	WIDTH_OF_40_PERCENT	WIDTH_OF_50_PERCENT	WIDTH_OF_60_PERCENT	WIDTH_OF_70_PERCENT	WIDTH_OF_80_PERCENT	WIDTH_OF_90_PERCENT	WIDTH_OF_95_PERCENT	WIDTH_OF_99_PERCENT	SAMPLE	LIBRARY	READ_GROUP
169	167	11	89	250	168.713	19.517375	41556050	FR	5	9	13	17	23	29	37	49	65	83	119			

## HISTOGRAM	java.lang.Integer
insert_size	All_Reads.fr_count
89	8
90	2492
91	2501
92	2053
93	2674
94	3311
95	3298
96	3859
97	2985
98	3314
99	11007
100	12349
101	12967
102	13462
103	13850
104	13969
105	14670
106	15388
107	17294
108	19096
109	21636
110	25599
111	29252
112	29748
113	28157
114	25960
115	26366
116	28488
117	31378
118	35891
119	41301
120	50212
121	64353
122	75229
123	73959
124	60886
125	49325
126	48084
127	51796
128	57514
129	66231
130	80506
131	102065
132	134658
133	167432
134	172621
135	153509
136	138598
137	145988
138	175481
139	218675
140	273107
141	315115
142	329165
143	327561
144	333280
145	338461
146	342714
147	353407
148	376795
149	408708
150	443580
151	484429
152	519433
153	521166
154	501679
155	500924
156	529672
157	585461
158	656951
159	732410
160	789999
161	828028
162	864146
163	929142
164	1034901
165	1133209
166	1178381
167	1187697
168	1171641
169	1143984
170	1095340
171	1040248
172	996084
173	974481
174	960955
175	952919
176	935098
177	896783
178	841228
179	779763
180	717392
181	658291
182	605413
183	562813
184	527569
185	501656
186	478393
187	459633
188	436769
189	410276
190	378177
191	344941
192	313652
193	286000
194	261539
195	243094
196	228433
197	214434
198	202688
199	191928
200	178513
201	165568
202	152385
203	138090
204	126959
205	115936
206	107615
207	100673
208	94271
209	89245
210	83192
211	77531
212	71506
213	66092
214	59960
215	55217
216	50432
217	46839
218	44286
219	41776
220	38527
221	36631
222	33540
223	30462
224	28255
225	25983
226	23601
227	22002
228	20768
229	19553
230	18287
231	17090
232	16067
233	14558
234	13710
235	12475
236	11865
237	11015
238	10457
239	10063
240	9576
241	9226
242	8881
243	9201
244	7463
245	6226
246	6078
247	5463
248	106
249	126
250	128

