## htsjdk.samtools.metrics.StringHeader
# CollectInsertSizeMetrics  --Histogram_FILE pandisease.epifluidlab.cchmc.org/results/20200420-week-17/jhu-cfdna-frag/picard_metrics/EGAR00002027935.hg19.insert_size.pdf --INPUT pandisease.epifluidlab.cchmc.org/results/20200420-week-17/jhu-cfdna-frag/filtered_bam/EGAR00002027935.hg19.filtered.bam --OUTPUT pandisease.epifluidlab.cchmc.org/results/20200420-week-17/jhu-cfdna-frag/picard_metrics/EGAR00002027935.hg19.insert_size.txt  --DEVIATIONS 10.0 --MINIMUM_PCT 0.05 --METRIC_ACCUMULATION_LEVEL ALL_READS --INCLUDE_DUPLICATES false --ASSUME_SORTED true --STOP_AFTER 0 --VERBOSITY INFO --QUIET false --VALIDATION_STRINGENCY STRICT --COMPRESSION_LEVEL 5 --MAX_RECORDS_IN_RAM 500000 --CREATE_INDEX false --CREATE_MD5_FILE false --GA4GH_CLIENT_SECRETS client_secrets.json --help false --version false --showHidden false --USE_JDK_DEFLATER false --USE_JDK_INFLATER false
## htsjdk.samtools.metrics.StringHeader
# Started on: Sun May 03 01:42:26 UTC 2020

## METRICS CLASS	picard.analysis.InsertSizeMetrics
MEDIAN_INSERT_SIZE	MODE_INSERT_SIZE	MEDIAN_ABSOLUTE_DEVIATION	MIN_INSERT_SIZE	MAX_INSERT_SIZE	MEAN_INSERT_SIZE	STANDARD_DEVIATION	READ_PAIRS	PAIR_ORIENTATION	WIDTH_OF_10_PERCENT	WIDTH_OF_20_PERCENT	WIDTH_OF_30_PERCENT	WIDTH_OF_40_PERCENT	WIDTH_OF_50_PERCENT	WIDTH_OF_60_PERCENT	WIDTH_OF_70_PERCENT	WIDTH_OF_80_PERCENT	WIDTH_OF_90_PERCENT	WIDTH_OF_95_PERCENT	WIDTH_OF_99_PERCENT	SAMPLE	LIBRARY	READ_GROUP
167	166	11	87	248	166.685514	19.715953	57382376	FR	5	9	13	17	23	29	39	49	67	83	119			

## HISTOGRAM	java.lang.Integer
insert_size	All_Reads.fr_count
87	211
88	3542
89	3955
90	3928
91	4569
92	4253
93	4343
94	4740
95	4802
96	5369
97	5085
98	5331
99	15687
100	17678
101	19172
102	20347
103	20819
104	21057
105	20882
106	22073
107	24324
108	26973
109	32446
110	39691
111	44577
112	46451
113	42803
114	40307
115	40905
116	44613
117	48677
118	55320
119	65636
120	83405
121	108619
122	130364
123	127409
124	104716
125	85080
126	81396
127	87581
128	97550
129	113027
130	138339
131	179213
132	238931
133	300640
134	313939
135	277368
136	244804
137	252847
138	296650
139	370267
140	459280
141	532825
142	558674
143	559929
144	564055
145	574943
146	569845
147	571179
148	594907
149	632361
150	683160
151	740350
152	794106
153	796674
154	765190
155	759332
156	795054
157	868112
158	960167
159	1056106
160	1129972
161	1181971
162	1233017
163	1327137
164	1473464
165	1604788
166	1662274
167	1661467
168	1623729
169	1567466
170	1484246
171	1398917
172	1321311
173	1279775
174	1254987
175	1229660
176	1191534
177	1127136
178	1048296
179	963708
180	881678
181	801919
182	732805
183	676315
184	630862
185	595921
186	566739
187	536921
188	509268
189	474791
190	436515
191	399445
192	362997
193	331928
194	305019
195	284152
196	266701
197	251448
198	240638
199	227430
200	213616
201	198838
202	183269
203	167383
204	153758
205	141975
206	130505
207	123396
208	116328
209	109851
210	103393
211	96539
212	88991
213	82064
214	73813
215	68753
216	63121
217	58678
218	54706
219	52160
220	48685
221	45089
222	41419
223	38410
224	35902
225	32563
226	29721
227	27816
228	25697
229	24560
230	23187
231	21575
232	20367
233	18766
234	17209
235	16033
236	14770
237	13771
238	13114
239	12638
240	12162
241	12772
242	10500
243	8896
244	8309
245	7661
246	4247
247	4242
248	3851

