## htsjdk.samtools.metrics.StringHeader
# CollectInsertSizeMetrics  --Histogram_FILE pandisease.epifluidlab.cchmc.org/results/20200420-week-17/jhu-cfdna-frag/picard_metrics/EGAR00002028002.hg19.insert_size.pdf --INPUT pandisease.epifluidlab.cchmc.org/results/20200420-week-17/jhu-cfdna-frag/filtered_bam/EGAR00002028002.hg19.filtered.bam --OUTPUT pandisease.epifluidlab.cchmc.org/results/20200420-week-17/jhu-cfdna-frag/picard_metrics/EGAR00002028002.hg19.insert_size.txt  --DEVIATIONS 10.0 --MINIMUM_PCT 0.05 --METRIC_ACCUMULATION_LEVEL ALL_READS --INCLUDE_DUPLICATES false --ASSUME_SORTED true --STOP_AFTER 0 --VERBOSITY INFO --QUIET false --VALIDATION_STRINGENCY STRICT --COMPRESSION_LEVEL 5 --MAX_RECORDS_IN_RAM 500000 --CREATE_INDEX false --CREATE_MD5_FILE false --GA4GH_CLIENT_SECRETS client_secrets.json --help false --version false --showHidden false --USE_JDK_DEFLATER false --USE_JDK_INFLATER false
## htsjdk.samtools.metrics.StringHeader
# Started on: Sun May 03 11:23:34 UTC 2020

## METRICS CLASS	picard.analysis.InsertSizeMetrics
MEDIAN_INSERT_SIZE	MODE_INSERT_SIZE	MEDIAN_ABSOLUTE_DEVIATION	MIN_INSERT_SIZE	MAX_INSERT_SIZE	MEAN_INSERT_SIZE	STANDARD_DEVIATION	READ_PAIRS	PAIR_ORIENTATION	WIDTH_OF_10_PERCENT	WIDTH_OF_20_PERCENT	WIDTH_OF_30_PERCENT	WIDTH_OF_40_PERCENT	WIDTH_OF_50_PERCENT	WIDTH_OF_60_PERCENT	WIDTH_OF_70_PERCENT	WIDTH_OF_80_PERCENT	WIDTH_OF_90_PERCENT	WIDTH_OF_95_PERCENT	WIDTH_OF_99_PERCENT	SAMPLE	LIBRARY	READ_GROUP
167	166	10	90	244	165.834806	18.053516	37493842	FR	5	7	11	15	21	27	35	45	61	77	113			

## HISTOGRAM	java.lang.Integer
insert_size	All_Reads.fr_count
90	6
91	9
92	16
93	189
94	258
95	2689
96	2967
97	2893
98	3242
99	9780
100	10873
101	11568
102	12864
103	13137
104	13568
105	14041
106	14876
107	17657
108	19272
109	21449
110	24960
111	27351
112	28256
113	27431
114	26264
115	27092
116	29072
117	31964
118	35794
119	41112
120	49304
121	61857
122	71073
123	69843
124	58901
125	50332
126	49680
127	54030
128	60004
129	68430
130	82233
131	102906
132	134257
133	165562
134	172666
135	157484
136	148492
137	159154
138	189671
139	234482
140	284583
141	323052
142	338927
143	342436
144	350072
145	359047
146	364524
147	377263
148	398711
149	428647
150	458783
151	492557
152	522860
153	526499
154	512686
155	518091
156	549786
157	604369
158	671755
159	737749
160	789539
161	823675
162	866654
163	943203
164	1058765
165	1165358
166	1209737
167	1201985
168	1166517
169	1116850
170	1053939
171	985299
172	928966
173	893214
174	870861
175	851677
176	819295
177	766575
178	703474
179	636131
180	571194
181	511815
182	463830
183	420053
184	388301
185	363216
186	340493
187	317512
188	296243
189	271865
190	247652
191	221549
192	197996
193	180224
194	161495
195	148834
196	138391
197	129169
198	121385
199	113142
200	105011
201	96473
202	87688
203	78698
204	72430
205	65310
206	60723
207	56214
208	52819
209	49254
210	46187
211	42629
212	39255
213	35743
214	32431
215	29646
216	27406
217	24849
218	23473
219	21953
220	20600
221	19014
222	17580
223	16226
224	14643
225	13683
226	12597
227	11410
228	10852
229	10411
230	9869
231	9309
232	8654
233	7777
234	8504
235	6726
236	5763
237	5310
238	1787
239	1777
240	1794
241	1565
242	119
243	106
244	93

