## htsjdk.samtools.metrics.StringHeader
# CollectInsertSizeMetrics  --Histogram_FILE pandisease.epifluidlab.cchmc.org/results/20200420-week-17/jhu-cfdna-frag/picard_metrics/EGAR00002027916.hg19.insert_size.pdf --INPUT pandisease.epifluidlab.cchmc.org/results/20200420-week-17/jhu-cfdna-frag/filtered_bam/EGAR00002027916.hg19.filtered.bam --OUTPUT pandisease.epifluidlab.cchmc.org/results/20200420-week-17/jhu-cfdna-frag/picard_metrics/EGAR00002027916.hg19.insert_size.txt  --DEVIATIONS 10.0 --MINIMUM_PCT 0.05 --METRIC_ACCUMULATION_LEVEL ALL_READS --INCLUDE_DUPLICATES false --ASSUME_SORTED true --STOP_AFTER 0 --VERBOSITY INFO --QUIET false --VALIDATION_STRINGENCY STRICT --COMPRESSION_LEVEL 5 --MAX_RECORDS_IN_RAM 500000 --CREATE_INDEX false --CREATE_MD5_FILE false --GA4GH_CLIENT_SECRETS client_secrets.json --help false --version false --showHidden false --USE_JDK_DEFLATER false --USE_JDK_INFLATER false
## htsjdk.samtools.metrics.StringHeader
# Started on: Sun May 03 01:15:24 UTC 2020

## METRICS CLASS	picard.analysis.InsertSizeMetrics
MEDIAN_INSERT_SIZE	MODE_INSERT_SIZE	MEDIAN_ABSOLUTE_DEVIATION	MIN_INSERT_SIZE	MAX_INSERT_SIZE	MEAN_INSERT_SIZE	STANDARD_DEVIATION	READ_PAIRS	PAIR_ORIENTATION	WIDTH_OF_10_PERCENT	WIDTH_OF_20_PERCENT	WIDTH_OF_30_PERCENT	WIDTH_OF_40_PERCENT	WIDTH_OF_50_PERCENT	WIDTH_OF_60_PERCENT	WIDTH_OF_70_PERCENT	WIDTH_OF_80_PERCENT	WIDTH_OF_90_PERCENT	WIDTH_OF_95_PERCENT	WIDTH_OF_99_PERCENT	SAMPLE	LIBRARY	READ_GROUP
169	167	11	85	260	170.041807	20.015053	73473128	FR	5	9	13	17	23	31	39	49	67	85	123			

## HISTOGRAM	java.lang.Integer
insert_size	All_Reads.fr_count
85	4
86	12
87	15
88	246
89	545
90	623
91	1029
92	990
93	999
94	1183
95	5164
96	6204
97	5164
98	5449
99	16241
100	17367
101	19545
102	20023
103	20786
104	20698
105	20767
106	21616
107	24913
108	27913
109	32701
110	38658
111	42698
112	43807
113	41688
114	39732
115	40035
116	42850
117	47147
118	53684
119	62859
120	78747
121	99879
122	117008
123	116514
124	95960
125	79116
126	75764
127	81895
128	92452
129	106229
130	128934
131	166789
132	222288
133	278350
134	289516
135	256145
136	226505
137	238308
138	284622
139	359312
140	451140
141	527035
142	553691
143	559239
144	567384
145	579514
146	578166
147	587747
148	623256
149	677601
150	741216
151	817780
152	884559
153	892117
154	856349
155	849802
156	895269
157	986996
158	1104938
159	1239268
160	1347449
161	1418566
162	1481385
163	1597845
164	1777290
165	1950350
166	2034942
167	2061430
168	2044274
169	1997106
170	1914272
171	1822524
172	1739141
173	1699300
174	1681211
175	1671923
176	1645381
177	1581394
178	1491780
179	1388721
180	1284162
181	1178581
182	1089061
183	1018280
184	959353
185	915732
186	881736
187	846016
188	811157
189	765442
190	712879
191	656876
192	600668
193	551962
194	507876
195	476094
196	448395
197	427493
198	409871
199	388734
200	366961
201	341749
202	313623
203	288842
204	265086
205	244106
206	227809
207	213146
208	202648
209	192136
210	181358
211	168520
212	156094
213	143258
214	130980
215	121048
216	110699
217	102800
218	96265
219	91243
220	85819
221	80460
222	74842
223	68763
224	63224
225	57712
226	53203
227	49027
228	46392
229	43151
230	40658
231	37971
232	35598
233	32928
234	30449
235	27783
236	25877
237	24338
238	22949
239	22319
240	21139
241	21334
242	18405
243	15343
244	14712
245	13773
246	12824
247	12058
248	11638
249	11182
250	10752
251	10411
252	10187
253	9963
254	9594
255	9617
256	8925
257	557
258	522
259	477
260	474

