## htsjdk.samtools.metrics.StringHeader
# CollectInsertSizeMetrics  --Histogram_FILE pandisease.epifluidlab.cchmc.org/results/20200420-week-17/jhu-cfdna-frag/picard_metrics/EGAR00002028042.hg19.insert_size.pdf --INPUT pandisease.epifluidlab.cchmc.org/results/20200420-week-17/jhu-cfdna-frag/filtered_bam/EGAR00002028042.hg19.filtered.bam --OUTPUT pandisease.epifluidlab.cchmc.org/results/20200420-week-17/jhu-cfdna-frag/picard_metrics/EGAR00002028042.hg19.insert_size.txt  --DEVIATIONS 10.0 --MINIMUM_PCT 0.05 --METRIC_ACCUMULATION_LEVEL ALL_READS --INCLUDE_DUPLICATES false --ASSUME_SORTED true --STOP_AFTER 0 --VERBOSITY INFO --QUIET false --VALIDATION_STRINGENCY STRICT --COMPRESSION_LEVEL 5 --MAX_RECORDS_IN_RAM 500000 --CREATE_INDEX false --CREATE_MD5_FILE false --GA4GH_CLIENT_SECRETS client_secrets.json --help false --version false --showHidden false --USE_JDK_DEFLATER false --USE_JDK_INFLATER false
## htsjdk.samtools.metrics.StringHeader
# Started on: Sun May 03 04:49:06 UTC 2020

## METRICS CLASS	picard.analysis.InsertSizeMetrics
MEDIAN_INSERT_SIZE	MODE_INSERT_SIZE	MEDIAN_ABSOLUTE_DEVIATION	MIN_INSERT_SIZE	MAX_INSERT_SIZE	MEAN_INSERT_SIZE	STANDARD_DEVIATION	READ_PAIRS	PAIR_ORIENTATION	WIDTH_OF_10_PERCENT	WIDTH_OF_20_PERCENT	WIDTH_OF_30_PERCENT	WIDTH_OF_40_PERCENT	WIDTH_OF_50_PERCENT	WIDTH_OF_60_PERCENT	WIDTH_OF_70_PERCENT	WIDTH_OF_80_PERCENT	WIDTH_OF_90_PERCENT	WIDTH_OF_95_PERCENT	WIDTH_OF_99_PERCENT	SAMPLE	LIBRARY	READ_GROUP
167	166	11	84	248	166.317185	19.711626	46848242	FR	5	7	13	17	23	29	37	49	67	85	121			

## HISTOGRAM	java.lang.Integer
insert_size	All_Reads.fr_count
84	2674
85	2072
86	2267
87	1899
88	2368
89	3128
90	3121
91	3418
92	3085
93	3153
94	3414
95	4171
96	4721
97	3792
98	4205
99	14570
100	16943
101	18745
102	19876
103	20222
104	20031
105	20448
106	21845
107	25470
108	28160
109	32277
110	38280
111	43280
112	44444
113	39859
114	38089
115	39010
116	42290
117	46692
118	52173
119	59088
120	72518
121	92435
122	108605
123	107294
124	87600
125	71172
126	69230
127	75281
128	83657
129	96905
130	117404
131	148432
132	194729
133	239942
134	248164
135	221624
136	200431
137	212041
138	251821
139	310789
140	375551
141	426286
142	439730
143	434011
144	437924
145	445336
146	445331
147	454767
148	479834
149	515710
150	554095
151	599637
152	636103
153	637169
154	613918
155	613251
156	650134
157	717304
158	799560
159	883531
160	948635
161	985524
162	1030917
163	1120209
164	1260561
165	1385275
166	1433215
167	1416408
168	1373327
169	1309665
170	1229274
171	1150043
172	1080728
173	1041312
174	1019273
175	994894
176	962279
177	907019
178	840448
179	767596
180	699584
181	633145
182	577809
183	530749
184	492808
185	464573
186	441392
187	419021
188	396301
189	370172
190	340994
191	311217
192	282607
193	258364
194	237119
195	221080
196	205802
197	195870
198	186173
199	177238
200	166937
201	154640
202	142281
203	131014
204	120273
205	110183
206	102657
207	96354
208	90555
209	86339
210	81105
211	75715
212	69770
213	64358
214	58813
215	54240
216	49841
217	45822
218	43406
219	40574
220	38303
221	35617
222	33032
223	30597
224	27754
225	25292
226	23204
227	22013
228	20353
229	19039
230	17879
231	16965
232	15702
233	14554
234	13577
235	12329
236	11638
237	10919
238	10473
239	10011
240	9777
241	9247
242	8954
243	8317
244	8892
245	6320
246	1861
247	1921
248	1669

