## htsjdk.samtools.metrics.StringHeader
# CollectInsertSizeMetrics  --Histogram_FILE pandisease.epifluidlab.cchmc.org/results/20200420-week-17/jhu-cfdna-frag/picard_metrics/EGAR00002027933.hg19.insert_size.pdf --INPUT pandisease.epifluidlab.cchmc.org/results/20200420-week-17/jhu-cfdna-frag/filtered_bam/EGAR00002027933.hg19.filtered.bam --OUTPUT pandisease.epifluidlab.cchmc.org/results/20200420-week-17/jhu-cfdna-frag/picard_metrics/EGAR00002027933.hg19.insert_size.txt  --DEVIATIONS 10.0 --MINIMUM_PCT 0.05 --METRIC_ACCUMULATION_LEVEL ALL_READS --INCLUDE_DUPLICATES false --ASSUME_SORTED true --STOP_AFTER 0 --VERBOSITY INFO --QUIET false --VALIDATION_STRINGENCY STRICT --COMPRESSION_LEVEL 5 --MAX_RECORDS_IN_RAM 500000 --CREATE_INDEX false --CREATE_MD5_FILE false --GA4GH_CLIENT_SECRETS client_secrets.json --help false --version false --showHidden false --USE_JDK_DEFLATER false --USE_JDK_INFLATER false
## htsjdk.samtools.metrics.StringHeader
# Started on: Sun May 03 15:23:43 UTC 2020

## METRICS CLASS	picard.analysis.InsertSizeMetrics
MEDIAN_INSERT_SIZE	MODE_INSERT_SIZE	MEDIAN_ABSOLUTE_DEVIATION	MIN_INSERT_SIZE	MAX_INSERT_SIZE	MEAN_INSERT_SIZE	STANDARD_DEVIATION	READ_PAIRS	PAIR_ORIENTATION	WIDTH_OF_10_PERCENT	WIDTH_OF_20_PERCENT	WIDTH_OF_30_PERCENT	WIDTH_OF_40_PERCENT	WIDTH_OF_50_PERCENT	WIDTH_OF_60_PERCENT	WIDTH_OF_70_PERCENT	WIDTH_OF_80_PERCENT	WIDTH_OF_90_PERCENT	WIDTH_OF_95_PERCENT	WIDTH_OF_99_PERCENT	SAMPLE	LIBRARY	READ_GROUP
166	166	12	78	253	164.740201	21.079388	34154054	FR	5	9	13	19	25	33	41	51	71	89	127			

## HISTOGRAM	java.lang.Integer
insert_size	All_Reads.fr_count
78	79
79	2244
80	2045
81	1897
82	1864
83	2690
84	3000
85	2591
86	2745
87	2171
88	2716
89	3460
90	3420
91	3349
92	3050
93	3246
94	3302
95	4266
96	4281
97	3642
98	4013
99	14433
100	16443
101	18244
102	19392
103	20282
104	19620
105	19658
106	20431
107	22736
108	25578
109	31144
110	39035
111	44167
112	45042
113	41555
114	38047
115	38059
116	40229
117	44378
118	50772
119	59586
120	75478
121	97743
122	115363
123	112999
124	89548
125	71738
126	67852
127	72141
128	80448
129	92697
130	111107
131	140805
132	185242
133	231460
134	240045
135	208824
136	179366
137	182324
138	212167
139	263427
140	327607
141	377781
142	390992
143	384642
144	383296
145	384067
146	375723
147	372185
148	382330
149	403063
150	431776
151	468293
152	500393
153	494603
154	467775
155	455178
156	472051
157	511952
158	564351
159	621739
160	665657
161	693008
162	716458
163	765506
164	846621
165	917900
166	946831
167	943855
168	918956
169	880584
170	831237
171	775597
172	729597
173	699569
174	681541
175	666430
176	643376
177	608276
178	567400
179	519432
180	474107
181	430961
182	394166
183	361447
184	335825
185	317047
186	300970
187	285493
188	270826
189	254241
190	234535
191	215389
192	197898
193	180222
194	165574
195	153614
196	145162
197	137529
198	131740
199	124589
200	118162
201	110167
202	101980
203	94011
204	86427
205	79962
206	74848
207	69550
208	66314
209	62869
210	59117
211	55625
212	51857
213	47569
214	44051
215	40241
216	37047
217	34396
218	32863
219	30661
220	29133
221	27258
222	24896
223	23485
224	21476
225	19897
226	18252
227	16884
228	15879
229	15195
230	14238
231	13386
232	12441
233	11670
234	10696
235	10140
236	9486
237	8861
238	8280
239	8028
240	7943
241	7490
242	7308
243	6808
244	6350
245	6184
246	6702
247	5313
248	4441
249	4432
250	4271
251	3624
252	3780
253	3471

