## htsjdk.samtools.metrics.StringHeader
# CollectInsertSizeMetrics  --Histogram_FILE pandisease.epifluidlab.cchmc.org/results/20200420-week-17/jhu-cfdna-frag/picard_metrics/EGAR00002027947.hg19.insert_size.pdf --INPUT pandisease.epifluidlab.cchmc.org/results/20200420-week-17/jhu-cfdna-frag/filtered_bam/EGAR00002027947.hg19.filtered.bam --OUTPUT pandisease.epifluidlab.cchmc.org/results/20200420-week-17/jhu-cfdna-frag/picard_metrics/EGAR00002027947.hg19.insert_size.txt  --DEVIATIONS 10.0 --MINIMUM_PCT 0.05 --METRIC_ACCUMULATION_LEVEL ALL_READS --INCLUDE_DUPLICATES false --ASSUME_SORTED true --STOP_AFTER 0 --VERBOSITY INFO --QUIET false --VALIDATION_STRINGENCY STRICT --COMPRESSION_LEVEL 5 --MAX_RECORDS_IN_RAM 500000 --CREATE_INDEX false --CREATE_MD5_FILE false --GA4GH_CLIENT_SECRETS client_secrets.json --help false --version false --showHidden false --USE_JDK_DEFLATER false --USE_JDK_INFLATER false
## htsjdk.samtools.metrics.StringHeader
# Started on: Sun May 03 15:19:36 UTC 2020

## METRICS CLASS	picard.analysis.InsertSizeMetrics
MEDIAN_INSERT_SIZE	MODE_INSERT_SIZE	MEDIAN_ABSOLUTE_DEVIATION	MIN_INSERT_SIZE	MAX_INSERT_SIZE	MEAN_INSERT_SIZE	STANDARD_DEVIATION	READ_PAIRS	PAIR_ORIENTATION	WIDTH_OF_10_PERCENT	WIDTH_OF_20_PERCENT	WIDTH_OF_30_PERCENT	WIDTH_OF_40_PERCENT	WIDTH_OF_50_PERCENT	WIDTH_OF_60_PERCENT	WIDTH_OF_70_PERCENT	WIDTH_OF_80_PERCENT	WIDTH_OF_90_PERCENT	WIDTH_OF_95_PERCENT	WIDTH_OF_99_PERCENT	SAMPLE	LIBRARY	READ_GROUP
167	167	11	80	251	165.801571	20.519943	34926791	FR	5	9	13	17	23	31	39	51	69	89	123			

## HISTOGRAM	java.lang.Integer
insert_size	All_Reads.fr_count
80	1952
81	1791
82	1967
83	2324
84	3231
85	2679
86	2697
87	2339
88	2743
89	3019
90	3609
91	3494
92	3049
93	3245
94	3511
95	3596
96	4378
97	3755
98	4256
99	13276
100	15298
101	16908
102	17570
103	18554
104	18320
105	17893
106	18801
107	21307
108	24228
109	29343
110	37269
111	44281
112	45561
113	40843
114	37468
115	37554
116	39663
117	43830
118	50114
119	59981
120	75462
121	96978
122	112428
123	109051
124	86411
125	68781
126	64458
127	67697
128	74135
129	85370
130	102917
131	129430
132	168468
133	206290
134	212331
135	184289
136	160078
137	162824
138	190448
139	236535
140	290432
141	332396
142	342807
143	340490
144	341709
145	344574
146	339458
147	339395
148	353710
149	377284
150	404568
151	435268
152	465205
153	463392
154	443629
155	438212
156	459023
157	501999
158	557969
159	615693
160	660641
161	688099
162	717390
163	773531
164	861772
165	948692
166	987285
167	989055
168	969855
169	937898
170	891316
171	840573
172	796445
173	774274
174	764022
175	754974
176	736639
177	699200
178	648590
179	594264
180	540675
181	490972
182	449375
183	414555
184	387598
185	365511
186	346810
187	328904
188	310025
189	288248
190	265143
191	239517
192	217535
193	198956
194	182327
195	168418
196	157676
197	149285
198	140284
199	132001
200	123157
201	113800
202	104134
203	95662
204	87512
205	80558
206	74732
207	69889
208	65282
209	61678
210	57966
211	54212
212	49543
213	45562
214	41662
215	38417
216	34869
217	32129
218	30042
219	28384
220	26756
221	24987
222	23013
223	21233
224	19520
225	17384
226	16322
227	15120
228	14125
229	13465
230	12752
231	11836
232	10950
233	10118
234	9452
235	8492
236	8140
237	7471
238	7094
239	7001
240	6476
241	6291
242	6225
243	5812
244	5491
245	5134
246	4930
247	5361
248	4316
249	2261
250	2371
251	2081

