## htsjdk.samtools.metrics.StringHeader
# CollectInsertSizeMetrics  --Histogram_FILE pandisease.epifluidlab.cchmc.org/results/20200420-week-17/jhu-cfdna-frag/picard_metrics/EGAR00002028090.hg19.insert_size.pdf --INPUT pandisease.epifluidlab.cchmc.org/results/20200420-week-17/jhu-cfdna-frag/filtered_bam/EGAR00002028090.hg19.filtered.bam --OUTPUT pandisease.epifluidlab.cchmc.org/results/20200420-week-17/jhu-cfdna-frag/picard_metrics/EGAR00002028090.hg19.insert_size.txt  --DEVIATIONS 10.0 --MINIMUM_PCT 0.05 --METRIC_ACCUMULATION_LEVEL ALL_READS --INCLUDE_DUPLICATES false --ASSUME_SORTED true --STOP_AFTER 0 --VERBOSITY INFO --QUIET false --VALIDATION_STRINGENCY STRICT --COMPRESSION_LEVEL 5 --MAX_RECORDS_IN_RAM 500000 --CREATE_INDEX false --CREATE_MD5_FILE false --GA4GH_CLIENT_SECRETS client_secrets.json --help false --version false --showHidden false --USE_JDK_DEFLATER false --USE_JDK_INFLATER false
## htsjdk.samtools.metrics.StringHeader
# Started on: Sun May 03 02:40:16 UTC 2020

## METRICS CLASS	picard.analysis.InsertSizeMetrics
MEDIAN_INSERT_SIZE	MODE_INSERT_SIZE	MEDIAN_ABSOLUTE_DEVIATION	MIN_INSERT_SIZE	MAX_INSERT_SIZE	MEAN_INSERT_SIZE	STANDARD_DEVIATION	READ_PAIRS	PAIR_ORIENTATION	WIDTH_OF_10_PERCENT	WIDTH_OF_20_PERCENT	WIDTH_OF_30_PERCENT	WIDTH_OF_40_PERCENT	WIDTH_OF_50_PERCENT	WIDTH_OF_60_PERCENT	WIDTH_OF_70_PERCENT	WIDTH_OF_80_PERCENT	WIDTH_OF_90_PERCENT	WIDTH_OF_95_PERCENT	WIDTH_OF_99_PERCENT	SAMPLE	LIBRARY	READ_GROUP
168	167	11	85	250	167.627912	19.715233	140726925	FR	5	9	13	17	23	29	37	49	67	85	119			

## HISTOGRAM	java.lang.Integer
insert_size	All_Reads.fr_count
85	85
86	76
87	79
88	204
89	7816
90	7582
91	7748
92	8837
93	9255
94	10104
95	10209
96	10601
97	10807
98	11865
99	38024
100	43303
101	46769
102	49125
103	53052
104	53052
105	53866
106	57041
107	63871
108	70449
109	83154
110	100109
111	112603
112	115583
113	107006
114	100912
115	103133
116	111855
117	124198
118	138420
119	158180
120	193208
121	248169
122	290265
123	284754
124	233991
125	195280
126	188748
127	203922
128	225078
129	256068
130	306624
131	390274
132	516099
133	642106
134	671955
135	600364
136	537731
137	563740
138	671125
139	834019
140	1031132
141	1185742
142	1234551
143	1231084
144	1244055
145	1264755
146	1268855
147	1287578
148	1352430
149	1449989
150	1558266
151	1694677
152	1817406
153	1820160
154	1750685
155	1747863
156	1851691
157	2046967
158	2284834
159	2532264
160	2717221
161	2846499
162	2978330
163	3234416
164	3631885
165	4008323
166	4169735
167	4174814
168	4077103
169	3923158
170	3715700
171	3495241
172	3314041
173	3216774
174	3172851
175	3135731
176	3049087
177	2895737
178	2694606
179	2470298
180	2250864
181	2045903
182	1871306
183	1728799
184	1618698
185	1533255
186	1462789
187	1395569
188	1324935
189	1238337
190	1138293
191	1038726
192	945045
193	864620
194	793854
195	741059
196	699020
197	664515
198	631663
199	599817
200	562237
201	523288
202	480543
203	442168
204	405696
205	375110
206	350581
207	326809
208	309468
209	292754
210	275072
211	257014
212	237266
213	218282
214	199004
215	182282
216	168664
217	156542
218	146912
219	137501
220	129304
221	120932
222	111641
223	102751
224	95085
225	86759
226	79811
227	74412
228	69376
229	64618
230	61155
231	57562
232	53334
233	49421
234	45232
235	42132
236	39148
237	36844
238	34946
239	33752
240	32064
241	30699
242	32170
243	26528
244	22345
245	21965
246	19603
247	3385
248	3577
249	2911
250	176

