## htsjdk.samtools.metrics.StringHeader
# CollectInsertSizeMetrics  --Histogram_FILE pandisease.epifluidlab.cchmc.org/results/20200420-week-17/jhu-cfdna-frag/picard_metrics/EGAR00002027961.hg19.insert_size.pdf --INPUT pandisease.epifluidlab.cchmc.org/results/20200420-week-17/jhu-cfdna-frag/filtered_bam/EGAR00002027961.hg19.filtered.bam --OUTPUT pandisease.epifluidlab.cchmc.org/results/20200420-week-17/jhu-cfdna-frag/picard_metrics/EGAR00002027961.hg19.insert_size.txt  --DEVIATIONS 10.0 --MINIMUM_PCT 0.05 --METRIC_ACCUMULATION_LEVEL ALL_READS --INCLUDE_DUPLICATES false --ASSUME_SORTED true --STOP_AFTER 0 --VERBOSITY INFO --QUIET false --VALIDATION_STRINGENCY STRICT --COMPRESSION_LEVEL 5 --MAX_RECORDS_IN_RAM 500000 --CREATE_INDEX false --CREATE_MD5_FILE false --GA4GH_CLIENT_SECRETS client_secrets.json --help false --version false --showHidden false --USE_JDK_DEFLATER false --USE_JDK_INFLATER false
## htsjdk.samtools.metrics.StringHeader
# Started on: Sun May 03 14:47:58 UTC 2020

## METRICS CLASS	picard.analysis.InsertSizeMetrics
MEDIAN_INSERT_SIZE	MODE_INSERT_SIZE	MEDIAN_ABSOLUTE_DEVIATION	MIN_INSERT_SIZE	MAX_INSERT_SIZE	MEAN_INSERT_SIZE	STANDARD_DEVIATION	READ_PAIRS	PAIR_ORIENTATION	WIDTH_OF_10_PERCENT	WIDTH_OF_20_PERCENT	WIDTH_OF_30_PERCENT	WIDTH_OF_40_PERCENT	WIDTH_OF_50_PERCENT	WIDTH_OF_60_PERCENT	WIDTH_OF_70_PERCENT	WIDTH_OF_80_PERCENT	WIDTH_OF_90_PERCENT	WIDTH_OF_95_PERCENT	WIDTH_OF_99_PERCENT	SAMPLE	LIBRARY	READ_GROUP
165	166	11	84	246	164.326357	19.410619	41077567	FR	5	9	13	17	23	29	37	47	65	83	117			

## HISTOGRAM	java.lang.Integer
insert_size	All_Reads.fr_count
84	3
85	134
86	2609
87	2169
88	3123
89	3284
90	3338
91	3170
92	2909
93	2926
94	4007
95	4115
96	4158
97	3596
98	4017
99	12823
100	15194
101	16878
102	17661
103	18047
104	18500
105	18407
106	20325
107	22932
108	25510
109	30203
110	36920
111	42226
112	43945
113	41759
114	38607
115	39056
116	41915
117	46550
118	52190
119	61084
120	75874
121	99304
122	115955
123	114113
124	93961
125	76430
126	74841
127	80592
128	89666
129	103292
130	123631
131	157060
132	202731
133	247533
134	257076
135	230474
136	207903
137	218129
138	256425
139	312812
140	380656
141	428864
142	444121
143	442267
144	446906
145	451671
146	448716
147	453034
148	471723
149	498499
150	528952
151	567597
152	599706
153	600919
154	579462
155	580483
156	612109
157	665937
158	733791
159	801904
160	852274
161	888422
162	927545
163	1006983
164	1127630
165	1235100
166	1274223
167	1253075
168	1205264
169	1144938
170	1072187
171	996541
172	932514
173	891183
174	863684
175	835278
176	799344
177	747526
178	684984
179	621873
180	558163
181	502611
182	454000
183	413286
184	381394
185	354917
186	334224
187	313295
188	292861
189	270700
190	247360
191	225275
192	202683
193	184740
194	168967
195	155362
196	145629
197	137760
198	130032
199	122719
200	114089
201	106386
202	97643
203	90412
204	82794
205	76020
206	70643
207	66458
208	62578
209	59034
210	54837
211	51906
212	47244
213	43663
214	39989
215	36510
216	34039
217	30798
218	29070
219	27887
220	25876
221	23998
222	22436
223	20701
224	19147
225	17126
226	15929
227	14550
228	13954
229	13205
230	12764
231	11836
232	10654
233	10075
234	9740
235	8789
236	8414
237	7766
238	7392
239	8144
240	6863
241	5837
242	5590
243	5101
244	4793
245	4799
246	4133

