## htsjdk.samtools.metrics.StringHeader
# CollectInsertSizeMetrics  --Histogram_FILE pandisease.epifluidlab.cchmc.org/results/20200420-week-17/jhu-cfdna-frag/picard_metrics/EGAR00002028089.hg19.insert_size.pdf --INPUT pandisease.epifluidlab.cchmc.org/results/20200420-week-17/jhu-cfdna-frag/filtered_bam/EGAR00002028089.hg19.filtered.bam --OUTPUT pandisease.epifluidlab.cchmc.org/results/20200420-week-17/jhu-cfdna-frag/picard_metrics/EGAR00002028089.hg19.insert_size.txt  --DEVIATIONS 10.0 --MINIMUM_PCT 0.05 --METRIC_ACCUMULATION_LEVEL ALL_READS --INCLUDE_DUPLICATES false --ASSUME_SORTED true --STOP_AFTER 0 --VERBOSITY INFO --QUIET false --VALIDATION_STRINGENCY STRICT --COMPRESSION_LEVEL 5 --MAX_RECORDS_IN_RAM 500000 --CREATE_INDEX false --CREATE_MD5_FILE false --GA4GH_CLIENT_SECRETS client_secrets.json --help false --version false --showHidden false --USE_JDK_DEFLATER false --USE_JDK_INFLATER false
## htsjdk.samtools.metrics.StringHeader
# Started on: Sun May 03 02:28:02 UTC 2020

## METRICS CLASS	picard.analysis.InsertSizeMetrics
MEDIAN_INSERT_SIZE	MODE_INSERT_SIZE	MEDIAN_ABSOLUTE_DEVIATION	MIN_INSERT_SIZE	MAX_INSERT_SIZE	MEAN_INSERT_SIZE	STANDARD_DEVIATION	READ_PAIRS	PAIR_ORIENTATION	WIDTH_OF_10_PERCENT	WIDTH_OF_20_PERCENT	WIDTH_OF_30_PERCENT	WIDTH_OF_40_PERCENT	WIDTH_OF_50_PERCENT	WIDTH_OF_60_PERCENT	WIDTH_OF_70_PERCENT	WIDTH_OF_80_PERCENT	WIDTH_OF_90_PERCENT	WIDTH_OF_95_PERCENT	WIDTH_OF_99_PERCENT	SAMPLE	LIBRARY	READ_GROUP
166	166	11	80	249	164.628389	19.805522	139361061	FR	5	9	13	17	23	29	39	49	67	85	119			

## HISTOGRAM	java.lang.Integer
insert_size	All_Reads.fr_count
80	5
81	17
82	3584
83	4139
84	4785
85	4281
86	7566
87	6875
88	7888
89	8678
90	8421
91	8790
92	8811
93	9872
94	10564
95	11168
96	11472
97	10207
98	12085
99	48991
100	57511
101	64497
102	68718
103	71684
104	72962
105	73694
106	78550
107	87859
108	98332
109	115019
110	139165
111	160437
112	167082
113	154045
114	144267
115	148531
116	159481
117	175557
118	195645
119	222489
120	272932
121	345134
122	401274
123	391273
124	320261
125	266296
126	258573
127	277959
128	307087
129	348274
130	415561
131	520903
132	673524
133	821316
134	854717
135	767627
136	695658
137	732032
138	859558
139	1045937
140	1259165
141	1423660
142	1479873
143	1476315
144	1482775
145	1499144
146	1491240
147	1499623
148	1557266
149	1647672
150	1752328
151	1876729
152	1981308
153	1977610
154	1912181
155	1917712
156	2024155
157	2211786
158	2435543
159	2657223
160	2829167
161	2943838
162	3084461
163	3367274
164	3777164
165	4134483
166	4248009
167	4174577
168	4024084
169	3826565
170	3589584
171	3347907
172	3141312
173	3016188
174	2937590
175	2857639
176	2745209
177	2573040
178	2359142
179	2140900
180	1928234
181	1736589
182	1572874
183	1436244
184	1332571
185	1250568
186	1179827
187	1114602
188	1046155
189	972266
190	889012
191	807110
192	732467
193	667288
194	611792
195	567978
196	529900
197	500480
198	474154
199	447029
200	419503
201	388060
202	356356
203	327040
204	300808
205	276707
206	257008
207	240735
208	228220
209	214528
210	201133
211	188520
212	175811
213	160036
214	146649
215	134627
216	124123
217	115316
218	108783
219	102342
220	96419
221	89840
222	83164
223	76920
224	70828
225	64949
226	60067
227	56299
228	52513
229	49771
230	47218
231	44514
232	41198
233	38372
234	35708
235	33419
236	31073
237	29215
238	28004
239	27943
240	25878
241	24064
242	24773
243	21247
244	14137
245	13950
246	12354
247	1032
248	999
249	687

