## htsjdk.samtools.metrics.StringHeader
# CollectInsertSizeMetrics  --Histogram_FILE pandisease.epifluidlab.cchmc.org/results/20200420-week-17/jhu-cfdna-frag/picard_metrics/EGAR00002028016.hg19.insert_size.pdf --INPUT pandisease.epifluidlab.cchmc.org/results/20200420-week-17/jhu-cfdna-frag/filtered_bam/EGAR00002028016.hg19.filtered.bam --OUTPUT pandisease.epifluidlab.cchmc.org/results/20200420-week-17/jhu-cfdna-frag/picard_metrics/EGAR00002028016.hg19.insert_size.txt  --DEVIATIONS 10.0 --MINIMUM_PCT 0.05 --METRIC_ACCUMULATION_LEVEL ALL_READS --INCLUDE_DUPLICATES false --ASSUME_SORTED true --STOP_AFTER 0 --VERBOSITY INFO --QUIET false --VALIDATION_STRINGENCY STRICT --COMPRESSION_LEVEL 5 --MAX_RECORDS_IN_RAM 500000 --CREATE_INDEX false --CREATE_MD5_FILE false --GA4GH_CLIENT_SECRETS client_secrets.json --help false --version false --showHidden false --USE_JDK_DEFLATER false --USE_JDK_INFLATER false
## htsjdk.samtools.metrics.StringHeader
# Started on: Sun May 03 14:54:27 UTC 2020

## METRICS CLASS	picard.analysis.InsertSizeMetrics
MEDIAN_INSERT_SIZE	MODE_INSERT_SIZE	MEDIAN_ABSOLUTE_DEVIATION	MIN_INSERT_SIZE	MAX_INSERT_SIZE	MEAN_INSERT_SIZE	STANDARD_DEVIATION	READ_PAIRS	PAIR_ORIENTATION	WIDTH_OF_10_PERCENT	WIDTH_OF_20_PERCENT	WIDTH_OF_30_PERCENT	WIDTH_OF_40_PERCENT	WIDTH_OF_50_PERCENT	WIDTH_OF_60_PERCENT	WIDTH_OF_70_PERCENT	WIDTH_OF_80_PERCENT	WIDTH_OF_90_PERCENT	WIDTH_OF_95_PERCENT	WIDTH_OF_99_PERCENT	SAMPLE	LIBRARY	READ_GROUP
167	166	10	91	245	167.191559	19.078832	36147479	FR	5	7	11	17	21	29	37	47	65	81	117			

## HISTOGRAM	java.lang.Integer
insert_size	All_Reads.fr_count
91	9
92	2219
93	2259
94	2445
95	3332
96	3440
97	2867
98	2995
99	7950
100	9465
101	9869
102	10490
103	10617
104	11258
105	11324
106	12218
107	13722
108	15231
109	17418
110	21318
111	23823
112	25534
113	24193
114	22986
115	23741
116	25086
117	27692
118	32430
119	37730
120	45833
121	58394
122	68847
123	68934
124	57789
125	48729
126	48453
127	52558
128	57972
129	66646
130	79753
131	101230
132	132999
133	164800
134	173075
135	157045
136	140538
137	147525
138	173682
139	213793
140	262225
141	300897
142	315768
143	317982
144	322419
145	329427
146	328972
147	337625
148	355572
149	382064
150	412545
151	448535
152	479924
153	484612
154	468591
155	467719
156	493419
157	542751
158	605564
159	671153
160	722890
161	760321
162	797580
163	867611
164	978078
165	1074977
166	1112684
167	1110295
168	1080229
169	1041036
170	985843
171	925972
172	873402
173	844126
174	824607
175	807455
176	780187
177	733453
178	678196
179	619567
180	563888
181	509973
182	465283
183	428084
184	398114
185	373166
186	354471
187	334595
188	315848
189	294883
190	270536
191	247504
192	224505
193	204520
194	187651
195	175078
196	163354
197	155099
198	147719
199	139229
200	131803
201	123180
202	113705
203	103935
204	95505
205	87994
206	81347
207	77070
208	72771
209	69046
210	64936
211	60894
212	56379
213	51169
214	46956
215	43189
216	39866
217	37161
218	34700
219	32618
220	30170
221	28699
222	26755
223	24403
224	22400
225	20818
226	18672
227	17491
228	16407
229	15597
230	14649
231	13499
232	12760
233	11838
234	10965
235	10285
236	9525
237	8823
238	9248
239	7738
240	6827
241	6760
242	6039
243	276
244	307
245	275

