## htsjdk.samtools.metrics.StringHeader
# CollectInsertSizeMetrics  --Histogram_FILE pandisease.epifluidlab.cchmc.org/results/20200420-week-17/jhu-cfdna-frag/picard_metrics/EGAR00002027985.hg19.insert_size.pdf --INPUT pandisease.epifluidlab.cchmc.org/results/20200420-week-17/jhu-cfdna-frag/filtered_bam/EGAR00002027985.hg19.filtered.bam --OUTPUT pandisease.epifluidlab.cchmc.org/results/20200420-week-17/jhu-cfdna-frag/picard_metrics/EGAR00002027985.hg19.insert_size.txt  --DEVIATIONS 10.0 --MINIMUM_PCT 0.05 --METRIC_ACCUMULATION_LEVEL ALL_READS --INCLUDE_DUPLICATES false --ASSUME_SORTED true --STOP_AFTER 0 --VERBOSITY INFO --QUIET false --VALIDATION_STRINGENCY STRICT --COMPRESSION_LEVEL 5 --MAX_RECORDS_IN_RAM 500000 --CREATE_INDEX false --CREATE_MD5_FILE false --GA4GH_CLIENT_SECRETS client_secrets.json --help false --version false --showHidden false --USE_JDK_DEFLATER false --USE_JDK_INFLATER false
## htsjdk.samtools.metrics.StringHeader
# Started on: Sun May 03 14:57:57 UTC 2020

## METRICS CLASS	picard.analysis.InsertSizeMetrics
MEDIAN_INSERT_SIZE	MODE_INSERT_SIZE	MEDIAN_ABSOLUTE_DEVIATION	MIN_INSERT_SIZE	MAX_INSERT_SIZE	MEAN_INSERT_SIZE	STANDARD_DEVIATION	READ_PAIRS	PAIR_ORIENTATION	WIDTH_OF_10_PERCENT	WIDTH_OF_20_PERCENT	WIDTH_OF_30_PERCENT	WIDTH_OF_40_PERCENT	WIDTH_OF_50_PERCENT	WIDTH_OF_60_PERCENT	WIDTH_OF_70_PERCENT	WIDTH_OF_80_PERCENT	WIDTH_OF_90_PERCENT	WIDTH_OF_95_PERCENT	WIDTH_OF_99_PERCENT	SAMPLE	LIBRARY	READ_GROUP
167	166	11	87	249	166.978029	19.554835	35156496	FR	5	9	13	17	23	29	37	49	67	83	119			

## HISTOGRAM	java.lang.Integer
insert_size	All_Reads.fr_count
87	7
88	2037
89	2106
90	2150
91	2591
92	2407
93	2462
94	2645
95	2625
96	3435
97	2949
98	3119
99	8300
100	9130
101	10101
102	11222
103	11385
104	11834
105	11424
106	12307
107	13816
108	15582
109	18933
110	23432
111	26779
112	27798
113	25967
114	24402
115	24710
116	27628
117	30438
118	34416
119	40365
120	50020
121	65428
122	77495
123	77038
124	63582
125	52354
126	51253
127	54784
128	61333
129	69863
130	84616
131	107598
132	141291
133	175892
134	183405
135	163975
136	146671
137	152425
138	178802
139	220272
140	271481
141	311128
142	325898
143	325163
144	327769
145	331847
146	330329
147	334804
148	349242
149	373958
150	400560
151	434694
152	464100
153	466703
154	451926
155	450769
156	473137
157	516064
158	575105
159	634794
160	684600
161	720679
162	755653
163	821309
164	921949
165	1012621
166	1049139
167	1044521
168	1022758
169	985543
170	935706
171	878119
172	832258
173	804189
174	790219
175	775258
176	750268
177	707903
178	657717
179	601331
180	547412
181	497576
182	455002
183	419047
184	390407
185	369410
186	349050
187	331043
188	313234
189	292188
190	269686
191	245879
192	223376
193	203786
194	188251
195	174239
196	163715
197	154304
198	147396
199	138816
200	130348
201	121742
202	111446
203	101671
204	94780
205	86476
206	79514
207	74751
208	71030
209	66936
210	63182
211	58456
212	54473
213	50137
214	45243
215	42033
216	38695
217	35966
218	33960
219	31494
220	29546
221	27558
222	25709
223	23661
224	21473
225	19869
226	18219
227	16944
228	15818
229	14788
230	14014
231	13334
232	12470
233	11434
234	10512
235	9521
236	8951
237	8625
238	8099
239	7799
240	7541
241	8052
242	6523
243	5318
244	5346
245	4990
246	2384
247	1482
248	1370
249	1186

