## htsjdk.samtools.metrics.StringHeader
# CollectInsertSizeMetrics  --Histogram_FILE pandisease.epifluidlab.cchmc.org/results/20200420-week-17/jhu-cfdna-frag/picard_metrics/EGAR00002028003.hg19.insert_size.pdf --INPUT pandisease.epifluidlab.cchmc.org/results/20200420-week-17/jhu-cfdna-frag/filtered_bam/EGAR00002028003.hg19.filtered.bam --OUTPUT pandisease.epifluidlab.cchmc.org/results/20200420-week-17/jhu-cfdna-frag/picard_metrics/EGAR00002028003.hg19.insert_size.txt  --DEVIATIONS 10.0 --MINIMUM_PCT 0.05 --METRIC_ACCUMULATION_LEVEL ALL_READS --INCLUDE_DUPLICATES false --ASSUME_SORTED true --STOP_AFTER 0 --VERBOSITY INFO --QUIET false --VALIDATION_STRINGENCY STRICT --COMPRESSION_LEVEL 5 --MAX_RECORDS_IN_RAM 500000 --CREATE_INDEX false --CREATE_MD5_FILE false --GA4GH_CLIENT_SECRETS client_secrets.json --help false --version false --showHidden false --USE_JDK_DEFLATER false --USE_JDK_INFLATER false
## htsjdk.samtools.metrics.StringHeader
# Started on: Sun May 03 15:34:19 UTC 2020

## METRICS CLASS	picard.analysis.InsertSizeMetrics
MEDIAN_INSERT_SIZE	MODE_INSERT_SIZE	MEDIAN_ABSOLUTE_DEVIATION	MIN_INSERT_SIZE	MAX_INSERT_SIZE	MEAN_INSERT_SIZE	STANDARD_DEVIATION	READ_PAIRS	PAIR_ORIENTATION	WIDTH_OF_10_PERCENT	WIDTH_OF_20_PERCENT	WIDTH_OF_30_PERCENT	WIDTH_OF_40_PERCENT	WIDTH_OF_50_PERCENT	WIDTH_OF_60_PERCENT	WIDTH_OF_70_PERCENT	WIDTH_OF_80_PERCENT	WIDTH_OF_90_PERCENT	WIDTH_OF_95_PERCENT	WIDTH_OF_99_PERCENT	SAMPLE	LIBRARY	READ_GROUP
170	167	11	88	256	169.91963	20.408189	28660530	FR	5	9	13	17	23	31	39	51	69	85	123			

## HISTOGRAM	java.lang.Integer
insert_size	All_Reads.fr_count
88	1839
89	1830
90	1818
91	1888
92	1879
93	2071
94	2192
95	2289
96	2532
97	2019
98	2653
99	6446
100	7329
101	8081
102	8476
103	8709
104	9290
105	9098
106	9877
107	11194
108	12584
109	14570
110	18145
111	20578
112	21437
113	19522
114	18335
115	18761
116	19899
117	22177
118	25739
119	29683
120	36633
121	47013
122	56022
123	55681
124	45147
125	36285
126	35096
127	36947
128	41044
129	47699
130	56986
131	72914
132	95474
133	118850
134	123812
135	108873
136	94269
137	97002
138	115097
139	143041
140	179862
141	208186
142	217444
143	216550
144	218582
145	222544
146	220507
147	223376
148	237698
149	258659
150	284456
151	313279
152	338706
153	340672
154	325942
155	321084
156	337449
157	369913
158	417216
159	469315
160	510425
161	535739
162	559016
163	597998
164	668777
165	735224
166	768731
167	780968
168	776155
169	754192
170	726382
171	690689
172	660076
173	649613
174	648002
175	650629
176	645416
177	623103
178	591368
179	551355
180	510535
181	469769
182	435153
183	406023
184	384225
185	369599
186	357712
187	345759
188	330516
189	313099
190	290954
191	268568
192	244735
193	224416
194	206123
195	193654
196	182116
197	173539
198	165718
199	157214
200	147213
201	136719
202	125636
203	114700
204	105361
205	96525
206	89398
207	83670
208	78683
209	74413
210	69709
211	65013
212	60010
213	54260
214	50052
215	46048
216	42118
217	39094
218	36312
219	33995
220	31909
221	29927
222	27967
223	25463
224	23377
225	21473
226	19440
227	17996
228	17086
229	16047
230	14969
231	13809
232	12844
233	12026
234	10985
235	10343
236	9623
237	8956
238	8350
239	7974
240	7627
241	7347
242	7120
243	6579
244	6179
245	5869
246	5589
247	5468
248	5728
249	4792
250	4111
251	4083
252	3893
253	3888
254	3707
255	3989
256	3518

