## htsjdk.samtools.metrics.StringHeader
# CollectInsertSizeMetrics  --Histogram_FILE pandisease.epifluidlab.cchmc.org/results/20200420-week-17/jhu-cfdna-frag/picard_metrics/EGAR00002027977.hg19.insert_size.pdf --INPUT pandisease.epifluidlab.cchmc.org/results/20200420-week-17/jhu-cfdna-frag/filtered_bam/EGAR00002027977.hg19.filtered.bam --OUTPUT pandisease.epifluidlab.cchmc.org/results/20200420-week-17/jhu-cfdna-frag/picard_metrics/EGAR00002027977.hg19.insert_size.txt  --DEVIATIONS 10.0 --MINIMUM_PCT 0.05 --METRIC_ACCUMULATION_LEVEL ALL_READS --INCLUDE_DUPLICATES false --ASSUME_SORTED true --STOP_AFTER 0 --VERBOSITY INFO --QUIET false --VALIDATION_STRINGENCY STRICT --COMPRESSION_LEVEL 5 --MAX_RECORDS_IN_RAM 500000 --CREATE_INDEX false --CREATE_MD5_FILE false --GA4GH_CLIENT_SECRETS client_secrets.json --help false --version false --showHidden false --USE_JDK_DEFLATER false --USE_JDK_INFLATER false
## htsjdk.samtools.metrics.StringHeader
# Started on: Sun May 03 12:08:41 UTC 2020

## METRICS CLASS	picard.analysis.InsertSizeMetrics
MEDIAN_INSERT_SIZE	MODE_INSERT_SIZE	MEDIAN_ABSOLUTE_DEVIATION	MIN_INSERT_SIZE	MAX_INSERT_SIZE	MEAN_INSERT_SIZE	STANDARD_DEVIATION	READ_PAIRS	PAIR_ORIENTATION	WIDTH_OF_10_PERCENT	WIDTH_OF_20_PERCENT	WIDTH_OF_30_PERCENT	WIDTH_OF_40_PERCENT	WIDTH_OF_50_PERCENT	WIDTH_OF_60_PERCENT	WIDTH_OF_70_PERCENT	WIDTH_OF_80_PERCENT	WIDTH_OF_90_PERCENT	WIDTH_OF_95_PERCENT	WIDTH_OF_99_PERCENT	SAMPLE	LIBRARY	READ_GROUP
170	167	11	88	256	170.443669	19.560468	43076225	FR	5	9	13	17	23	29	37	49	65	81	119			

## HISTOGRAM	java.lang.Integer
insert_size	All_Reads.fr_count
88	79
89	87
90	86
91	176
92	264
93	271
94	301
95	2802
96	3015
97	2842
98	3216
99	7298
100	7710
101	8391
102	8661
103	9159
104	9488
105	9442
106	10055
107	11114
108	12957
109	14505
110	16725
111	18307
112	18945
113	17722
114	17932
115	18440
116	19178
117	21555
118	24562
119	28057
120	34887
121	46017
122	55265
123	55291
124	46120
125	37896
126	36643
127	39808
128	45712
129	54217
130	66206
131	86627
132	117723
133	149606
134	157529
135	139324
136	123098
137	131047
138	158980
139	201361
140	255197
141	301225
142	316313
143	317992
144	322895
145	329784
146	330535
147	336766
148	359532
149	392867
150	433617
151	482169
152	525553
153	530532
154	510436
155	501993
156	529232
157	585537
158	662597
159	744848
160	813482
161	853530
162	889645
163	954694
164	1058074
165	1159267
166	1206192
167	1219809
168	1211672
169	1178478
170	1129268
171	1068493
172	1016729
173	989854
174	975035
175	968388
176	952137
177	918070
178	873700
179	816864
180	761780
181	701528
182	648848
183	602444
184	568254
185	544518
186	524399
187	505656
188	487538
189	461674
190	431192
191	397806
192	365475
193	334065
194	307647
195	286425
196	269342
197	256709
198	246246
199	233624
200	221497
201	205624
202	189459
203	174627
204	159595
205	146403
206	136182
207	127549
208	119842
209	114205
210	107990
211	100122
212	92530
213	85287
214	77626
215	71040
216	65368
217	60836
218	56834
219	53377
220	50222
221	47379
222	43393
223	39674
224	36553
225	33428
226	30468
227	28688
228	26319
229	24552
230	23473
231	21805
232	20130
233	18704
234	17080
235	15730
236	14704
237	13475
238	12740
239	12053
240	11491
241	12215
242	10074
243	8382
244	7834
245	7166
246	7020
247	6666
248	6237
249	6066
250	6004
251	5902
252	5782
253	5438
254	2892
255	2967
256	2656

