## htsjdk.samtools.metrics.StringHeader
# CollectInsertSizeMetrics  --Histogram_FILE pandisease.epifluidlab.cchmc.org/results/20200420-week-17/jhu-cfdna-frag/picard_metrics/EGAR00002028010.hg19.insert_size.pdf --INPUT pandisease.epifluidlab.cchmc.org/results/20200420-week-17/jhu-cfdna-frag/filtered_bam/EGAR00002028010.hg19.filtered.bam --OUTPUT pandisease.epifluidlab.cchmc.org/results/20200420-week-17/jhu-cfdna-frag/picard_metrics/EGAR00002028010.hg19.insert_size.txt  --DEVIATIONS 10.0 --MINIMUM_PCT 0.05 --METRIC_ACCUMULATION_LEVEL ALL_READS --INCLUDE_DUPLICATES false --ASSUME_SORTED true --STOP_AFTER 0 --VERBOSITY INFO --QUIET false --VALIDATION_STRINGENCY STRICT --COMPRESSION_LEVEL 5 --MAX_RECORDS_IN_RAM 500000 --CREATE_INDEX false --CREATE_MD5_FILE false --GA4GH_CLIENT_SECRETS client_secrets.json --help false --version false --showHidden false --USE_JDK_DEFLATER false --USE_JDK_INFLATER false
## htsjdk.samtools.metrics.StringHeader
# Started on: Sun May 03 07:21:14 UTC 2020

## METRICS CLASS	picard.analysis.InsertSizeMetrics
MEDIAN_INSERT_SIZE	MODE_INSERT_SIZE	MEDIAN_ABSOLUTE_DEVIATION	MIN_INSERT_SIZE	MAX_INSERT_SIZE	MEAN_INSERT_SIZE	STANDARD_DEVIATION	READ_PAIRS	PAIR_ORIENTATION	WIDTH_OF_10_PERCENT	WIDTH_OF_20_PERCENT	WIDTH_OF_30_PERCENT	WIDTH_OF_40_PERCENT	WIDTH_OF_50_PERCENT	WIDTH_OF_60_PERCENT	WIDTH_OF_70_PERCENT	WIDTH_OF_80_PERCENT	WIDTH_OF_90_PERCENT	WIDTH_OF_95_PERCENT	WIDTH_OF_99_PERCENT	SAMPLE	LIBRARY	READ_GROUP
166	166	11	82	251	165.370298	19.959034	162473005	FR	5	9	13	17	23	29	39	49	67	85	123			

## HISTOGRAM	java.lang.Integer
insert_size	All_Reads.fr_count
82	67
83	1772
84	1968
85	1958
86	12097
87	17193
88	18684
89	19525
90	20298
91	20967
92	22035
93	24236
94	25040
95	26102
96	27466
97	26833
98	28338
99	59374
100	65958
101	72024
102	77271
103	79690
104	80749
105	83433
106	90025
107	99382
108	110061
109	124575
110	146347
111	165955
112	171032
113	162913
114	156131
115	160912
116	172927
117	190331
118	210718
119	240434
120	292085
121	371412
122	436396
123	431278
124	358747
125	304311
126	295154
127	317031
128	349055
129	392444
130	466274
131	582392
132	752643
133	916311
134	952272
135	858757
136	781376
137	813846
138	946751
139	1140486
140	1366223
141	1541438
142	1599648
143	1601692
144	1624920
145	1657359
146	1661111
147	1684831
148	1757143
149	1856172
150	1958150
151	2082978
152	2190453
153	2191357
154	2132698
155	2147255
156	2273032
157	2478456
158	2732943
159	2983463
160	3180878
161	3320546
162	3494081
163	3805428
164	4281310
165	4692798
166	4847483
167	4805028
168	4678860
169	4486453
170	4238218
171	3975698
172	3760915
173	3638359
174	3571587
175	3504195
176	3389350
177	3184848
178	2927862
179	2651586
180	2392614
181	2161732
182	1968394
183	1811604
184	1686461
185	1590116
186	1505479
187	1416064
188	1326859
189	1225735
190	1115848
191	1011874
192	915603
193	833869
194	766783
195	711030
196	665669
197	628391
198	593040
199	556112
200	515485
201	474727
202	433539
203	395464
204	363525
205	335546
206	310140
207	290519
208	272730
209	257051
210	237991
211	220123
212	203822
213	186199
214	170078
215	156876
216	144722
217	134549
218	126100
219	117444
220	110368
221	103442
222	95432
223	88644
224	81445
225	74962
226	68367
227	64130
228	60685
229	57802
230	55239
231	52425
232	49162
233	45860
234	42865
235	40156
236	37952
237	36248
238	35159
239	34204
240	33680
241	33565
242	32833
243	31529
244	30834
245	30115
246	34739
247	28699
248	10890
249	3522
250	4428
251	3070

