## htsjdk.samtools.metrics.StringHeader
# CollectInsertSizeMetrics  --Histogram_FILE pandisease.epifluidlab.cchmc.org/results/20200420-week-17/jhu-cfdna-frag/picard_metrics/EGAR00002027970.hg19.insert_size.pdf --INPUT pandisease.epifluidlab.cchmc.org/results/20200420-week-17/jhu-cfdna-frag/filtered_bam/EGAR00002027970.hg19.filtered.bam --OUTPUT pandisease.epifluidlab.cchmc.org/results/20200420-week-17/jhu-cfdna-frag/picard_metrics/EGAR00002027970.hg19.insert_size.txt  --DEVIATIONS 10.0 --MINIMUM_PCT 0.05 --METRIC_ACCUMULATION_LEVEL ALL_READS --INCLUDE_DUPLICATES false --ASSUME_SORTED true --STOP_AFTER 0 --VERBOSITY INFO --QUIET false --VALIDATION_STRINGENCY STRICT --COMPRESSION_LEVEL 5 --MAX_RECORDS_IN_RAM 500000 --CREATE_INDEX false --CREATE_MD5_FILE false --GA4GH_CLIENT_SECRETS client_secrets.json --help false --version false --showHidden false --USE_JDK_DEFLATER false --USE_JDK_INFLATER false
## htsjdk.samtools.metrics.StringHeader
# Started on: Sun May 03 06:22:17 UTC 2020

## METRICS CLASS	picard.analysis.InsertSizeMetrics
MEDIAN_INSERT_SIZE	MODE_INSERT_SIZE	MEDIAN_ABSOLUTE_DEVIATION	MIN_INSERT_SIZE	MAX_INSERT_SIZE	MEAN_INSERT_SIZE	STANDARD_DEVIATION	READ_PAIRS	PAIR_ORIENTATION	WIDTH_OF_10_PERCENT	WIDTH_OF_20_PERCENT	WIDTH_OF_30_PERCENT	WIDTH_OF_40_PERCENT	WIDTH_OF_50_PERCENT	WIDTH_OF_60_PERCENT	WIDTH_OF_70_PERCENT	WIDTH_OF_80_PERCENT	WIDTH_OF_90_PERCENT	WIDTH_OF_95_PERCENT	WIDTH_OF_99_PERCENT	SAMPLE	LIBRARY	READ_GROUP
167	166	11	84	252	166.800448	19.773418	46679280	FR	5	9	13	17	23	29	37	49	67	85	121			

## HISTOGRAM	java.lang.Integer
insert_size	All_Reads.fr_count
84	1
85	1
86	5
87	7
88	3306
89	3568
90	3432
91	3583
92	3673
93	3884
94	4238
95	4257
96	4576
97	4390
98	4854
99	12156
100	13491
101	14274
102	15134
103	15870
104	16510
105	16028
106	17133
107	19188
108	20864
109	25420
110	30220
111	33812
112	35274
113	32736
114	31071
115	31032
116	34812
117	38385
118	43505
119	50770
120	62753
121	81660
122	96501
123	95616
124	78937
125	64449
126	63004
127	68053
128	75621
129	87322
130	106826
131	137424
132	183404
133	230773
134	241434
135	215053
136	193062
137	202371
138	241550
139	301982
140	372603
141	430624
142	450112
143	449599
144	452978
145	460537
146	459155
147	462806
148	483675
149	518068
150	557668
151	609081
152	652539
153	655127
154	630259
155	625576
156	658926
157	719790
158	798868
159	881327
160	945175
161	988686
162	1032909
163	1119871
164	1250228
165	1364481
166	1407793
167	1396093
168	1357012
169	1301587
170	1226878
171	1146698
172	1075487
173	1030767
174	1005495
175	975476
176	943247
177	891747
178	826151
179	757104
180	690906
181	627807
182	574430
183	525689
184	488234
185	459526
186	435464
187	413832
188	391208
189	366503
190	339372
191	312849
192	284332
193	260475
194	240575
195	223554
196	208118
197	197926
198	188875
199	180678
200	171221
201	160859
202	148081
203	137169
204	126337
205	116559
206	108180
207	101719
208	97108
209	92434
210	87282
211	82865
212	76861
213	70702
214	64412
215	59686
216	55471
217	51797
218	48751
219	46347
220	43330
221	40777
222	37911
223	35304
224	32968
225	30091
226	27681
227	25703
228	24175
229	23173
230	21752
231	20774
232	18989
233	17769
234	16382
235	15276
236	14126
237	13443
238	12663
239	12085
240	11981
241	12683
242	10765
243	8781
244	8244
245	8043
246	7350
247	7013
248	7260
249	6352
250	259
251	274
252	251

