## htsjdk.samtools.metrics.StringHeader
# CollectInsertSizeMetrics  --Histogram_FILE pandisease.epifluidlab.cchmc.org/results/20200420-week-17/jhu-cfdna-frag/picard_metrics/EGAR00002027980.hg19.insert_size.pdf --INPUT pandisease.epifluidlab.cchmc.org/results/20200420-week-17/jhu-cfdna-frag/filtered_bam/EGAR00002027980.hg19.filtered.bam --OUTPUT pandisease.epifluidlab.cchmc.org/results/20200420-week-17/jhu-cfdna-frag/picard_metrics/EGAR00002027980.hg19.insert_size.txt  --DEVIATIONS 10.0 --MINIMUM_PCT 0.05 --METRIC_ACCUMULATION_LEVEL ALL_READS --INCLUDE_DUPLICATES false --ASSUME_SORTED true --STOP_AFTER 0 --VERBOSITY INFO --QUIET false --VALIDATION_STRINGENCY STRICT --COMPRESSION_LEVEL 5 --MAX_RECORDS_IN_RAM 500000 --CREATE_INDEX false --CREATE_MD5_FILE false --GA4GH_CLIENT_SECRETS client_secrets.json --help false --version false --showHidden false --USE_JDK_DEFLATER false --USE_JDK_INFLATER false
## htsjdk.samtools.metrics.StringHeader
# Started on: Sun May 03 07:08:55 UTC 2020

## METRICS CLASS	picard.analysis.InsertSizeMetrics
MEDIAN_INSERT_SIZE	MODE_INSERT_SIZE	MEDIAN_ABSOLUTE_DEVIATION	MIN_INSERT_SIZE	MAX_INSERT_SIZE	MEAN_INSERT_SIZE	STANDARD_DEVIATION	READ_PAIRS	PAIR_ORIENTATION	WIDTH_OF_10_PERCENT	WIDTH_OF_20_PERCENT	WIDTH_OF_30_PERCENT	WIDTH_OF_40_PERCENT	WIDTH_OF_50_PERCENT	WIDTH_OF_60_PERCENT	WIDTH_OF_70_PERCENT	WIDTH_OF_80_PERCENT	WIDTH_OF_90_PERCENT	WIDTH_OF_95_PERCENT	WIDTH_OF_99_PERCENT	SAMPLE	LIBRARY	READ_GROUP
167	166	10	90	244	166.550054	18.129474	46866456	FR	5	7	11	15	21	27	35	45	61	75	113			

## HISTOGRAM	java.lang.Integer
insert_size	All_Reads.fr_count
90	6
91	6
92	10
93	172
94	432
95	3230
96	3532
97	3360
98	3637
99	9691
100	10487
101	11179
102	12300
103	12881
104	13187
105	13481
106	14250
107	16790
108	18135
109	20275
110	23559
111	25710
112	26938
113	26294
114	25576
115	26311
116	28153
117	31519
118	35533
119	40393
120	50190
121	63726
122	76567
123	76000
124	63756
125	53499
126	52423
127	58358
128	65394
129	76100
130	92591
131	119635
132	160424
133	199319
134	209771
135	187875
136	172795
137	187671
138	229401
139	289368
140	355756
141	408196
142	426613
143	427663
144	434011
145	440360
146	439853
147	449202
148	479800
149	522758
150	570321
151	619936
152	664780
153	669487
154	646604
155	645511
156	682741
157	748774
158	838404
159	928908
160	1002126
161	1050998
162	1098665
163	1193318
164	1339380
165	1467632
166	1506146
167	1483364
168	1440759
169	1381889
170	1303575
171	1219405
172	1141366
173	1090871
174	1057460
175	1030704
176	990620
177	932223
178	861290
179	786075
180	714058
181	644064
182	584186
183	531885
184	490621
185	460935
186	434104
187	411880
188	386282
189	359177
190	329434
191	298314
192	270518
193	243606
194	222171
195	204681
196	189749
197	178850
198	168044
199	159014
200	148486
201	136825
202	125323
203	113857
204	103599
205	94616
206	87884
207	81978
208	77052
209	72516
210	68795
211	63095
212	58055
213	53610
214	48476
215	44572
216	40974
217	37627
218	35235
219	33161
220	31027
221	29004
222	26917
223	24398
224	22626
225	20540
226	19041
227	17684
228	16511
229	15660
230	14879
231	13834
232	12834
233	12000
234	12043
235	9981
236	8305
237	7823
238	7417
239	5941
240	5740
241	5151
242	117
243	127
244	113

