## htsjdk.samtools.metrics.StringHeader
# CollectInsertSizeMetrics  --Histogram_FILE pandisease.epifluidlab.cchmc.org/results/20200420-week-17/jhu-cfdna-frag/picard_metrics/EGAR00002028065.hg19.insert_size.pdf --INPUT pandisease.epifluidlab.cchmc.org/results/20200420-week-17/jhu-cfdna-frag/filtered_bam/EGAR00002028065.hg19.filtered.bam --OUTPUT pandisease.epifluidlab.cchmc.org/results/20200420-week-17/jhu-cfdna-frag/picard_metrics/EGAR00002028065.hg19.insert_size.txt  --DEVIATIONS 10.0 --MINIMUM_PCT 0.05 --METRIC_ACCUMULATION_LEVEL ALL_READS --INCLUDE_DUPLICATES false --ASSUME_SORTED true --STOP_AFTER 0 --VERBOSITY INFO --QUIET false --VALIDATION_STRINGENCY STRICT --COMPRESSION_LEVEL 5 --MAX_RECORDS_IN_RAM 500000 --CREATE_INDEX false --CREATE_MD5_FILE false --GA4GH_CLIENT_SECRETS client_secrets.json --help false --version false --showHidden false --USE_JDK_DEFLATER false --USE_JDK_INFLATER false
## htsjdk.samtools.metrics.StringHeader
# Started on: Sun May 03 15:06:57 UTC 2020

## METRICS CLASS	picard.analysis.InsertSizeMetrics
MEDIAN_INSERT_SIZE	MODE_INSERT_SIZE	MEDIAN_ABSOLUTE_DEVIATION	MIN_INSERT_SIZE	MAX_INSERT_SIZE	MEAN_INSERT_SIZE	STANDARD_DEVIATION	READ_PAIRS	PAIR_ORIENTATION	WIDTH_OF_10_PERCENT	WIDTH_OF_20_PERCENT	WIDTH_OF_30_PERCENT	WIDTH_OF_40_PERCENT	WIDTH_OF_50_PERCENT	WIDTH_OF_60_PERCENT	WIDTH_OF_70_PERCENT	WIDTH_OF_80_PERCENT	WIDTH_OF_90_PERCENT	WIDTH_OF_95_PERCENT	WIDTH_OF_99_PERCENT	SAMPLE	LIBRARY	READ_GROUP
168	167	12	82	257	167.640903	20.997693	36994851	FR	5	9	13	19	25	31	41	51	71	89	127			

## HISTOGRAM	java.lang.Integer
insert_size	All_Reads.fr_count
82	1734
83	1938
84	2297
85	2114
86	2424
87	2279
88	2731
89	2679
90	2802
91	3022
92	2863
93	3266
94	3463
95	3498
96	3741
97	3184
98	3686
99	13373
100	15213
101	16245
102	17242
103	17656
104	17627
105	18420
106	19385
107	21688
108	23715
109	27872
110	33303
111	38270
112	39787
113	37063
114	35052
115	35454
116	37163
117	40063
118	45226
119	52768
120	64281
121	82025
122	96490
123	94083
124	78021
125	64714
126	62040
127	66143
128	72241
129	81436
130	96753
131	120003
132	156590
133	191297
134	198942
135	175648
136	155698
137	159975
138	184628
139	228172
140	278681
141	319789
142	333188
143	330978
144	335815
145	342275
146	344675
147	348615
148	363514
149	385294
150	411518
151	442332
152	469377
153	465965
154	445079
155	437816
156	455963
157	499760
158	555238
159	614504
160	662016
161	693657
162	721664
163	773100
164	860828
165	943364
166	986700
167	1000446
168	990428
169	967681
170	926459
171	879578
172	838421
173	822297
174	817774
175	815908
176	803859
177	771858
178	723844
179	665716
180	611304
181	556373
182	513150
183	476356
184	447989
185	428836
186	410570
187	392640
188	374916
189	351679
190	323839
191	295178
192	269192
193	246245
194	226042
195	210273
196	198812
197	188862
198	180054
199	171270
200	160023
201	147396
202	135382
203	123084
204	113727
205	104374
206	97474
207	91571
208	86818
209	81410
210	76354
211	70996
212	65977
213	60599
214	55432
215	50965
216	46696
217	43582
218	40625
219	38057
220	36122
221	33776
222	31545
223	28694
224	26641
225	24461
226	22242
227	20719
228	19137
229	18395
230	17325
231	16289
232	15348
233	14125
234	13014
235	12169
236	11612
237	10728
238	10240
239	9552
240	9028
241	9011
242	8570
243	8076
244	7779
245	7438
246	6997
247	6766
248	6549
249	7044
250	6040
251	4982
252	4800
253	4636
254	4381
255	3740
256	3831
257	3467

