## htsjdk.samtools.metrics.StringHeader
# CollectInsertSizeMetrics  --Histogram_FILE pandisease.epifluidlab.cchmc.org/results/20200420-week-17/jhu-cfdna-frag/picard_metrics/EGAR00002028059.hg19.insert_size.pdf --INPUT pandisease.epifluidlab.cchmc.org/results/20200420-week-17/jhu-cfdna-frag/filtered_bam/EGAR00002028059.hg19.filtered.bam --OUTPUT pandisease.epifluidlab.cchmc.org/results/20200420-week-17/jhu-cfdna-frag/picard_metrics/EGAR00002028059.hg19.insert_size.txt  --DEVIATIONS 10.0 --MINIMUM_PCT 0.05 --METRIC_ACCUMULATION_LEVEL ALL_READS --INCLUDE_DUPLICATES false --ASSUME_SORTED true --STOP_AFTER 0 --VERBOSITY INFO --QUIET false --VALIDATION_STRINGENCY STRICT --COMPRESSION_LEVEL 5 --MAX_RECORDS_IN_RAM 500000 --CREATE_INDEX false --CREATE_MD5_FILE false --GA4GH_CLIENT_SECRETS client_secrets.json --help false --version false --showHidden false --USE_JDK_DEFLATER false --USE_JDK_INFLATER false
## htsjdk.samtools.metrics.StringHeader
# Started on: Sun May 03 03:18:23 UTC 2020

## METRICS CLASS	picard.analysis.InsertSizeMetrics
MEDIAN_INSERT_SIZE	MODE_INSERT_SIZE	MEDIAN_ABSOLUTE_DEVIATION	MIN_INSERT_SIZE	MAX_INSERT_SIZE	MEAN_INSERT_SIZE	STANDARD_DEVIATION	READ_PAIRS	PAIR_ORIENTATION	WIDTH_OF_10_PERCENT	WIDTH_OF_20_PERCENT	WIDTH_OF_30_PERCENT	WIDTH_OF_40_PERCENT	WIDTH_OF_50_PERCENT	WIDTH_OF_60_PERCENT	WIDTH_OF_70_PERCENT	WIDTH_OF_80_PERCENT	WIDTH_OF_90_PERCENT	WIDTH_OF_95_PERCENT	WIDTH_OF_99_PERCENT	SAMPLE	LIBRARY	READ_GROUP
168	167	11	82	254	167.839282	20.538349	47155676	FR	5	9	13	19	23	31	39	51	69	87	125			

## HISTOGRAM	java.lang.Integer
insert_size	All_Reads.fr_count
82	1462
83	2042
84	2099
85	2482
86	2458
87	2208
88	2977
89	3340
90	3341
91	3375
92	3132
93	3265
94	4184
95	4169
96	4275
97	3762
98	4060
99	14986
100	17151
101	18522
102	18997
103	19279
104	19604
105	19294
106	20834
107	23114
108	26040
109	30408
110	36663
111	41534
112	42313
113	38452
114	35946
115	36510
116	38844
117	42988
118	47875
119	56206
120	70454
121	91782
122	110085
123	107929
124	85749
125	68729
126	64514
127	69201
128	76782
129	88717
130	108583
131	140884
132	189757
133	237141
134	245880
135	214868
136	186301
137	190799
138	226404
139	285831
140	362931
141	419886
142	433828
143	423771
144	424280
145	430732
146	429830
147	432049
148	450610
149	483009
150	523243
151	575967
152	620246
153	616905
154	583691
155	573077
156	602537
157	663298
158	744924
159	829736
160	896936
161	931469
162	965662
163	1035608
164	1146905
165	1255771
166	1308014
167	1319103
168	1297630
169	1260294
170	1195903
171	1126309
172	1065657
173	1031732
174	1015235
175	1003725
176	986525
177	944836
178	891615
179	830533
180	764449
181	699510
182	643189
183	594843
184	556998
185	529031
186	505073
187	485928
188	465728
189	438939
190	407292
191	374818
192	342659
193	312632
194	287642
195	266388
196	251923
197	239685
198	228523
199	216876
200	205217
201	191786
202	176817
203	162600
204	149313
205	137041
206	127867
207	119367
208	113608
209	106704
210	100847
211	94663
212	88314
213	80173
214	74174
215	67450
216	62435
217	57667
218	54086
219	51147
220	48252
221	45465
222	41953
223	38557
224	35455
225	32391
226	29684
227	27554
228	25820
229	24295
230	23229
231	21245
232	19974
233	18419
234	17235
235	15959
236	14782
237	13549
238	12921
239	12546
240	12081
241	11467
242	10966
243	10421
244	9714
245	9511
246	8768
247	8261
248	8052
249	8421
250	7125
251	1771
252	1802
253	1653
254	383

