## htsjdk.samtools.metrics.StringHeader
# CollectInsertSizeMetrics  --Histogram_FILE pandisease.epifluidlab.cchmc.org/results/20200420-week-17/jhu-cfdna-frag/picard_metrics/EGAR00002027942.hg19.insert_size.pdf --INPUT pandisease.epifluidlab.cchmc.org/results/20200420-week-17/jhu-cfdna-frag/filtered_bam/EGAR00002027942.hg19.filtered.bam --OUTPUT pandisease.epifluidlab.cchmc.org/results/20200420-week-17/jhu-cfdna-frag/picard_metrics/EGAR00002027942.hg19.insert_size.txt  --DEVIATIONS 10.0 --MINIMUM_PCT 0.05 --METRIC_ACCUMULATION_LEVEL ALL_READS --INCLUDE_DUPLICATES false --ASSUME_SORTED true --STOP_AFTER 0 --VERBOSITY INFO --QUIET false --VALIDATION_STRINGENCY STRICT --COMPRESSION_LEVEL 5 --MAX_RECORDS_IN_RAM 500000 --CREATE_INDEX false --CREATE_MD5_FILE false --GA4GH_CLIENT_SECRETS client_secrets.json --help false --version false --showHidden false --USE_JDK_DEFLATER false --USE_JDK_INFLATER false
## htsjdk.samtools.metrics.StringHeader
# Started on: Sun May 03 15:47:37 UTC 2020

## METRICS CLASS	picard.analysis.InsertSizeMetrics
MEDIAN_INSERT_SIZE	MODE_INSERT_SIZE	MEDIAN_ABSOLUTE_DEVIATION	MIN_INSERT_SIZE	MAX_INSERT_SIZE	MEAN_INSERT_SIZE	STANDARD_DEVIATION	READ_PAIRS	PAIR_ORIENTATION	WIDTH_OF_10_PERCENT	WIDTH_OF_20_PERCENT	WIDTH_OF_30_PERCENT	WIDTH_OF_40_PERCENT	WIDTH_OF_50_PERCENT	WIDTH_OF_60_PERCENT	WIDTH_OF_70_PERCENT	WIDTH_OF_80_PERCENT	WIDTH_OF_90_PERCENT	WIDTH_OF_95_PERCENT	WIDTH_OF_99_PERCENT	SAMPLE	LIBRARY	READ_GROUP
168	167	12	78	260	167.54984	21.45667	24591879	FR	5	9	13	19	25	33	41	53	71	91	131			

## HISTOGRAM	java.lang.Integer
insert_size	All_Reads.fr_count
78	1206
79	1796
80	1671
81	1451
82	1632
83	1966
84	2470
85	2387
86	2386
87	1942
88	2339
89	2521
90	3067
91	3011
92	2790
93	2812
94	3163
95	3025
96	3286
97	3136
98	3595
99	8360
100	9233
101	9857
102	10318
103	10444
104	11285
105	11129
106	11574
107	12713
108	14133
109	16338
110	19758
111	22754
112	24336
113	22650
114	21204
115	21537
116	22947
117	24567
118	27826
119	32380
120	40619
121	51783
122	61460
123	60693
124	50594
125	41894
126	40215
127	43283
128	47443
129	54180
130	65159
131	82322
132	107777
133	132566
134	138672
135	123548
136	108845
137	111072
138	127760
139	156448
140	193734
141	222270
142	230929
143	230138
144	234242
145	238701
146	237767
147	236880
148	244265
149	259716
150	279075
151	305945
152	329295
153	330315
154	315875
155	312366
156	324075
157	350980
158	388377
159	427654
160	457021
161	478034
162	494849
163	526849
164	580625
165	628271
166	649998
167	652864
168	643157
169	625278
170	597810
171	567642
172	538761
173	521790
174	512240
175	505676
176	494936
177	473028
178	447574
179	415931
180	386905
181	355086
182	329438
183	304198
184	285253
185	272499
186	258301
187	248435
188	237005
189	223996
190	209780
191	193694
192	178414
193	163796
194	150482
195	140804
196	132714
197	125514
198	120908
199	114708
200	107913
201	101092
202	93422
203	86270
204	79974
205	73257
206	67969
207	63826
208	60647
209	57730
210	54753
211	51298
212	47501
213	44106
214	40194
215	37360
216	34507
217	31881
218	29901
219	28508
220	26650
221	25412
222	23622
223	22016
224	20446
225	18752
226	17066
227	15933
228	14960
229	14313
230	13474
231	12813
232	12062
233	11138
234	10350
235	9684
236	8857
237	8486
238	8259
239	7768
240	7491
241	7264
242	7017
243	6577
244	6276
245	5997
246	5654
247	5452
248	5286
249	5305
250	5073
251	4846
252	5356
253	4775
254	3928
255	3648
256	3764
257	3431
258	109
259	144
260	125

