## htsjdk.samtools.metrics.StringHeader
# CollectInsertSizeMetrics  --Histogram_FILE pandisease.epifluidlab.cchmc.org/results/20200420-week-17/jhu-cfdna-frag/picard_metrics/EGAR00002027964.hg19.insert_size.pdf --INPUT pandisease.epifluidlab.cchmc.org/results/20200420-week-17/jhu-cfdna-frag/filtered_bam/EGAR00002027964.hg19.filtered.bam --OUTPUT pandisease.epifluidlab.cchmc.org/results/20200420-week-17/jhu-cfdna-frag/picard_metrics/EGAR00002027964.hg19.insert_size.txt  --DEVIATIONS 10.0 --MINIMUM_PCT 0.05 --METRIC_ACCUMULATION_LEVEL ALL_READS --INCLUDE_DUPLICATES false --ASSUME_SORTED true --STOP_AFTER 0 --VERBOSITY INFO --QUIET false --VALIDATION_STRINGENCY STRICT --COMPRESSION_LEVEL 5 --MAX_RECORDS_IN_RAM 500000 --CREATE_INDEX false --CREATE_MD5_FILE false --GA4GH_CLIENT_SECRETS client_secrets.json --help false --version false --showHidden false --USE_JDK_DEFLATER false --USE_JDK_INFLATER false
## htsjdk.samtools.metrics.StringHeader
# Started on: Sun May 03 01:46:55 UTC 2020

## METRICS CLASS	picard.analysis.InsertSizeMetrics
MEDIAN_INSERT_SIZE	MODE_INSERT_SIZE	MEDIAN_ABSOLUTE_DEVIATION	MIN_INSERT_SIZE	MAX_INSERT_SIZE	MEAN_INSERT_SIZE	STANDARD_DEVIATION	READ_PAIRS	PAIR_ORIENTATION	WIDTH_OF_10_PERCENT	WIDTH_OF_20_PERCENT	WIDTH_OF_30_PERCENT	WIDTH_OF_40_PERCENT	WIDTH_OF_50_PERCENT	WIDTH_OF_60_PERCENT	WIDTH_OF_70_PERCENT	WIDTH_OF_80_PERCENT	WIDTH_OF_90_PERCENT	WIDTH_OF_95_PERCENT	WIDTH_OF_99_PERCENT	SAMPLE	LIBRARY	READ_GROUP
168	167	11	89	250	167.916365	19.230546	62891041	FR	5	9	13	17	23	29	37	47	65	81	117			

## HISTOGRAM	java.lang.Integer
insert_size	All_Reads.fr_count
89	78
90	143
91	153
92	165
93	3908
94	4121
95	5141
96	5305
97	4544
98	4931
99	14761
100	17127
101	18146
102	18920
103	19423
104	19687
105	20449
106	22310
107	24645
108	27837
109	31770
110	38289
111	43109
112	45214
113	41827
114	39863
115	40138
116	43286
117	47941
118	55128
119	64462
120	79037
121	101872
122	119874
123	118345
124	95779
125	79137
126	77493
127	82607
128	91778
129	106255
130	128064
131	164404
132	216833
133	269175
134	278554
135	250586
136	225193
137	238252
138	284503
139	357938
140	446267
141	511757
142	532204
143	529560
144	537319
145	549624
146	552322
147	566511
148	598294
149	644649
150	695198
151	755415
152	806812
153	806707
154	779406
155	779637
156	829268
157	916609
158	1024565
159	1135352
160	1214707
161	1268630
162	1320977
163	1431563
164	1604708
165	1773820
166	1854482
167	1868325
168	1834881
169	1773174
170	1685930
171	1588925
172	1510518
173	1470420
174	1452574
175	1442817
176	1412297
177	1347676
178	1254678
179	1153908
180	1054061
181	956923
182	877444
183	809214
184	757429
185	716816
186	683752
187	650278
188	616173
189	570968
190	524057
191	474407
192	429557
193	391176
194	358574
195	332026
196	312288
197	293749
198	279556
199	262546
200	245076
201	226878
202	206083
203	188575
204	173469
205	158493
206	146556
207	137207
208	129468
209	121958
210	114259
211	105656
212	97471
213	89303
214	80679
215	74005
216	68386
217	63037
218	59223
219	56111
220	52163
221	48714
222	44251
223	41014
224	37863
225	34998
226	31846
227	29864
228	27862
229	25822
230	24834
231	23261
232	21745
233	19682
234	18639
235	17132
236	16098
237	15255
238	14376
239	15593
240	13029
241	11031
242	10518
243	9864
244	8773
245	8484
246	8207
247	7456
248	3003
249	2952
250	2839

