## htsjdk.samtools.metrics.StringHeader
# CollectInsertSizeMetrics  --Histogram_FILE pandisease.epifluidlab.cchmc.org/results/20200420-week-17/jhu-cfdna-frag/picard_metrics/EGAR00002027958.hg19.insert_size.pdf --INPUT pandisease.epifluidlab.cchmc.org/results/20200420-week-17/jhu-cfdna-frag/filtered_bam/EGAR00002027958.hg19.filtered.bam --OUTPUT pandisease.epifluidlab.cchmc.org/results/20200420-week-17/jhu-cfdna-frag/picard_metrics/EGAR00002027958.hg19.insert_size.txt  --DEVIATIONS 10.0 --MINIMUM_PCT 0.05 --METRIC_ACCUMULATION_LEVEL ALL_READS --INCLUDE_DUPLICATES false --ASSUME_SORTED true --STOP_AFTER 0 --VERBOSITY INFO --QUIET false --VALIDATION_STRINGENCY STRICT --COMPRESSION_LEVEL 5 --MAX_RECORDS_IN_RAM 500000 --CREATE_INDEX false --CREATE_MD5_FILE false --GA4GH_CLIENT_SECRETS client_secrets.json --help false --version false --showHidden false --USE_JDK_DEFLATER false --USE_JDK_INFLATER false
## htsjdk.samtools.metrics.StringHeader
# Started on: Sun May 03 15:17:28 UTC 2020

## METRICS CLASS	picard.analysis.InsertSizeMetrics
MEDIAN_INSERT_SIZE	MODE_INSERT_SIZE	MEDIAN_ABSOLUTE_DEVIATION	MIN_INSERT_SIZE	MAX_INSERT_SIZE	MEAN_INSERT_SIZE	STANDARD_DEVIATION	READ_PAIRS	PAIR_ORIENTATION	WIDTH_OF_10_PERCENT	WIDTH_OF_20_PERCENT	WIDTH_OF_30_PERCENT	WIDTH_OF_40_PERCENT	WIDTH_OF_50_PERCENT	WIDTH_OF_60_PERCENT	WIDTH_OF_70_PERCENT	WIDTH_OF_80_PERCENT	WIDTH_OF_90_PERCENT	WIDTH_OF_95_PERCENT	WIDTH_OF_99_PERCENT	SAMPLE	LIBRARY	READ_GROUP
167	166	10	91	245	166.896455	18.991206	34599403	FR	5	7	11	17	21	29	37	47	65	81	117			

## HISTOGRAM	java.lang.Integer
insert_size	All_Reads.fr_count
91	21
92	1874
93	2079
94	2897
95	3251
96	3569
97	2774
98	3125
99	8529
100	9188
101	9897
102	10296
103	10822
104	11171
105	12085
106	12521
107	14040
108	15093
109	17226
110	20582
111	23276
112	24282
113	23020
114	22071
115	22559
116	24754
117	27033
118	31081
119	35402
120	42718
121	54188
122	63897
123	63603
124	53197
125	45804
126	44987
127	49416
128	54976
129	63403
130	75454
131	95939
132	127262
133	157890
134	164912
135	149752
136	137491
137	147141
138	176592
139	217797
140	265398
141	300663
142	308573
143	304274
144	307740
145	313857
146	318548
147	328655
148	347801
149	375273
150	402483
151	434011
152	460176
153	459348
154	443857
155	448699
156	481219
157	533404
158	598337
159	661801
160	708192
161	738906
162	775469
163	853303
164	975481
165	1080536
166	1117392
167	1099159
168	1054826
169	996244
170	930794
171	867078
172	814425
173	786084
174	768948
175	752297
176	724801
177	685080
178	630689
179	575711
180	519244
181	470255
182	426875
183	391889
184	363456
185	343508
186	327139
187	310769
188	294521
189	275943
190	253760
191	231417
192	210546
193	191715
194	175567
195	164432
196	154269
197	145827
198	139028
199	133119
200	125669
201	116375
202	106617
203	98041
204	90724
205	82423
206	76909
207	71994
208	68200
209	64379
210	60835
211	56985
212	52425
213	47593
214	43629
215	40123
216	37030
217	33997
218	31921
219	30388
220	28085
221	26438
222	24343
223	22489
224	20517
225	18651
226	16909
227	15926
228	14888
229	13986
230	13553
231	12179
232	11366
233	10763
234	9853
235	9148
236	8402
237	8023
238	8386
239	6860
240	6102
241	5961
242	5103
243	504
244	490
245	473

