## htsjdk.samtools.metrics.StringHeader
# CollectInsertSizeMetrics  --Histogram_FILE pandisease.epifluidlab.cchmc.org/results/20200420-week-17/jhu-cfdna-frag/picard_metrics/EGAR00002028027.hg19.insert_size.pdf --INPUT pandisease.epifluidlab.cchmc.org/results/20200420-week-17/jhu-cfdna-frag/filtered_bam/EGAR00002028027.hg19.filtered.bam --OUTPUT pandisease.epifluidlab.cchmc.org/results/20200420-week-17/jhu-cfdna-frag/picard_metrics/EGAR00002028027.hg19.insert_size.txt  --DEVIATIONS 10.0 --MINIMUM_PCT 0.05 --METRIC_ACCUMULATION_LEVEL ALL_READS --INCLUDE_DUPLICATES false --ASSUME_SORTED true --STOP_AFTER 0 --VERBOSITY INFO --QUIET false --VALIDATION_STRINGENCY STRICT --COMPRESSION_LEVEL 5 --MAX_RECORDS_IN_RAM 500000 --CREATE_INDEX false --CREATE_MD5_FILE false --GA4GH_CLIENT_SECRETS client_secrets.json --help false --version false --showHidden false --USE_JDK_DEFLATER false --USE_JDK_INFLATER false
## htsjdk.samtools.metrics.StringHeader
# Started on: Sun May 03 14:22:01 UTC 2020

## METRICS CLASS	picard.analysis.InsertSizeMetrics
MEDIAN_INSERT_SIZE	MODE_INSERT_SIZE	MEDIAN_ABSOLUTE_DEVIATION	MIN_INSERT_SIZE	MAX_INSERT_SIZE	MEAN_INSERT_SIZE	STANDARD_DEVIATION	READ_PAIRS	PAIR_ORIENTATION	WIDTH_OF_10_PERCENT	WIDTH_OF_20_PERCENT	WIDTH_OF_30_PERCENT	WIDTH_OF_40_PERCENT	WIDTH_OF_50_PERCENT	WIDTH_OF_60_PERCENT	WIDTH_OF_70_PERCENT	WIDTH_OF_80_PERCENT	WIDTH_OF_90_PERCENT	WIDTH_OF_95_PERCENT	WIDTH_OF_99_PERCENT	SAMPLE	LIBRARY	READ_GROUP
168	167	11	86	254	168.53233	19.790323	37439738	FR	5	9	13	17	23	29	39	49	67	83	121			

## HISTOGRAM	java.lang.Integer
insert_size	All_Reads.fr_count
86	5
87	10
88	10
89	9
90	2298
91	2224
92	2149
93	2259
94	2781
95	2995
96	3136
97	2633
98	2826
99	8275
100	9072
101	9472
102	10394
103	10695
104	10789
105	11479
106	12206
107	13752
108	15296
109	17248
110	21068
111	23845
112	24815
113	23690
114	22334
115	23207
116	24969
117	27371
118	31818
119	36450
120	44095
121	55781
122	64997
123	65441
124	54922
125	47586
126	48040
127	52154
128	58186
129	65388
130	78669
131	98289
132	127576
133	157630
134	166471
135	150971
136	136936
137	144887
138	170263
139	208730
140	254649
141	292905
142	304860
143	307344
144	313397
145	321971
146	324392
147	332799
148	352125
149	380225
150	408862
151	443908
152	473687
153	477708
154	460642
155	458582
156	484464
157	531517
158	591894
159	659721
160	714401
161	751168
162	787709
163	852327
164	952679
165	1046510
166	1085373
167	1090138
168	1072188
169	1039170
170	991550
171	938230
172	889006
173	862332
174	847532
175	836868
176	816615
177	775463
178	725650
179	670087
180	614096
181	562087
182	517438
183	480545
184	451085
185	426834
186	405584
187	388336
188	369024
189	347443
190	321291
191	294529
192	268992
193	247493
194	227199
195	211133
196	199228
197	188598
198	178498
199	170012
200	160671
201	149351
202	137394
203	126170
204	116747
205	107281
206	99581
207	93596
208	88575
209	83539
210	79171
211	74417
212	68531
213	63123
214	57721
215	53279
216	49276
217	46048
218	42724
219	40849
220	38240
221	35812
222	33011
223	30490
224	28525
225	26194
226	23788
227	22509
228	21113
229	19714
230	18777
231	17349
232	16425
233	15355
234	14022
235	12930
236	12203
237	11345
238	10746
239	10332
240	9725
241	9483
242	9106
243	9519
244	7906
245	6747
246	6295
247	5782
248	4980
249	4758
250	4785
251	4219
252	284
253	299
254	241

