## htsjdk.samtools.metrics.StringHeader
# CollectInsertSizeMetrics  --Histogram_FILE pandisease.epifluidlab.cchmc.org/results/20200420-week-17/jhu-cfdna-frag/picard_metrics/EGAR00002027934.hg19.insert_size.pdf --INPUT pandisease.epifluidlab.cchmc.org/results/20200420-week-17/jhu-cfdna-frag/filtered_bam/EGAR00002027934.hg19.filtered.bam --OUTPUT pandisease.epifluidlab.cchmc.org/results/20200420-week-17/jhu-cfdna-frag/picard_metrics/EGAR00002027934.hg19.insert_size.txt  --DEVIATIONS 10.0 --MINIMUM_PCT 0.05 --METRIC_ACCUMULATION_LEVEL ALL_READS --INCLUDE_DUPLICATES false --ASSUME_SORTED true --STOP_AFTER 0 --VERBOSITY INFO --QUIET false --VALIDATION_STRINGENCY STRICT --COMPRESSION_LEVEL 5 --MAX_RECORDS_IN_RAM 500000 --CREATE_INDEX false --CREATE_MD5_FILE false --GA4GH_CLIENT_SECRETS client_secrets.json --help false --version false --showHidden false --USE_JDK_DEFLATER false --USE_JDK_INFLATER false
## htsjdk.samtools.metrics.StringHeader
# Started on: Sun May 03 15:24:38 UTC 2020

## METRICS CLASS	picard.analysis.InsertSizeMetrics
MEDIAN_INSERT_SIZE	MODE_INSERT_SIZE	MEDIAN_ABSOLUTE_DEVIATION	MIN_INSERT_SIZE	MAX_INSERT_SIZE	MEAN_INSERT_SIZE	STANDARD_DEVIATION	READ_PAIRS	PAIR_ORIENTATION	WIDTH_OF_10_PERCENT	WIDTH_OF_20_PERCENT	WIDTH_OF_30_PERCENT	WIDTH_OF_40_PERCENT	WIDTH_OF_50_PERCENT	WIDTH_OF_60_PERCENT	WIDTH_OF_70_PERCENT	WIDTH_OF_80_PERCENT	WIDTH_OF_90_PERCENT	WIDTH_OF_95_PERCENT	WIDTH_OF_99_PERCENT	SAMPLE	LIBRARY	READ_GROUP
167	166	12	81	252	166.922375	20.464268	33988783	FR	5	9	13	19	25	31	41	51	69	87	123			

## HISTOGRAM	java.lang.Integer
insert_size	All_Reads.fr_count
81	1553
82	1655
83	1861
84	2248
85	2017
86	2278
87	2205
88	2645
89	2696
90	2729
91	2807
92	2903
93	3022
94	3352
95	3468
96	3536
97	3079
98	3636
99	9822
100	10657
101	11506
102	11946
103	12297
104	12102
105	12605
106	13214
107	14934
108	16683
109	19731
110	24059
111	27882
112	29019
113	26985
114	25110
115	25564
116	27112
117	30203
118	34582
119	41276
120	53379
121	72401
122	86820
123	86033
124	68421
125	53991
126	50891
127	53766
128	59501
129	69518
130	85865
131	112760
132	151753
133	191766
134	198462
135	172737
136	148168
137	151564
138	179491
139	225800
140	285865
141	330892
142	344311
143	337346
144	339935
145	341462
146	334170
147	331395
148	345150
149	371758
150	402953
151	442858
152	477336
153	475240
154	449482
155	440918
156	457264
157	496668
158	550681
159	612640
160	658973
161	686434
162	708943
163	756183
164	836056
165	906789
166	931457
167	924521
168	907696
169	877859
170	837063
171	784652
172	745140
173	721400
174	707246
175	696162
176	679999
177	651206
178	614807
179	573866
180	531420
181	487730
182	447697
183	414731
184	388220
185	369357
186	351777
187	339272
188	321901
189	303917
190	282601
191	258829
192	237076
193	216318
194	196964
195	183701
196	172103
197	163341
198	155317
199	148462
200	139691
201	130315
202	119365
203	109227
204	100066
205	91382
206	84836
207	79623
208	74604
209	71155
210	67063
211	62838
212	58076
213	53329
214	48502
215	44186
216	40734
217	37750
218	35280
219	33045
220	30885
221	29312
222	27148
223	24628
224	22647
225	20770
226	19018
227	17595
228	16545
229	15781
230	14705
231	13787
232	12611
233	11824
234	10703
235	9818
236	9311
237	8380
238	8012
239	7692
240	7480
241	7190
242	6862
243	6441
244	6081
245	5937
246	5646
247	5217
248	5552
249	4645
250	3990
251	4017
252	3910

