## htsjdk.samtools.metrics.StringHeader
# CollectInsertSizeMetrics  --Histogram_FILE pandisease.epifluidlab.cchmc.org/results/20200420-week-17/jhu-cfdna-frag/picard_metrics/EGAR00002028011.hg19.insert_size.pdf --INPUT pandisease.epifluidlab.cchmc.org/results/20200420-week-17/jhu-cfdna-frag/filtered_bam/EGAR00002028011.hg19.filtered.bam --OUTPUT pandisease.epifluidlab.cchmc.org/results/20200420-week-17/jhu-cfdna-frag/picard_metrics/EGAR00002028011.hg19.insert_size.txt  --DEVIATIONS 10.0 --MINIMUM_PCT 0.05 --METRIC_ACCUMULATION_LEVEL ALL_READS --INCLUDE_DUPLICATES false --ASSUME_SORTED true --STOP_AFTER 0 --VERBOSITY INFO --QUIET false --VALIDATION_STRINGENCY STRICT --COMPRESSION_LEVEL 5 --MAX_RECORDS_IN_RAM 500000 --CREATE_INDEX false --CREATE_MD5_FILE false --GA4GH_CLIENT_SECRETS client_secrets.json --help false --version false --showHidden false --USE_JDK_DEFLATER false --USE_JDK_INFLATER false
## htsjdk.samtools.metrics.StringHeader
# Started on: Sun May 03 14:14:40 UTC 2020

## METRICS CLASS	picard.analysis.InsertSizeMetrics
MEDIAN_INSERT_SIZE	MODE_INSERT_SIZE	MEDIAN_ABSOLUTE_DEVIATION	MIN_INSERT_SIZE	MAX_INSERT_SIZE	MEAN_INSERT_SIZE	STANDARD_DEVIATION	READ_PAIRS	PAIR_ORIENTATION	WIDTH_OF_10_PERCENT	WIDTH_OF_20_PERCENT	WIDTH_OF_30_PERCENT	WIDTH_OF_40_PERCENT	WIDTH_OF_50_PERCENT	WIDTH_OF_60_PERCENT	WIDTH_OF_70_PERCENT	WIDTH_OF_80_PERCENT	WIDTH_OF_90_PERCENT	WIDTH_OF_95_PERCENT	WIDTH_OF_99_PERCENT	SAMPLE	LIBRARY	READ_GROUP
168	167	10	92	246	167.682894	18.815587	35710762	FR	5	9	13	17	21	29	37	47	63	79	115			

## HISTOGRAM	java.lang.Integer
insert_size	All_Reads.fr_count
92	220
93	2426
94	2738
95	2891
96	3517
97	3014
98	3193
99	7648
100	8172
101	9387
102	9673
103	10068
104	10323
105	10181
106	11142
107	12602
108	13800
109	15884
110	18877
111	20938
112	21921
113	21240
114	20037
115	20521
116	21951
117	24149
118	27579
119	32797
120	40178
121	52378
122	61660
123	61966
124	50880
125	41585
126	39845
127	43943
128	49566
129	56993
130	70533
131	90287
132	120546
133	151863
134	159081
135	141477
136	128271
137	135117
138	162624
139	204479
140	255114
141	295694
142	308058
143	308078
144	312312
145	318778
146	321251
147	327909
148	349895
149	375305
150	405573
151	441091
152	471882
153	472618
154	454090
155	450175
156	476733
157	525735
158	592154
159	655961
160	705220
161	737345
162	770857
163	831445
164	932595
165	1027263
166	1072828
167	1078942
168	1056014
169	1021035
170	966709
171	909156
172	862919
173	840283
174	830660
175	823014
176	804576
177	766243
178	709499
179	651119
180	589294
181	534314
182	485371
183	447822
184	418079
185	396190
186	376816
187	359221
188	341003
189	315368
190	289667
191	260501
192	235472
193	214203
194	195587
195	182074
196	169311
197	160477
198	152448
199	143500
200	134332
201	124293
202	112801
203	103147
204	93957
205	85755
206	78945
207	73890
208	69865
209	65724
210	61305
211	57303
212	52686
213	47641
214	43219
215	39436
216	36053
217	33714
218	31112
219	29482
220	27127
221	25740
222	23808
223	21686
224	19761
225	18083
226	16469
227	15053
228	14057
229	13411
230	12615
231	11928
232	10740
233	9971
234	9541
235	8784
236	8012
237	7464
238	7173
239	7711
240	6451
241	5379
242	4987
243	4556
244	4396
245	4367
246	3825

