## htsjdk.samtools.metrics.StringHeader
# CollectInsertSizeMetrics  --Histogram_FILE pandisease.epifluidlab.cchmc.org/results/20200420-week-17/jhu-cfdna-frag/picard_metrics/EGAR00002027984.hg19.insert_size.pdf --INPUT pandisease.epifluidlab.cchmc.org/results/20200420-week-17/jhu-cfdna-frag/filtered_bam/EGAR00002027984.hg19.filtered.bam --OUTPUT pandisease.epifluidlab.cchmc.org/results/20200420-week-17/jhu-cfdna-frag/picard_metrics/EGAR00002027984.hg19.insert_size.txt  --DEVIATIONS 10.0 --MINIMUM_PCT 0.05 --METRIC_ACCUMULATION_LEVEL ALL_READS --INCLUDE_DUPLICATES false --ASSUME_SORTED true --STOP_AFTER 0 --VERBOSITY INFO --QUIET false --VALIDATION_STRINGENCY STRICT --COMPRESSION_LEVEL 5 --MAX_RECORDS_IN_RAM 500000 --CREATE_INDEX false --CREATE_MD5_FILE false --GA4GH_CLIENT_SECRETS client_secrets.json --help false --version false --showHidden false --USE_JDK_DEFLATER false --USE_JDK_INFLATER false
## htsjdk.samtools.metrics.StringHeader
# Started on: Sun May 03 14:43:35 UTC 2020

## METRICS CLASS	picard.analysis.InsertSizeMetrics
MEDIAN_INSERT_SIZE	MODE_INSERT_SIZE	MEDIAN_ABSOLUTE_DEVIATION	MIN_INSERT_SIZE	MAX_INSERT_SIZE	MEAN_INSERT_SIZE	STANDARD_DEVIATION	READ_PAIRS	PAIR_ORIENTATION	WIDTH_OF_10_PERCENT	WIDTH_OF_20_PERCENT	WIDTH_OF_30_PERCENT	WIDTH_OF_40_PERCENT	WIDTH_OF_50_PERCENT	WIDTH_OF_60_PERCENT	WIDTH_OF_70_PERCENT	WIDTH_OF_80_PERCENT	WIDTH_OF_90_PERCENT	WIDTH_OF_95_PERCENT	WIDTH_OF_99_PERCENT	SAMPLE	LIBRARY	READ_GROUP
171	168	11	86	261	171.493482	20.445045	35538963	FR	5	9	13	17	23	31	39	51	69	85	125			

## HISTOGRAM	java.lang.Integer
insert_size	All_Reads.fr_count
86	138
87	110
88	152
89	586
90	653
91	606
92	1710
93	1816
94	2076
95	2371
96	2476
97	2250
98	2397
99	5640
100	6386
101	7253
102	7538
103	7908
104	8216
105	8241
106	9205
107	10429
108	11658
109	13446
110	15968
111	17898
112	19039
113	18193
114	17507
115	18154
116	19291
117	21713
118	24186
119	28034
120	34461
121	43201
122	51615
123	51618
124	44093
125	37757
126	36817
127	39931
128	44736
129	51424
130	61249
131	76396
132	98344
133	121389
134	128035
135	116182
136	105287
137	108827
138	126197
139	155522
140	191226
141	222033
142	237714
143	242838
144	251299
145	259185
146	264123
147	271743
148	291994
149	315266
150	341709
151	371925
152	399810
153	406380
154	395852
155	392278
156	409818
157	444553
158	492341
159	549680
160	598688
161	634334
162	663314
163	711632
164	789177
165	866836
166	912231
167	931621
168	934054
169	923888
170	899837
171	865273
172	840704
173	832790
174	835073
175	837785
176	829426
177	801040
178	756342
179	706356
180	656586
181	607354
182	567793
183	533466
184	505850
185	484723
186	468220
187	450839
188	430469
189	407176
190	378651
191	349044
192	321374
193	296092
194	275254
195	257251
196	244183
197	233442
198	223581
199	212666
200	199315
201	186745
202	171892
203	157941
204	145499
205	134883
206	125812
207	118692
208	112032
209	106584
210	100442
211	94436
212	87214
213	80250
214	73218
215	68155
216	63156
217	58394
218	54719
219	51624
220	48276
221	45795
222	42735
223	39011
224	35880
225	32848
226	30265
227	28186
228	26390
229	24642
230	23348
231	21439
232	19980
233	18838
234	17021
235	16210
236	14719
237	13714
238	12829
239	12467
240	11806
241	11035
242	10442
243	9862
244	9402
245	9683
246	8058
247	6955
248	6710
249	6598
250	6072
251	5731
252	5491
253	5384
254	5151
255	4998
256	5065
257	4681
258	4567
259	4407
260	4572
261	4190

