## htsjdk.samtools.metrics.StringHeader
# CollectInsertSizeMetrics  --Histogram_FILE pandisease.epifluidlab.cchmc.org/results/20200420-week-17/jhu-cfdna-frag/picard_metrics/EGAR00002028015.hg19.insert_size.pdf --INPUT pandisease.epifluidlab.cchmc.org/results/20200420-week-17/jhu-cfdna-frag/filtered_bam/EGAR00002028015.hg19.filtered.bam --OUTPUT pandisease.epifluidlab.cchmc.org/results/20200420-week-17/jhu-cfdna-frag/picard_metrics/EGAR00002028015.hg19.insert_size.txt  --DEVIATIONS 10.0 --MINIMUM_PCT 0.05 --METRIC_ACCUMULATION_LEVEL ALL_READS --INCLUDE_DUPLICATES false --ASSUME_SORTED true --STOP_AFTER 0 --VERBOSITY INFO --QUIET false --VALIDATION_STRINGENCY STRICT --COMPRESSION_LEVEL 5 --MAX_RECORDS_IN_RAM 500000 --CREATE_INDEX false --CREATE_MD5_FILE false --GA4GH_CLIENT_SECRETS client_secrets.json --help false --version false --showHidden false --USE_JDK_DEFLATER false --USE_JDK_INFLATER false
## htsjdk.samtools.metrics.StringHeader
# Started on: Sun May 03 10:11:57 UTC 2020

## METRICS CLASS	picard.analysis.InsertSizeMetrics
MEDIAN_INSERT_SIZE	MODE_INSERT_SIZE	MEDIAN_ABSOLUTE_DEVIATION	MIN_INSERT_SIZE	MAX_INSERT_SIZE	MEAN_INSERT_SIZE	STANDARD_DEVIATION	READ_PAIRS	PAIR_ORIENTATION	WIDTH_OF_10_PERCENT	WIDTH_OF_20_PERCENT	WIDTH_OF_30_PERCENT	WIDTH_OF_40_PERCENT	WIDTH_OF_50_PERCENT	WIDTH_OF_60_PERCENT	WIDTH_OF_70_PERCENT	WIDTH_OF_80_PERCENT	WIDTH_OF_90_PERCENT	WIDTH_OF_95_PERCENT	WIDTH_OF_99_PERCENT	SAMPLE	LIBRARY	READ_GROUP
168	166	10	88	246	167.728782	18.112724	40412919	FR	5	7	11	15	21	27	35	45	61	75	111			

## HISTOGRAM	java.lang.Integer
insert_size	All_Reads.fr_count
88	1
92	1
93	676
94	1192
95	1284
96	1438
97	2540
98	2793
99	7727
100	7803
101	7984
102	8152
103	8752
104	9425
105	9541
106	10022
107	10961
108	12025
109	13712
110	15785
111	17012
112	17536
113	16748
114	16793
115	17785
116	19405
117	20658
118	23637
119	27533
120	33736
121	43703
122	52885
123	53134
124	45654
125	38634
126	38810
127	42593
128	48418
129	56754
130	69732
131	90566
132	121549
133	153445
134	163380
135	149469
136	137951
137	149486
138	182186
139	229243
140	282668
141	324023
142	337652
143	337748
144	344454
145	353684
146	357854
147	368573
148	392393
149	426186
150	462127
151	505574
152	537511
153	540558
154	522965
155	528964
156	569157
157	630054
158	708321
159	781656
160	835278
161	871993
162	917415
163	1002245
164	1137184
165	1256638
166	1300889
167	1287102
168	1250345
169	1190444
170	1117221
171	1044723
172	986523
173	953032
174	935544
175	917780
176	887335
177	839915
178	776751
179	710189
180	644819
181	583666
182	530902
183	489195
184	455588
185	431253
186	409116
187	388742
188	367558
189	342075
190	313223
191	283196
192	257447
193	233725
194	213919
195	198893
196	184999
197	175226
198	166605
199	157016
200	146666
201	135221
202	123935
203	112643
204	102674
205	93892
206	87276
207	81564
208	76897
209	71901
210	67506
211	62162
212	56979
213	52671
214	47885
215	43880
216	40267
217	37156
218	34422
219	32532
220	30662
221	28410
222	26342
223	24222
224	22184
225	20332
226	18579
227	17334
228	16663
229	15408
230	14606
231	13630
232	12750
233	11858
234	11190
235	10349
236	10132
237	8698
238	8235
239	7897
240	2187
241	1731
242	1596
243	1338
244	121
245	125
246	131

