## htsjdk.samtools.metrics.StringHeader
# CollectInsertSizeMetrics  --Histogram_FILE pandisease.epifluidlab.cchmc.org/results/20200420-week-17/jhu-cfdna-frag/picard_metrics/EGAR00002027992.hg19.insert_size.pdf --INPUT pandisease.epifluidlab.cchmc.org/results/20200420-week-17/jhu-cfdna-frag/filtered_bam/EGAR00002027992.hg19.filtered.bam --OUTPUT pandisease.epifluidlab.cchmc.org/results/20200420-week-17/jhu-cfdna-frag/picard_metrics/EGAR00002027992.hg19.insert_size.txt  --DEVIATIONS 10.0 --MINIMUM_PCT 0.05 --METRIC_ACCUMULATION_LEVEL ALL_READS --INCLUDE_DUPLICATES false --ASSUME_SORTED true --STOP_AFTER 0 --VERBOSITY INFO --QUIET false --VALIDATION_STRINGENCY STRICT --COMPRESSION_LEVEL 5 --MAX_RECORDS_IN_RAM 500000 --CREATE_INDEX false --CREATE_MD5_FILE false --GA4GH_CLIENT_SECRETS client_secrets.json --help false --version false --showHidden false --USE_JDK_DEFLATER false --USE_JDK_INFLATER false
## htsjdk.samtools.metrics.StringHeader
# Started on: Sun May 03 15:34:42 UTC 2020

## METRICS CLASS	picard.analysis.InsertSizeMetrics
MEDIAN_INSERT_SIZE	MODE_INSERT_SIZE	MEDIAN_ABSOLUTE_DEVIATION	MIN_INSERT_SIZE	MAX_INSERT_SIZE	MEAN_INSERT_SIZE	STANDARD_DEVIATION	READ_PAIRS	PAIR_ORIENTATION	WIDTH_OF_10_PERCENT	WIDTH_OF_20_PERCENT	WIDTH_OF_30_PERCENT	WIDTH_OF_40_PERCENT	WIDTH_OF_50_PERCENT	WIDTH_OF_60_PERCENT	WIDTH_OF_70_PERCENT	WIDTH_OF_80_PERCENT	WIDTH_OF_90_PERCENT	WIDTH_OF_95_PERCENT	WIDTH_OF_99_PERCENT	SAMPLE	LIBRARY	READ_GROUP
167	166	11	85	253	167.17228	20.365784	28317438	FR	5	9	13	17	23	31	39	51	67	87	125			

## HISTOGRAM	java.lang.Integer
insert_size	All_Reads.fr_count
85	1924
86	1910
87	1777
88	2226
89	2223
90	2766
91	2699
92	2286
93	2526
94	2711
95	3267
96	3461
97	2813
98	3064
99	7279
100	8039
101	9223
102	9688
103	9900
104	10088
105	10066
106	10953
107	12632
108	14600
109	17038
110	20347
111	22997
112	23570
113	21983
114	20599
115	22309
116	23854
117	26696
118	30432
119	34311
120	41484
121	53158
122	62868
123	63889
124	52839
125	43909
126	42648
127	46934
128	52210
129	60458
130	72363
131	90961
132	117152
133	145489
134	152477
135	136455
136	122392
137	128688
138	152162
139	185806
140	227176
141	257045
142	263171
143	257919
144	258371
145	265135
146	266463
147	272780
148	289013
149	310423
150	332441
151	356596
152	377534
153	375292
154	359849
155	357750
156	376773
157	413807
158	462764
159	512774
160	548704
161	570255
162	592834
163	640001
164	719581
165	795361
166	824759
167	818044
168	794881
169	759185
170	716292
171	672189
172	638672
173	622095
174	615518
175	609420
176	594305
177	562263
178	522884
179	480400
180	438837
181	398480
182	364903
183	337315
184	315394
185	298476
186	285959
187	271736
188	258079
189	241592
190	223528
191	204477
192	186057
193	170869
194	156555
195	146093
196	137540
197	131220
198	125254
199	118373
200	111949
201	104129
202	95830
203	88015
204	81184
205	74974
206	68988
207	65075
208	61229
209	58223
210	55423
211	51814
212	47913
213	43960
214	40615
215	37479
216	34106
217	31487
218	30019
219	28233
220	26383
221	25157
222	23491
223	21581
224	19826
225	18327
226	16854
227	15847
228	15003
229	14111
230	13281
231	12534
232	11766
233	11086
234	10319
235	9235
236	8864
237	8253
238	7762
239	7620
240	7748
241	7412
242	7335
243	6882
244	6533
245	7236
246	5829
247	5033
248	4799
249	4726
250	4560
251	4433
252	4776
253	4136

