## htsjdk.samtools.metrics.StringHeader
# CollectInsertSizeMetrics  --Histogram_FILE pandisease.epifluidlab.cchmc.org/results/20200420-week-17/jhu-cfdna-frag/picard_metrics/EGAR00002027978.hg19.insert_size.pdf --INPUT pandisease.epifluidlab.cchmc.org/results/20200420-week-17/jhu-cfdna-frag/filtered_bam/EGAR00002027978.hg19.filtered.bam --OUTPUT pandisease.epifluidlab.cchmc.org/results/20200420-week-17/jhu-cfdna-frag/picard_metrics/EGAR00002027978.hg19.insert_size.txt  --DEVIATIONS 10.0 --MINIMUM_PCT 0.05 --METRIC_ACCUMULATION_LEVEL ALL_READS --INCLUDE_DUPLICATES false --ASSUME_SORTED true --STOP_AFTER 0 --VERBOSITY INFO --QUIET false --VALIDATION_STRINGENCY STRICT --COMPRESSION_LEVEL 5 --MAX_RECORDS_IN_RAM 500000 --CREATE_INDEX false --CREATE_MD5_FILE false --GA4GH_CLIENT_SECRETS client_secrets.json --help false --version false --showHidden false --USE_JDK_DEFLATER false --USE_JDK_INFLATER false
## htsjdk.samtools.metrics.StringHeader
# Started on: Sun May 03 15:12:21 UTC 2020

## METRICS CLASS	picard.analysis.InsertSizeMetrics
MEDIAN_INSERT_SIZE	MODE_INSERT_SIZE	MEDIAN_ABSOLUTE_DEVIATION	MIN_INSERT_SIZE	MAX_INSERT_SIZE	MEAN_INSERT_SIZE	STANDARD_DEVIATION	READ_PAIRS	PAIR_ORIENTATION	WIDTH_OF_10_PERCENT	WIDTH_OF_20_PERCENT	WIDTH_OF_30_PERCENT	WIDTH_OF_40_PERCENT	WIDTH_OF_50_PERCENT	WIDTH_OF_60_PERCENT	WIDTH_OF_70_PERCENT	WIDTH_OF_80_PERCENT	WIDTH_OF_90_PERCENT	WIDTH_OF_95_PERCENT	WIDTH_OF_99_PERCENT	SAMPLE	LIBRARY	READ_GROUP
171	168	11	82	264	171.241792	20.789788	37124023	FR	5	9	13	19	23	31	39	51	69	87	127			

## HISTOGRAM	java.lang.Integer
insert_size	All_Reads.fr_count
82	1
83	3
84	4
85	2
86	78
87	103
88	282
89	284
90	335
91	300
92	2028
93	2090
94	2687
95	2802
96	2860
97	2366
98	2718
99	7348
100	8749
101	9580
102	9723
103	10188
104	10329
105	10465
106	11621
107	12968
108	14558
109	17062
110	20513
111	23043
112	24755
113	22692
114	21599
115	21819
116	23489
117	25986
118	29811
119	35225
120	42876
121	53724
122	63152
123	62470
124	51782
125	42854
126	41585
127	45456
128	49670
129	57404
130	68638
131	86115
132	112794
133	139238
134	144159
135	127834
136	112368
137	115276
138	135441
139	168749
140	211165
141	247810
142	261279
143	263463
144	267800
145	272314
146	271828
147	276138
148	293716
149	320282
150	350173
151	384682
152	417095
153	421824
154	403615
155	398550
156	411488
157	450606
158	505886
159	573238
160	632234
161	670464
162	699494
163	746776
164	823035
165	897204
166	944037
167	970362
168	980931
169	973367
170	948432
171	910000
172	876274
173	862713
174	860624
175	859995
176	854043
177	825272
178	781284
179	731237
180	678399
181	627387
182	582518
183	546142
184	516515
185	493879
186	476913
187	460908
188	443314
189	419922
190	391978
191	362633
192	333651
193	307306
194	283970
195	266906
196	252770
197	241386
198	231149
199	220864
200	208800
201	193946
202	179987
203	165980
204	152933
205	141035
206	131957
207	124148
208	118236
209	111576
210	105139
211	98899
212	92121
213	84747
214	77814
215	71610
216	66407
217	62013
218	57875
219	54642
220	51602
221	48200
222	45059
223	41477
224	38459
225	34506
226	32101
227	30092
228	28180
229	26212
230	25120
231	22942
232	21510
233	20168
234	18635
235	17427
236	15716
237	14830
238	14017
239	13213
240	12758
241	11936
242	11553
243	10856
244	10189
245	10455
246	8665
247	7341
248	7123
249	6685
250	6570
251	6320
252	6103
253	5837
254	5744
255	5653
256	5366
257	5188
258	4936
259	4652
260	4744
261	4368
262	112
263	126
264	121

