## htsjdk.samtools.metrics.StringHeader
# CollectInsertSizeMetrics  --Histogram_FILE pandisease.epifluidlab.cchmc.org/results/20200420-week-17/jhu-cfdna-frag/picard_metrics/EGAR00002028006.hg19.insert_size.pdf --INPUT pandisease.epifluidlab.cchmc.org/results/20200420-week-17/jhu-cfdna-frag/filtered_bam/EGAR00002028006.hg19.filtered.bam --OUTPUT pandisease.epifluidlab.cchmc.org/results/20200420-week-17/jhu-cfdna-frag/picard_metrics/EGAR00002028006.hg19.insert_size.txt  --DEVIATIONS 10.0 --MINIMUM_PCT 0.05 --METRIC_ACCUMULATION_LEVEL ALL_READS --INCLUDE_DUPLICATES false --ASSUME_SORTED true --STOP_AFTER 0 --VERBOSITY INFO --QUIET false --VALIDATION_STRINGENCY STRICT --COMPRESSION_LEVEL 5 --MAX_RECORDS_IN_RAM 500000 --CREATE_INDEX false --CREATE_MD5_FILE false --GA4GH_CLIENT_SECRETS client_secrets.json --help false --version false --showHidden false --USE_JDK_DEFLATER false --USE_JDK_INFLATER false
## htsjdk.samtools.metrics.StringHeader
# Started on: Sun May 03 14:08:47 UTC 2020

## METRICS CLASS	picard.analysis.InsertSizeMetrics
MEDIAN_INSERT_SIZE	MODE_INSERT_SIZE	MEDIAN_ABSOLUTE_DEVIATION	MIN_INSERT_SIZE	MAX_INSERT_SIZE	MEAN_INSERT_SIZE	STANDARD_DEVIATION	READ_PAIRS	PAIR_ORIENTATION	WIDTH_OF_10_PERCENT	WIDTH_OF_20_PERCENT	WIDTH_OF_30_PERCENT	WIDTH_OF_40_PERCENT	WIDTH_OF_50_PERCENT	WIDTH_OF_60_PERCENT	WIDTH_OF_70_PERCENT	WIDTH_OF_80_PERCENT	WIDTH_OF_90_PERCENT	WIDTH_OF_95_PERCENT	WIDTH_OF_99_PERCENT	SAMPLE	LIBRARY	READ_GROUP
167	166	10	89	245	166.600212	18.635835	39607959	FR	5	7	11	17	21	27	35	47	63	79	115			

## HISTOGRAM	java.lang.Integer
insert_size	All_Reads.fr_count
89	227
90	217
91	271
92	2363
93	2484
94	2699
95	3469
96	3722
97	2981
98	3344
99	11480
100	13064
101	13994
102	14358
103	14856
104	15174
105	15761
106	16853
107	18896
108	20348
109	23062
110	26951
111	29677
112	30842
113	28416
114	27436
115	28016
116	29819
117	32750
118	37390
119	42885
120	51984
121	66399
122	77589
123	76141
124	62587
125	52393
126	51341
127	54795
128	60770
129	69602
130	83753
131	106563
132	141659
133	174440
134	182756
135	165983
136	150960
137	161735
138	193554
139	241326
140	294057
141	334937
142	346554
143	346942
144	351904
145	360589
146	364967
147	376815
148	400835
149	432870
150	464838
151	500739
152	529482
153	529209
154	514803
155	521202
156	558400
157	620012
158	693118
159	759889
160	807719
161	838864
162	876870
163	957571
164	1082792
165	1200503
166	1248311
167	1239903
168	1203148
169	1145693
170	1081174
171	1008144
172	955053
173	927890
174	914710
175	901449
176	873052
177	826668
178	762254
179	693541
180	624238
181	560989
182	511433
183	469578
184	436311
185	413261
186	390823
187	370888
188	344693
189	318555
190	289611
191	260884
192	234089
193	211738
194	194280
195	179454
196	166390
197	157068
198	148578
199	138831
200	128619
201	118545
202	108127
203	98567
204	89981
205	81552
206	75803
207	70589
208	66183
209	61824
210	57871
211	53936
212	49301
213	44568
214	40620
215	37412
216	34096
217	31881
218	29612
219	27547
220	25671
221	23968
222	22105
223	20206
224	18846
225	16535
226	15566
227	14427
228	13748
229	13136
230	12144
231	11478
232	10700
233	9993
234	9347
235	8831
236	8105
237	7629
238	8289
239	5547
240	4667
241	4528
242	3295
243	1157
244	1085
245	1024

