## htsjdk.samtools.metrics.StringHeader
# CollectInsertSizeMetrics  --Histogram_FILE pandisease.epifluidlab.cchmc.org/results/20200420-week-17/jhu-cfdna-frag/picard_metrics/EGAR00002028062.hg19.insert_size.pdf --INPUT pandisease.epifluidlab.cchmc.org/results/20200420-week-17/jhu-cfdna-frag/filtered_bam/EGAR00002028062.hg19.filtered.bam --OUTPUT pandisease.epifluidlab.cchmc.org/results/20200420-week-17/jhu-cfdna-frag/picard_metrics/EGAR00002028062.hg19.insert_size.txt  --DEVIATIONS 10.0 --MINIMUM_PCT 0.05 --METRIC_ACCUMULATION_LEVEL ALL_READS --INCLUDE_DUPLICATES false --ASSUME_SORTED true --STOP_AFTER 0 --VERBOSITY INFO --QUIET false --VALIDATION_STRINGENCY STRICT --COMPRESSION_LEVEL 5 --MAX_RECORDS_IN_RAM 500000 --CREATE_INDEX false --CREATE_MD5_FILE false --GA4GH_CLIENT_SECRETS client_secrets.json --help false --version false --showHidden false --USE_JDK_DEFLATER false --USE_JDK_INFLATER false
## htsjdk.samtools.metrics.StringHeader
# Started on: Sun May 03 15:05:15 UTC 2020

## METRICS CLASS	picard.analysis.InsertSizeMetrics
MEDIAN_INSERT_SIZE	MODE_INSERT_SIZE	MEDIAN_ABSOLUTE_DEVIATION	MIN_INSERT_SIZE	MAX_INSERT_SIZE	MEAN_INSERT_SIZE	STANDARD_DEVIATION	READ_PAIRS	PAIR_ORIENTATION	WIDTH_OF_10_PERCENT	WIDTH_OF_20_PERCENT	WIDTH_OF_30_PERCENT	WIDTH_OF_40_PERCENT	WIDTH_OF_50_PERCENT	WIDTH_OF_60_PERCENT	WIDTH_OF_70_PERCENT	WIDTH_OF_80_PERCENT	WIDTH_OF_90_PERCENT	WIDTH_OF_95_PERCENT	WIDTH_OF_99_PERCENT	SAMPLE	LIBRARY	READ_GROUP
167	166	12	76	258	166.613777	21.103456	35847569	FR	5	9	13	19	25	33	41	53	71	89	127			

## HISTOGRAM	java.lang.Integer
insert_size	All_Reads.fr_count
76	2
77	1349
78	1646
79	1633
80	1523
81	1690
82	1670
83	2050
84	2480
85	2240
86	2347
87	2048
88	2542
89	2783
90	3114
91	3204
92	2878
93	2960
94	3326
95	3354
96	3917
97	3368
98	3719
99	12099
100	13963
101	14894
102	15563
103	16490
104	16618
105	16545
106	17562
107	19678
108	21897
109	25196
110	31097
111	35100
112	36128
113	33534
114	31397
115	31942
116	34511
117	37484
118	42152
119	49365
120	61518
121	79433
122	93831
123	92917
124	77120
125	64841
126	63231
127	68030
128	75160
129	86827
130	104514
131	130012
132	168431
133	208734
134	217592
135	194664
136	172346
137	176966
138	202350
139	244656
140	300050
141	343271
142	354852
143	351819
144	355890
145	362782
146	362022
147	364606
148	378390
149	402739
150	432273
151	469853
152	501641
153	500610
154	475142
155	466140
156	483575
157	524060
158	581044
159	641579
160	687866
161	715483
162	740398
163	787994
164	868821
165	940942
166	973103
167	972297
168	954108
169	922321
170	876811
171	824274
172	777925
173	750416
174	734026
175	719794
176	701456
177	670628
178	629978
179	584763
180	538695
181	493547
182	454060
183	418704
184	391897
185	372772
186	355906
187	340017
188	326249
189	306526
190	284686
191	262577
192	241444
193	219963
194	202975
195	189285
196	178282
197	168878
198	161346
199	154263
200	145708
201	136388
202	126392
203	115143
204	106355
205	97490
206	91456
207	86170
208	81361
209	77728
210	73624
211	68904
212	64609
213	59306
214	54475
215	49867
216	46238
217	42838
218	40171
219	38403
220	35855
221	34144
222	31616
223	29174
224	27567
225	24853
226	22708
227	21292
228	20023
229	18885
230	17790
231	16816
232	15779
233	14586
234	13493
235	12516
236	11458
237	10869
238	10301
239	9846
240	9474
241	8865
242	8462
243	8350
244	7765
245	7389
246	6876
247	6724
248	6568
249	6167
250	5886
251	6477
252	5536
253	3566
254	3639
255	3230
256	127
257	111
258	115

