## htsjdk.samtools.metrics.StringHeader
# CollectInsertSizeMetrics  --Histogram_FILE pandisease.epifluidlab.cchmc.org/results/20200420-week-17/jhu-cfdna-frag/picard_metrics/EGAR00002027943.hg19.insert_size.pdf --INPUT pandisease.epifluidlab.cchmc.org/results/20200420-week-17/jhu-cfdna-frag/filtered_bam/EGAR00002027943.hg19.filtered.bam --OUTPUT pandisease.epifluidlab.cchmc.org/results/20200420-week-17/jhu-cfdna-frag/picard_metrics/EGAR00002027943.hg19.insert_size.txt  --DEVIATIONS 10.0 --MINIMUM_PCT 0.05 --METRIC_ACCUMULATION_LEVEL ALL_READS --INCLUDE_DUPLICATES false --ASSUME_SORTED true --STOP_AFTER 0 --VERBOSITY INFO --QUIET false --VALIDATION_STRINGENCY STRICT --COMPRESSION_LEVEL 5 --MAX_RECORDS_IN_RAM 500000 --CREATE_INDEX false --CREATE_MD5_FILE false --GA4GH_CLIENT_SECRETS client_secrets.json --help false --version false --showHidden false --USE_JDK_DEFLATER false --USE_JDK_INFLATER false
## htsjdk.samtools.metrics.StringHeader
# Started on: Sun May 03 15:40:25 UTC 2020

## METRICS CLASS	picard.analysis.InsertSizeMetrics
MEDIAN_INSERT_SIZE	MODE_INSERT_SIZE	MEDIAN_ABSOLUTE_DEVIATION	MIN_INSERT_SIZE	MAX_INSERT_SIZE	MEAN_INSERT_SIZE	STANDARD_DEVIATION	READ_PAIRS	PAIR_ORIENTATION	WIDTH_OF_10_PERCENT	WIDTH_OF_20_PERCENT	WIDTH_OF_30_PERCENT	WIDTH_OF_40_PERCENT	WIDTH_OF_50_PERCENT	WIDTH_OF_60_PERCENT	WIDTH_OF_70_PERCENT	WIDTH_OF_80_PERCENT	WIDTH_OF_90_PERCENT	WIDTH_OF_95_PERCENT	WIDTH_OF_99_PERCENT	SAMPLE	LIBRARY	READ_GROUP
169	167	12	83	258	168.711134	21.051273	28390943	FR	5	9	13	19	25	31	41	53	71	89	127			

## HISTOGRAM	java.lang.Integer
insert_size	All_Reads.fr_count
83	36
84	34
85	36
86	2284
87	1860
88	2631
89	2963
90	2976
91	2802
92	2600
93	2843
94	3574
95	3722
96	3720
97	3145
98	3413
99	8552
100	9815
101	10705
102	10986
103	11407
104	11873
105	11500
106	12100
107	14041
108	15796
109	17817
110	21658
111	24547
112	25504
113	23919
114	23255
115	23485
116	24992
117	26775
118	30327
119	35215
120	43349
121	54107
122	63953
123	64246
124	53775
125	44674
126	42659
127	45645
128	50292
129	56633
130	66990
131	82752
132	107761
133	133566
134	140095
135	124057
136	110954
137	113839
138	131630
139	161523
140	198117
141	227525
142	237267
143	237672
144	241105
145	245107
146	246505
147	248771
148	260004
149	280047
150	301159
151	327033
152	351291
153	354183
154	338782
155	336067
156	351269
157	383251
158	427586
159	474319
160	514120
161	539538
162	561839
163	603373
164	672299
165	736953
166	765620
167	773170
168	762412
169	742750
170	710412
171	672016
172	639043
173	623839
174	615745
175	610607
176	602017
177	576650
178	543005
179	506929
180	469675
181	432823
182	398896
183	371534
184	349507
185	334589
186	322009
187	309005
188	297573
189	282377
190	261373
191	242710
192	222026
193	203554
194	188200
195	176364
196	165605
197	158945
198	152029
199	144575
200	135886
201	127354
202	117756
203	108390
204	100097
205	91815
206	85276
207	79966
208	75708
209	72656
210	68332
211	64079
212	59330
213	54594
214	49785
215	46215
216	42751
217	39578
218	36906
219	35152
220	32991
221	30918
222	29031
223	26757
224	24635
225	22637
226	20715
227	19289
228	18022
229	17126
230	16022
231	15071
232	13841
233	13184
234	12072
235	11385
236	10578
237	9705
238	9184
239	8746
240	8498
241	8033
242	7689
243	7209
244	6862
245	6545
246	6958
247	5442
248	4819
249	4370
250	4302
251	4074
252	3673
253	3565
254	3433
255	2075
256	556
257	610
258	521

