## htsjdk.samtools.metrics.StringHeader
# CollectInsertSizeMetrics  --Histogram_FILE pandisease.epifluidlab.cchmc.org/results/20200420-week-17/jhu-cfdna-frag/picard_metrics/EGAR00002028025.hg19.insert_size.pdf --INPUT pandisease.epifluidlab.cchmc.org/results/20200420-week-17/jhu-cfdna-frag/filtered_bam/EGAR00002028025.hg19.filtered.bam --OUTPUT pandisease.epifluidlab.cchmc.org/results/20200420-week-17/jhu-cfdna-frag/picard_metrics/EGAR00002028025.hg19.insert_size.txt  --DEVIATIONS 10.0 --MINIMUM_PCT 0.05 --METRIC_ACCUMULATION_LEVEL ALL_READS --INCLUDE_DUPLICATES false --ASSUME_SORTED true --STOP_AFTER 0 --VERBOSITY INFO --QUIET false --VALIDATION_STRINGENCY STRICT --COMPRESSION_LEVEL 5 --MAX_RECORDS_IN_RAM 500000 --CREATE_INDEX false --CREATE_MD5_FILE false --GA4GH_CLIENT_SECRETS client_secrets.json --help false --version false --showHidden false --USE_JDK_DEFLATER false --USE_JDK_INFLATER false
## htsjdk.samtools.metrics.StringHeader
# Started on: Sun May 03 11:25:43 UTC 2020

## METRICS CLASS	picard.analysis.InsertSizeMetrics
MEDIAN_INSERT_SIZE	MODE_INSERT_SIZE	MEDIAN_ABSOLUTE_DEVIATION	MIN_INSERT_SIZE	MAX_INSERT_SIZE	MEAN_INSERT_SIZE	STANDARD_DEVIATION	READ_PAIRS	PAIR_ORIENTATION	WIDTH_OF_10_PERCENT	WIDTH_OF_20_PERCENT	WIDTH_OF_30_PERCENT	WIDTH_OF_40_PERCENT	WIDTH_OF_50_PERCENT	WIDTH_OF_60_PERCENT	WIDTH_OF_70_PERCENT	WIDTH_OF_80_PERCENT	WIDTH_OF_90_PERCENT	WIDTH_OF_95_PERCENT	WIDTH_OF_99_PERCENT	SAMPLE	LIBRARY	READ_GROUP
168	166	11	82	257	167.865142	20.404514	39099548	FR	5	9	13	17	23	31	39	51	69	87	125			

## HISTOGRAM	java.lang.Integer
insert_size	All_Reads.fr_count
82	2
83	3
84	1
85	952
86	1202
87	954
88	1174
89	2471
90	2427
91	2890
92	2490
93	2577
94	2888
95	2993
96	3452
97	3073
98	3339
99	9097
100	10007
101	11222
102	11726
103	12285
104	12492
105	12382
106	13295
107	15483
108	16901
109	20018
110	24165
111	27292
112	28215
113	26442
114	25117
115	25769
116	28701
117	31673
118	35869
119	41000
120	50740
121	64914
122	77175
123	78035
124	65961
125	54932
126	53897
127	58936
128	65670
129	75681
130	91603
131	116170
132	152378
133	190320
134	200845
135	179842
136	161466
137	167871
138	196933
139	242690
140	299427
141	344105
142	357000
143	354046
144	357906
145	364831
146	365204
147	368649
148	387035
149	415923
150	447247
151	489637
152	524973
153	525609
154	505511
155	498622
156	524044
157	575303
158	639601
159	708809
160	763347
161	798523
162	829999
163	893683
164	995791
165	1086120
166	1119488
167	1115840
168	1092844
169	1053022
170	998154
171	938114
172	884747
173	853685
174	834579
175	820263
176	796598
177	758265
178	708974
179	654897
180	601688
181	550174
182	506054
183	468207
184	438934
185	416585
186	398259
187	380625
188	364315
189	342748
190	317970
191	292233
192	268686
193	246796
194	226538
195	213061
196	200000
197	191147
198	182887
199	174254
200	164976
201	154531
202	143360
203	131972
204	122526
205	112980
206	105634
207	99308
208	94708
209	90306
210	85228
211	80307
212	75229
213	70009
214	64540
215	59052
216	54381
217	50650
218	47495
219	45556
220	43152
221	40435
222	37987
223	35364
224	32628
225	30047
226	27614
227	26008
228	24331
229	22900
230	21969
231	20644
232	19087
233	18014
234	16790
235	15514
236	14521
237	13889
238	13230
239	12571
240	12354
241	11703
242	11812
243	10453
244	9556
245	9668
246	8533
247	7650
248	7363
249	7387
250	6871
251	1894
252	1836
253	1800
254	1119
255	161
256	147
257	124

