## htsjdk.samtools.metrics.StringHeader
# CollectInsertSizeMetrics  --Histogram_FILE pandisease.epifluidlab.cchmc.org/results/20200420-week-17/jhu-cfdna-frag/picard_metrics/EGAR00002028078.hg19.insert_size.pdf --INPUT pandisease.epifluidlab.cchmc.org/results/20200420-week-17/jhu-cfdna-frag/filtered_bam/EGAR00002028078.hg19.filtered.bam --OUTPUT pandisease.epifluidlab.cchmc.org/results/20200420-week-17/jhu-cfdna-frag/picard_metrics/EGAR00002028078.hg19.insert_size.txt  --DEVIATIONS 10.0 --MINIMUM_PCT 0.05 --METRIC_ACCUMULATION_LEVEL ALL_READS --INCLUDE_DUPLICATES false --ASSUME_SORTED true --STOP_AFTER 0 --VERBOSITY INFO --QUIET false --VALIDATION_STRINGENCY STRICT --COMPRESSION_LEVEL 5 --MAX_RECORDS_IN_RAM 500000 --CREATE_INDEX false --CREATE_MD5_FILE false --GA4GH_CLIENT_SECRETS client_secrets.json --help false --version false --showHidden false --USE_JDK_DEFLATER false --USE_JDK_INFLATER false
## htsjdk.samtools.metrics.StringHeader
# Started on: Sun May 03 04:39:46 UTC 2020

## METRICS CLASS	picard.analysis.InsertSizeMetrics
MEDIAN_INSERT_SIZE	MODE_INSERT_SIZE	MEDIAN_ABSOLUTE_DEVIATION	MIN_INSERT_SIZE	MAX_INSERT_SIZE	MEAN_INSERT_SIZE	STANDARD_DEVIATION	READ_PAIRS	PAIR_ORIENTATION	WIDTH_OF_10_PERCENT	WIDTH_OF_20_PERCENT	WIDTH_OF_30_PERCENT	WIDTH_OF_40_PERCENT	WIDTH_OF_50_PERCENT	WIDTH_OF_60_PERCENT	WIDTH_OF_70_PERCENT	WIDTH_OF_80_PERCENT	WIDTH_OF_90_PERCENT	WIDTH_OF_95_PERCENT	WIDTH_OF_99_PERCENT	SAMPLE	LIBRARY	READ_GROUP
168	166	10	82	250	167.708672	19.284155	161841065	FR	5	7	11	17	21	29	37	47	65	81	119			

## HISTOGRAM	java.lang.Integer
insert_size	All_Reads.fr_count
82	1
83	3
84	2
85	1
86	2
87	3
88	2
89	2477
90	2533
91	2949
92	8736
93	13350
94	14183
95	14602
96	15120
97	14470
98	16737
99	35656
100	39882
101	42370
102	44870
103	47087
104	49656
105	50603
106	53859
107	59444
108	66043
109	75727
110	92285
111	104207
112	108386
113	100669
114	97960
115	101326
116	109196
117	121674
118	137375
119	157731
120	194549
121	247420
122	290279
123	284779
124	237159
125	202526
126	201843
127	218741
128	242868
129	277843
130	334775
131	425350
132	556323
133	688944
134	719280
135	651857
136	596993
137	632641
138	752162
139	930375
140	1141113
141	1297110
142	1350710
143	1361461
144	1395769
145	1437236
146	1455670
147	1494221
148	1580001
149	1692203
150	1818473
151	1971181
152	2102825
153	2104791
154	2044133
155	2071445
156	2210018
157	2434178
158	2703411
159	2970643
160	3176183
161	3331268
162	3514730
163	3855766
164	4364070
165	4813529
166	4990596
167	4960676
168	4820949
169	4621038
170	4374525
171	4121548
172	3919543
173	3806656
174	3745454
175	3686102
176	3570614
177	3369117
178	3108458
179	2835211
180	2574359
181	2322288
182	2116366
183	1949196
184	1814657
185	1715473
186	1626724
187	1544756
188	1452390
189	1348808
190	1239459
191	1128384
192	1024945
193	934934
194	862196
195	800454
196	754101
197	714961
198	680531
199	642595
200	604435
201	560675
202	517090
203	475031
204	438912
205	404939
206	378467
207	355180
208	336826
209	318444
210	298675
211	278513
212	259274
213	238994
214	217748
215	201626
216	188671
217	174479
218	163962
219	154952
220	145433
221	135756
222	127304
223	117572
224	108895
225	100509
226	92279
227	86286
228	81307
229	77045
230	73062
231	68064
232	64152
233	59058
234	55160
235	51689
236	48048
237	45652
238	43764
239	41874
240	40816
241	38984
242	37863
243	36027
244	34329
245	36330
246	32815
247	16225
248	6416
249	7698
250	5674

