## htsjdk.samtools.metrics.StringHeader
# CollectInsertSizeMetrics  --Histogram_FILE pandisease.epifluidlab.cchmc.org/results/20200420-week-17/jhu-cfdna-frag/picard_metrics/EGAR00002027914.hg19.insert_size.pdf --INPUT pandisease.epifluidlab.cchmc.org/results/20200420-week-17/jhu-cfdna-frag/filtered_bam/EGAR00002027914.hg19.filtered.bam --OUTPUT pandisease.epifluidlab.cchmc.org/results/20200420-week-17/jhu-cfdna-frag/picard_metrics/EGAR00002027914.hg19.insert_size.txt  --DEVIATIONS 10.0 --MINIMUM_PCT 0.05 --METRIC_ACCUMULATION_LEVEL ALL_READS --INCLUDE_DUPLICATES false --ASSUME_SORTED true --STOP_AFTER 0 --VERBOSITY INFO --QUIET false --VALIDATION_STRINGENCY STRICT --COMPRESSION_LEVEL 5 --MAX_RECORDS_IN_RAM 500000 --CREATE_INDEX false --CREATE_MD5_FILE false --GA4GH_CLIENT_SECRETS client_secrets.json --help false --version false --showHidden false --USE_JDK_DEFLATER false --USE_JDK_INFLATER false
## htsjdk.samtools.metrics.StringHeader
# Started on: Sun May 03 15:17:33 UTC 2020

## METRICS CLASS	picard.analysis.InsertSizeMetrics
MEDIAN_INSERT_SIZE	MODE_INSERT_SIZE	MEDIAN_ABSOLUTE_DEVIATION	MIN_INSERT_SIZE	MAX_INSERT_SIZE	MEAN_INSERT_SIZE	STANDARD_DEVIATION	READ_PAIRS	PAIR_ORIENTATION	WIDTH_OF_10_PERCENT	WIDTH_OF_20_PERCENT	WIDTH_OF_30_PERCENT	WIDTH_OF_40_PERCENT	WIDTH_OF_50_PERCENT	WIDTH_OF_60_PERCENT	WIDTH_OF_70_PERCENT	WIDTH_OF_80_PERCENT	WIDTH_OF_90_PERCENT	WIDTH_OF_95_PERCENT	WIDTH_OF_99_PERCENT	SAMPLE	LIBRARY	READ_GROUP
168	167	12	78	260	167.55388	21.279718	35842096	FR	5	9	13	19	25	31	41	53	71	91	129			

## HISTOGRAM	java.lang.Integer
insert_size	All_Reads.fr_count
78	5
79	4
80	3
81	2
82	1734
83	2129
84	2346
85	2161
86	2685
87	2256
88	2619
89	2807
90	2755
91	2807
92	2970
93	3147
94	3340
95	3366
96	3622
97	3101
98	3879
99	13514
100	15598
101	17292
102	17971
103	18376
104	18824
105	19418
106	20797
107	23352
108	26362
109	30299
110	36596
111	40713
112	41925
113	39090
114	37187
115	37959
116	39821
117	43828
118	49270
119	56165
120	66582
121	83471
122	95025
123	92296
124	76508
125	64391
126	62287
127	66054
128	72313
129	81628
130	96389
131	119123
132	150728
133	180867
134	185301
135	165467
136	148900
137	154914
138	179523
139	219159
140	264900
141	302665
142	316365
143	317003
144	322504
145	327932
146	330754
147	334368
148	350423
149	373034
150	397666
151	427099
152	452802
153	453644
154	436995
155	434324
156	452830
157	493156
158	549958
159	607173
160	652451
161	682203
162	712301
163	761481
164	841711
165	917039
166	956715
167	967739
168	957388
169	938006
170	901258
171	859998
172	822556
173	802452
174	790691
175	783657
176	765726
177	729798
178	680276
179	627068
180	573638
181	526340
182	484175
183	450218
184	423114
185	402106
186	384298
187	366065
188	348179
189	325198
190	301473
191	276210
192	252738
193	232295
194	215233
195	201438
196	190090
197	180835
198	172667
199	163470
200	153019
201	144242
202	131971
203	121095
204	112316
205	103738
206	97264
207	91467
208	86092
209	81967
210	77345
211	71653
212	66937
213	61979
214	56796
215	51900
216	48039
217	44950
218	42336
219	40028
220	37624
221	35556
222	33119
223	30389
224	28133
225	25838
226	23911
227	22385
228	20822
229	19823
230	18794
231	17573
232	16312
233	15220
234	14352
235	13148
236	12319
237	11660
238	10882
239	10567
240	9863
241	9519
242	9153
243	8787
244	8470
245	7920
246	7479
247	7301
248	7048
249	7394
250	6285
251	5427
252	5295
253	5110
254	3912
255	3547
256	3563
257	3233
258	97
259	125
260	97

