## htsjdk.samtools.metrics.StringHeader
# CollectInsertSizeMetrics  --Histogram_FILE pandisease.epifluidlab.cchmc.org/results/20200420-week-17/jhu-cfdna-frag/picard_metrics/EGAR00002027965.hg19.insert_size.pdf --INPUT pandisease.epifluidlab.cchmc.org/results/20200420-week-17/jhu-cfdna-frag/filtered_bam/EGAR00002027965.hg19.filtered.bam --OUTPUT pandisease.epifluidlab.cchmc.org/results/20200420-week-17/jhu-cfdna-frag/picard_metrics/EGAR00002027965.hg19.insert_size.txt  --DEVIATIONS 10.0 --MINIMUM_PCT 0.05 --METRIC_ACCUMULATION_LEVEL ALL_READS --INCLUDE_DUPLICATES false --ASSUME_SORTED true --STOP_AFTER 0 --VERBOSITY INFO --QUIET false --VALIDATION_STRINGENCY STRICT --COMPRESSION_LEVEL 5 --MAX_RECORDS_IN_RAM 500000 --CREATE_INDEX false --CREATE_MD5_FILE false --GA4GH_CLIENT_SECRETS client_secrets.json --help false --version false --showHidden false --USE_JDK_DEFLATER false --USE_JDK_INFLATER false
## htsjdk.samtools.metrics.StringHeader
# Started on: Sun May 03 15:22:12 UTC 2020

## METRICS CLASS	picard.analysis.InsertSizeMetrics
MEDIAN_INSERT_SIZE	MODE_INSERT_SIZE	MEDIAN_ABSOLUTE_DEVIATION	MIN_INSERT_SIZE	MAX_INSERT_SIZE	MEAN_INSERT_SIZE	STANDARD_DEVIATION	READ_PAIRS	PAIR_ORIENTATION	WIDTH_OF_10_PERCENT	WIDTH_OF_20_PERCENT	WIDTH_OF_30_PERCENT	WIDTH_OF_40_PERCENT	WIDTH_OF_50_PERCENT	WIDTH_OF_60_PERCENT	WIDTH_OF_70_PERCENT	WIDTH_OF_80_PERCENT	WIDTH_OF_90_PERCENT	WIDTH_OF_95_PERCENT	WIDTH_OF_99_PERCENT	SAMPLE	LIBRARY	READ_GROUP
168	167	11	82	257	168.034643	20.419416	34628874	FR	5	9	13	17	23	31	39	51	69	87	125			

## HISTOGRAM	java.lang.Integer
insert_size	All_Reads.fr_count
82	5
83	1
84	5
85	3
86	2309
87	1914
88	2203
89	2370
90	2823
91	2798
92	2401
93	2578
94	2598
95	3156
96	3510
97	2959
98	3157
99	9404
100	10846
101	12150
102	13033
103	13269
104	13152
105	12742
106	14096
107	15582
108	18003
109	21066
110	25537
111	29295
112	30136
113	27515
114	25310
115	26324
116	28083
117	30843
118	35218
119	40869
120	51744
121	66782
122	80057
123	80012
124	64820
125	52150
126	48970
127	52825
128	57975
129	66704
130	80948
131	102491
132	135996
133	170295
134	177344
135	156734
136	136644
137	139237
138	162464
139	200653
140	248880
141	287603
142	299786
143	298292
144	299698
145	305845
146	305735
147	310967
148	326858
149	350434
150	378749
151	414149
152	445703
153	444864
154	427086
155	424293
156	445137
157	485712
158	542248
159	602182
160	648078
161	678848
162	705640
163	755636
164	842498
165	929373
166	970155
167	976318
168	959534
169	929341
170	886718
171	836664
172	796579
173	777764
174	767482
175	763806
176	747690
177	715101
178	670060
179	618981
180	569732
181	521764
182	477818
183	444104
184	417303
185	396878
186	379511
187	362323
188	344373
189	323266
190	299070
191	272930
192	249724
193	227086
194	209070
195	195359
196	183884
197	174687
198	166345
199	157194
200	148291
201	138590
202	127249
203	116046
204	107108
205	98414
206	91660
207	86629
208	81043
209	76495
210	72362
211	68248
212	62705
213	57528
214	52757
215	48408
216	44566
217	41392
218	38620
219	36524
220	34288
221	32381
222	30063
223	27771
224	25496
225	23319
226	21358
227	19519
228	18803
229	17842
230	16234
231	15267
232	14400
233	13285
234	12499
235	11486
236	10384
237	9881
238	9549
239	9186
240	8872
241	8649
242	8143
243	7788
244	7379
245	7193
246	7575
247	6215
248	5062
249	5034
250	4848
251	4825
252	4725
253	4926
254	4610
255	121
256	128
257	119

