## htsjdk.samtools.metrics.StringHeader
# CollectInsertSizeMetrics  --Histogram_FILE pandisease.epifluidlab.cchmc.org/results/20200420-week-17/jhu-cfdna-frag/picard_metrics/EGAR00002027926.hg19.insert_size.pdf --INPUT pandisease.epifluidlab.cchmc.org/results/20200420-week-17/jhu-cfdna-frag/filtered_bam/EGAR00002027926.hg19.filtered.bam --OUTPUT pandisease.epifluidlab.cchmc.org/results/20200420-week-17/jhu-cfdna-frag/picard_metrics/EGAR00002027926.hg19.insert_size.txt  --DEVIATIONS 10.0 --MINIMUM_PCT 0.05 --METRIC_ACCUMULATION_LEVEL ALL_READS --INCLUDE_DUPLICATES false --ASSUME_SORTED true --STOP_AFTER 0 --VERBOSITY INFO --QUIET false --VALIDATION_STRINGENCY STRICT --COMPRESSION_LEVEL 5 --MAX_RECORDS_IN_RAM 500000 --CREATE_INDEX false --CREATE_MD5_FILE false --GA4GH_CLIENT_SECRETS client_secrets.json --help false --version false --showHidden false --USE_JDK_DEFLATER false --USE_JDK_INFLATER false
## htsjdk.samtools.metrics.StringHeader
# Started on: Sun May 03 15:35:36 UTC 2020

## METRICS CLASS	picard.analysis.InsertSizeMetrics
MEDIAN_INSERT_SIZE	MODE_INSERT_SIZE	MEDIAN_ABSOLUTE_DEVIATION	MIN_INSERT_SIZE	MAX_INSERT_SIZE	MEAN_INSERT_SIZE	STANDARD_DEVIATION	READ_PAIRS	PAIR_ORIENTATION	WIDTH_OF_10_PERCENT	WIDTH_OF_20_PERCENT	WIDTH_OF_30_PERCENT	WIDTH_OF_40_PERCENT	WIDTH_OF_50_PERCENT	WIDTH_OF_60_PERCENT	WIDTH_OF_70_PERCENT	WIDTH_OF_80_PERCENT	WIDTH_OF_90_PERCENT	WIDTH_OF_95_PERCENT	WIDTH_OF_99_PERCENT	SAMPLE	LIBRARY	READ_GROUP
167	166	11	88	249	167.030174	19.178474	33468160	FR	5	9	13	17	23	29	37	47	65	81	117			

## HISTOGRAM	java.lang.Integer
insert_size	All_Reads.fr_count
88	195
89	172
90	435
91	434
92	2087
93	2115
94	2757
95	2735
96	2883
97	2550
98	2767
99	8269
100	8976
101	9576
102	9921
103	10336
104	10461
105	10895
106	11528
107	12778
108	14180
109	16217
110	19813
111	22304
112	23669
113	21845
114	20678
115	21377
116	22631
117	25172
118	29488
119	34314
120	42241
121	54040
122	64171
123	62852
124	52061
125	43265
126	42404
127	45245
128	50709
129	58585
130	70813
131	90651
132	120836
133	150147
134	157174
135	142468
136	129080
137	136173
138	163150
139	205665
140	256615
141	296796
142	310737
143	310565
144	316010
145	323552
146	326463
147	331669
148	345962
149	368193
150	395961
151	430236
152	462177
153	462222
154	445151
155	444205
156	470080
157	517216
158	572554
159	630187
160	673893
161	702688
162	735049
163	794076
164	885971
165	968401
166	1005512
167	1003086
168	980220
169	943583
170	893775
171	839021
172	794718
173	765863
174	747994
175	733523
176	710905
177	672525
178	623325
179	571911
180	519613
181	471809
182	428985
183	396374
184	366976
185	347162
186	328613
187	310721
188	293683
189	274249
190	252954
191	228533
192	209433
193	190096
194	174039
195	161799
196	151016
197	143076
198	136618
199	129025
200	120569
201	112311
202	103163
203	94767
204	86734
205	79634
206	74123
207	69802
208	64845
209	61953
210	58375
211	54507
212	50183
213	46271
214	41909
215	38915
216	35555
217	32881
218	30885
219	29399
220	27175
221	25881
222	23829
223	21944
224	20321
225	18448
226	17012
227	15669
228	14618
229	14025
230	13407
231	12376
232	11473
233	10876
234	10106
235	9259
236	8537
237	8033
238	8118
239	7260
240	6223
241	5899
242	5620
243	5040
244	4747
245	4317
246	2788
247	1929
248	1987
249	1810

