## htsjdk.samtools.metrics.StringHeader
# CollectInsertSizeMetrics  --Histogram_FILE pandisease.epifluidlab.cchmc.org/results/20200420-week-17/jhu-cfdna-frag/picard_metrics/EGAR00002028004.hg19.insert_size.pdf --INPUT pandisease.epifluidlab.cchmc.org/results/20200420-week-17/jhu-cfdna-frag/filtered_bam/EGAR00002028004.hg19.filtered.bam --OUTPUT pandisease.epifluidlab.cchmc.org/results/20200420-week-17/jhu-cfdna-frag/picard_metrics/EGAR00002028004.hg19.insert_size.txt  --DEVIATIONS 10.0 --MINIMUM_PCT 0.05 --METRIC_ACCUMULATION_LEVEL ALL_READS --INCLUDE_DUPLICATES false --ASSUME_SORTED true --STOP_AFTER 0 --VERBOSITY INFO --QUIET false --VALIDATION_STRINGENCY STRICT --COMPRESSION_LEVEL 5 --MAX_RECORDS_IN_RAM 500000 --CREATE_INDEX false --CREATE_MD5_FILE false --GA4GH_CLIENT_SECRETS client_secrets.json --help false --version false --showHidden false --USE_JDK_DEFLATER false --USE_JDK_INFLATER false
## htsjdk.samtools.metrics.StringHeader
# Started on: Sun May 03 14:54:23 UTC 2020

## METRICS CLASS	picard.analysis.InsertSizeMetrics
MEDIAN_INSERT_SIZE	MODE_INSERT_SIZE	MEDIAN_ABSOLUTE_DEVIATION	MIN_INSERT_SIZE	MAX_INSERT_SIZE	MEAN_INSERT_SIZE	STANDARD_DEVIATION	READ_PAIRS	PAIR_ORIENTATION	WIDTH_OF_10_PERCENT	WIDTH_OF_20_PERCENT	WIDTH_OF_30_PERCENT	WIDTH_OF_40_PERCENT	WIDTH_OF_50_PERCENT	WIDTH_OF_60_PERCENT	WIDTH_OF_70_PERCENT	WIDTH_OF_80_PERCENT	WIDTH_OF_90_PERCENT	WIDTH_OF_95_PERCENT	WIDTH_OF_99_PERCENT	SAMPLE	LIBRARY	READ_GROUP
167	167	11	85	249	166.94114	19.743867	33542403	FR	5	9	13	17	23	29	37	49	67	85	119			

## HISTOGRAM	java.lang.Integer
insert_size	All_Reads.fr_count
85	973
86	1144
87	933
88	1247
89	2033
90	2047
91	2408
92	2660
93	2750
94	2907
95	3034
96	3579
97	3170
98	3480
99	8562
100	9659
101	10530
102	11173
103	11952
104	11956
105	12092
106	12667
107	14116
108	16089
109	19208
110	23591
111	26697
112	27807
113	25821
114	24420
115	24844
116	27180
117	29909
118	34133
119	39838
120	49575
121	64392
122	77097
123	76780
124	63501
125	52330
126	50255
127	53997
128	60341
129	69226
130	83252
131	105609
132	139009
133	172983
134	180237
135	159570
136	140698
137	145283
138	169025
139	209713
140	257723
141	296545
142	310340
143	308348
144	311018
145	314898
146	314346
147	318727
148	334797
149	357278
150	384917
151	415490
152	441211
153	443365
154	425697
155	422176
156	443016
157	485266
158	543816
159	603109
160	652603
161	682205
162	711845
163	769746
164	861387
165	951555
166	991499
167	995957
168	975359
169	942472
170	892147
171	838076
172	794677
173	769200
174	758249
175	745895
176	724503
177	683923
178	635521
179	579735
180	527350
181	477708
182	434838
183	400795
184	371596
185	349790
186	331425
187	313809
188	296551
189	275560
190	253329
191	230051
192	208971
193	191445
194	174618
195	162914
196	152811
197	144486
198	138050
199	131777
200	124226
201	114627
202	106042
203	97620
204	89718
205	82979
206	77380
207	72669
208	68913
209	65107
210	61164
211	57107
212	53210
213	48692
214	44756
215	40634
216	37492
217	35054
218	33284
219	31204
220	29751
221	27713
222	25309
223	23558
224	21704
225	20025
226	18289
227	17152
228	15649
229	14985
230	14379
231	13225
232	12338
233	11625
234	10781
235	9877
236	9416
237	8742
238	8611
239	8054
240	7644
241	7310
242	7461
243	6618
244	6462
245	6104
246	1279
247	836
248	864
249	771

