## htsjdk.samtools.metrics.StringHeader
# CollectInsertSizeMetrics  --Histogram_FILE pandisease.epifluidlab.cchmc.org/results/20200420-week-17/jhu-cfdna-frag/picard_metrics/EGAR00002027945.hg19.insert_size.pdf --INPUT pandisease.epifluidlab.cchmc.org/results/20200420-week-17/jhu-cfdna-frag/filtered_bam/EGAR00002027945.hg19.filtered.bam --OUTPUT pandisease.epifluidlab.cchmc.org/results/20200420-week-17/jhu-cfdna-frag/picard_metrics/EGAR00002027945.hg19.insert_size.txt  --DEVIATIONS 10.0 --MINIMUM_PCT 0.05 --METRIC_ACCUMULATION_LEVEL ALL_READS --INCLUDE_DUPLICATES false --ASSUME_SORTED true --STOP_AFTER 0 --VERBOSITY INFO --QUIET false --VALIDATION_STRINGENCY STRICT --COMPRESSION_LEVEL 5 --MAX_RECORDS_IN_RAM 500000 --CREATE_INDEX false --CREATE_MD5_FILE false --GA4GH_CLIENT_SECRETS client_secrets.json --help false --version false --showHidden false --USE_JDK_DEFLATER false --USE_JDK_INFLATER false
## htsjdk.samtools.metrics.StringHeader
# Started on: Sun May 03 15:49:02 UTC 2020

## METRICS CLASS	picard.analysis.InsertSizeMetrics
MEDIAN_INSERT_SIZE	MODE_INSERT_SIZE	MEDIAN_ABSOLUTE_DEVIATION	MIN_INSERT_SIZE	MAX_INSERT_SIZE	MEAN_INSERT_SIZE	STANDARD_DEVIATION	READ_PAIRS	PAIR_ORIENTATION	WIDTH_OF_10_PERCENT	WIDTH_OF_20_PERCENT	WIDTH_OF_30_PERCENT	WIDTH_OF_40_PERCENT	WIDTH_OF_50_PERCENT	WIDTH_OF_60_PERCENT	WIDTH_OF_70_PERCENT	WIDTH_OF_80_PERCENT	WIDTH_OF_90_PERCENT	WIDTH_OF_95_PERCENT	WIDTH_OF_99_PERCENT	SAMPLE	LIBRARY	READ_GROUP
166	166	12	79	254	165.780692	20.904307	23299851	FR	5	9	13	19	25	31	41	51	69	89	125			

## HISTOGRAM	java.lang.Integer
insert_size	All_Reads.fr_count
79	124
80	1570
81	1462
82	1470
83	1761
84	2280
85	2028
86	2014
87	1784
88	2158
89	2248
90	2744
91	2799
92	2391
93	2453
94	2765
95	2760
96	3338
97	2942
98	2961
99	7863
100	8657
101	9533
102	9915
103	10556
104	10850
105	10719
106	11138
107	12620
108	13982
109	16836
110	20878
111	24871
112	26109
113	23834
114	22221
115	22240
116	23554
117	25967
118	29418
119	35281
120	44823
121	59051
122	71548
123	71545
124	58135
125	46954
126	44042
127	46914
128	51575
129	59380
130	72113
131	90100
132	117256
133	145002
134	151331
135	133097
136	116817
137	118450
138	135483
139	165592
140	204143
141	233291
142	242201
143	240238
144	240734
145	242574
146	240486
147	240651
148	250026
149	265884
150	284665
151	308672
152	327975
153	328288
154	313241
155	308634
156	320822
157	345906
158	380570
159	417632
160	449766
161	467926
162	482982
163	518527
164	575822
165	630136
166	649694
167	644244
168	627324
169	600351
170	566983
171	531616
172	502068
173	486047
174	476981
175	469070
176	453793
177	432482
178	404655
179	372589
180	342864
181	312719
182	285865
183	264291
184	246565
185	231484
186	221435
187	211445
188	201019
189	188781
190	175343
191	160932
192	146514
193	134156
194	123993
195	115233
196	107516
197	102286
198	98211
199	93479
200	88181
201	82173
202	75778
203	69965
204	64228
205	59027
206	55410
207	51670
208	48253
209	45632
210	43313
211	40995
212	37589
213	34982
214	32129
215	29396
216	27365
217	24991
218	23240
219	22128
220	20794
221	19352
222	18233
223	16830
224	15367
225	14053
226	12949
227	12251
228	11346
229	10704
230	10377
231	9410
232	8921
233	8182
234	7701
235	7228
236	6605
237	6009
238	5773
239	5629
240	5432
241	5402
242	5116
243	4752
244	4582
245	4420
246	4118
247	4483
248	3602
249	3058
250	3342
251	2894
252	109
253	166
254	94

