## htsjdk.samtools.metrics.StringHeader
# CollectInsertSizeMetrics  --Histogram_FILE pandisease.epifluidlab.cchmc.org/results/20200420-week-17/jhu-cfdna-frag/picard_metrics/EGAR00002028091.hg19.insert_size.pdf --INPUT pandisease.epifluidlab.cchmc.org/results/20200420-week-17/jhu-cfdna-frag/filtered_bam/EGAR00002028091.hg19.filtered.bam --OUTPUT pandisease.epifluidlab.cchmc.org/results/20200420-week-17/jhu-cfdna-frag/picard_metrics/EGAR00002028091.hg19.insert_size.txt  --DEVIATIONS 10.0 --MINIMUM_PCT 0.05 --METRIC_ACCUMULATION_LEVEL ALL_READS --INCLUDE_DUPLICATES false --ASSUME_SORTED true --STOP_AFTER 0 --VERBOSITY INFO --QUIET false --VALIDATION_STRINGENCY STRICT --COMPRESSION_LEVEL 5 --MAX_RECORDS_IN_RAM 500000 --CREATE_INDEX false --CREATE_MD5_FILE false --GA4GH_CLIENT_SECRETS client_secrets.json --help false --version false --showHidden false --USE_JDK_DEFLATER false --USE_JDK_INFLATER false
## htsjdk.samtools.metrics.StringHeader
# Started on: Sun May 03 02:38:07 UTC 2020

## METRICS CLASS	picard.analysis.InsertSizeMetrics
MEDIAN_INSERT_SIZE	MODE_INSERT_SIZE	MEDIAN_ABSOLUTE_DEVIATION	MIN_INSERT_SIZE	MAX_INSERT_SIZE	MEAN_INSERT_SIZE	STANDARD_DEVIATION	READ_PAIRS	PAIR_ORIENTATION	WIDTH_OF_10_PERCENT	WIDTH_OF_20_PERCENT	WIDTH_OF_30_PERCENT	WIDTH_OF_40_PERCENT	WIDTH_OF_50_PERCENT	WIDTH_OF_60_PERCENT	WIDTH_OF_70_PERCENT	WIDTH_OF_80_PERCENT	WIDTH_OF_90_PERCENT	WIDTH_OF_95_PERCENT	WIDTH_OF_99_PERCENT	SAMPLE	LIBRARY	READ_GROUP
168	167	11	84	252	167.197867	20.169639	147927938	FR	5	9	13	17	23	31	39	51	69	87	123			

## HISTOGRAM	java.lang.Integer
insert_size	All_Reads.fr_count
84	8
85	6162
86	6426
87	5305
88	6822
89	8219
90	8144
91	8137
92	7763
93	8251
94	10328
95	10289
96	10922
97	9581
98	10403
99	46397
100	56714
101	63957
102	67590
103	68922
104	68461
105	68408
106	75763
107	86606
108	97849
109	113755
110	136673
111	156252
112	159271
113	144528
114	136592
115	138757
116	149407
117	165231
118	183998
119	209085
120	252323
121	315326
122	367955
123	358030
124	292174
125	242074
126	234463
127	250048
128	276345
129	314003
130	372067
131	466696
132	604562
133	734118
134	759678
135	673830
136	604591
137	631042
138	739673
139	900564
140	1091702
141	1239929
142	1285762
143	1283626
144	1292051
145	1316987
146	1319023
147	1345424
148	1420612
149	1518054
150	1624098
151	1749461
152	1857443
153	1859712
154	1797820
155	1795445
156	1903659
157	2094524
158	2341798
159	2586633
160	2772648
161	2897251
162	3028614
163	3290409
164	3715112
165	4124287
166	4305308
167	4313041
168	4221190
169	4069264
170	3857395
171	3625588
172	3447994
173	3370553
174	3353628
175	3342625
176	3268282
177	3113207
178	2891697
179	2640433
180	2400011
181	2171629
182	1983451
183	1833742
184	1715118
185	1631634
186	1555064
187	1485498
188	1400643
189	1301491
190	1191842
191	1083824
192	980567
193	893019
194	820918
195	762756
196	717850
197	683008
198	648777
199	614547
200	574729
201	534262
202	489983
203	447194
204	411618
205	378870
206	352750
207	333108
208	312855
209	295885
210	277657
211	259876
212	238576
213	219339
214	200514
215	184377
216	169514
217	157547
218	147711
219	139014
220	131374
221	122166
222	113585
223	104375
224	95087
225	86846
226	80281
227	74723
228	70567
229	66518
230	62491
231	58852
232	54533
233	50352
234	46879
235	43783
236	40284
237	37600
238	35983
239	34595
240	33646
241	32614
242	30874
243	29548
244	27973
245	30332
246	24316
247	11128
248	11376
249	9813
250	626
251	643
252	580

