## htsjdk.samtools.metrics.StringHeader
# CollectInsertSizeMetrics  --Histogram_FILE pandisease.epifluidlab.cchmc.org/results/20200420-week-17/jhu-cfdna-frag/picard_metrics/EGAR00002028049.hg19.insert_size.pdf --INPUT pandisease.epifluidlab.cchmc.org/results/20200420-week-17/jhu-cfdna-frag/filtered_bam/EGAR00002028049.hg19.filtered.bam --OUTPUT pandisease.epifluidlab.cchmc.org/results/20200420-week-17/jhu-cfdna-frag/picard_metrics/EGAR00002028049.hg19.insert_size.txt  --DEVIATIONS 10.0 --MINIMUM_PCT 0.05 --METRIC_ACCUMULATION_LEVEL ALL_READS --INCLUDE_DUPLICATES false --ASSUME_SORTED true --STOP_AFTER 0 --VERBOSITY INFO --QUIET false --VALIDATION_STRINGENCY STRICT --COMPRESSION_LEVEL 5 --MAX_RECORDS_IN_RAM 500000 --CREATE_INDEX false --CREATE_MD5_FILE false --GA4GH_CLIENT_SECRETS client_secrets.json --help false --version false --showHidden false --USE_JDK_DEFLATER false --USE_JDK_INFLATER false
## htsjdk.samtools.metrics.StringHeader
# Started on: Sun May 03 15:07:16 UTC 2020

## METRICS CLASS	picard.analysis.InsertSizeMetrics
MEDIAN_INSERT_SIZE	MODE_INSERT_SIZE	MEDIAN_ABSOLUTE_DEVIATION	MIN_INSERT_SIZE	MAX_INSERT_SIZE	MEAN_INSERT_SIZE	STANDARD_DEVIATION	READ_PAIRS	PAIR_ORIENTATION	WIDTH_OF_10_PERCENT	WIDTH_OF_20_PERCENT	WIDTH_OF_30_PERCENT	WIDTH_OF_40_PERCENT	WIDTH_OF_50_PERCENT	WIDTH_OF_60_PERCENT	WIDTH_OF_70_PERCENT	WIDTH_OF_80_PERCENT	WIDTH_OF_90_PERCENT	WIDTH_OF_95_PERCENT	WIDTH_OF_99_PERCENT	SAMPLE	LIBRARY	READ_GROUP
166	166	11	84	245	165.517524	19.706207	37452024	FR	5	7	13	17	23	29	37	49	67	85	121			

## HISTOGRAM	java.lang.Integer
insert_size	All_Reads.fr_count
84	2225
85	2018
86	2057
87	1770
88	2533
89	2493
90	3099
91	3082
92	2660
93	2917
94	3589
95	3705
96	3939
97	3213
98	3598
99	14876
100	17332
101	18694
102	19529
103	19624
104	19804
105	19434
106	21350
107	24235
108	27002
109	30837
110	37013
111	42196
112	42954
113	38921
114	35764
115	36290
116	38849
117	42837
118	47923
119	54793
120	67462
121	87915
122	103917
123	101361
124	81147
125	64951
126	61536
127	65595
128	72397
129	82476
130	100687
131	127957
132	168836
133	207212
134	213090
135	186662
136	164816
137	173535
138	205935
139	257022
140	312101
141	352929
142	361259
143	353510
144	352145
145	352044
146	346985
147	353180
148	375571
149	407998
150	440918
151	479733
152	511283
153	511014
154	490806
155	490289
156	520259
157	574338
158	646256
159	716449
160	768772
161	801355
162	835615
163	907382
164	1030292
165	1135286
166	1168336
167	1152566
168	1113252
169	1055041
170	981919
171	910677
172	850246
173	819072
174	799700
175	788747
176	765316
177	725534
178	671509
179	615021
180	555311
181	501437
182	454732
183	416070
184	384008
185	362731
186	343724
187	326111
188	307844
189	286461
190	262063
191	237584
192	214302
193	194271
194	175498
195	163288
196	152461
197	143377
198	134676
199	127344
200	119160
201	110502
202	101063
203	93060
204	84896
205	77940
206	71525
207	67064
208	63224
209	59661
210	56160
211	52759
212	48351
213	44616
214	40293
215	36887
216	34021
217	31943
218	29858
219	27944
220	26481
221	24765
222	22720
223	21060
224	19390
225	17690
226	16091
227	15202
228	14402
229	13409
230	12967
231	11965
232	11324
233	10627
234	9887
235	9086
236	8622
237	8026
238	7932
239	7499
240	7349
241	7094
242	7008
243	7014
244	6940
245	885

