## htsjdk.samtools.metrics.StringHeader
# CollectInsertSizeMetrics  --Histogram_FILE pandisease.epifluidlab.cchmc.org/results/20200420-week-17/jhu-cfdna-frag/picard_metrics/EGAR00002027974.hg19.insert_size.pdf --INPUT pandisease.epifluidlab.cchmc.org/results/20200420-week-17/jhu-cfdna-frag/filtered_bam/EGAR00002027974.hg19.filtered.bam --OUTPUT pandisease.epifluidlab.cchmc.org/results/20200420-week-17/jhu-cfdna-frag/picard_metrics/EGAR00002027974.hg19.insert_size.txt  --DEVIATIONS 10.0 --MINIMUM_PCT 0.05 --METRIC_ACCUMULATION_LEVEL ALL_READS --INCLUDE_DUPLICATES false --ASSUME_SORTED true --STOP_AFTER 0 --VERBOSITY INFO --QUIET false --VALIDATION_STRINGENCY STRICT --COMPRESSION_LEVEL 5 --MAX_RECORDS_IN_RAM 500000 --CREATE_INDEX false --CREATE_MD5_FILE false --GA4GH_CLIENT_SECRETS client_secrets.json --help false --version false --showHidden false --USE_JDK_DEFLATER false --USE_JDK_INFLATER false
## htsjdk.samtools.metrics.StringHeader
# Started on: Sun May 03 14:52:07 UTC 2020

## METRICS CLASS	picard.analysis.InsertSizeMetrics
MEDIAN_INSERT_SIZE	MODE_INSERT_SIZE	MEDIAN_ABSOLUTE_DEVIATION	MIN_INSERT_SIZE	MAX_INSERT_SIZE	MEAN_INSERT_SIZE	STANDARD_DEVIATION	READ_PAIRS	PAIR_ORIENTATION	WIDTH_OF_10_PERCENT	WIDTH_OF_20_PERCENT	WIDTH_OF_30_PERCENT	WIDTH_OF_40_PERCENT	WIDTH_OF_50_PERCENT	WIDTH_OF_60_PERCENT	WIDTH_OF_70_PERCENT	WIDTH_OF_80_PERCENT	WIDTH_OF_90_PERCENT	WIDTH_OF_95_PERCENT	WIDTH_OF_99_PERCENT	SAMPLE	LIBRARY	READ_GROUP
169	167	11	88	256	169.908306	19.366262	38502991	FR	5	9	13	17	23	29	37	49	65	81	119			

## HISTOGRAM	java.lang.Integer
insert_size	All_Reads.fr_count
88	46
89	54
90	65
91	2617
92	2377
93	2518
94	2708
95	3027
96	3486
97	2975
98	3335
99	6996
100	7429
101	8599
102	8596
103	8715
104	9145
105	9048
106	9960
107	11450
108	12047
109	13948
110	16051
111	17743
112	18402
113	17989
114	17390
115	18001
116	19355
117	21382
118	24105
119	28316
120	35354
121	44487
122	52995
123	52228
124	44068
125	36787
126	35947
127	39385
128	43922
129	50177
130	61276
131	79077
132	105487
133	131770
134	137969
135	123530
136	111815
137	120325
138	143994
139	183529
140	231107
141	273010
142	291379
143	294814
144	300139
145	305032
146	306391
147	313073
148	333533
149	361033
150	393044
151	429800
152	461531
153	465692
154	448978
155	448982
156	477244
157	529145
158	595690
159	663000
160	718175
161	751980
162	786998
163	848203
164	948506
165	1048579
166	1100039
167	1113673
168	1103671
169	1074422
170	1028096
171	975724
172	929391
173	911706
174	900990
175	897119
176	881844
177	846462
178	795992
179	738278
180	682235
181	624537
182	575364
183	534186
184	503519
185	480919
186	463450
187	445366
188	424781
189	398808
190	368689
191	337447
192	307045
193	281174
194	257971
195	241731
196	226734
197	216342
198	207033
199	194976
200	182254
201	169486
202	155232
203	142183
204	130175
205	120095
206	112097
207	104569
208	97878
209	92472
210	87486
211	80925
212	74979
213	68201
214	62587
215	57119
216	52023
217	48571
218	45498
219	42976
220	40182
221	37813
222	34471
223	31479
224	28987
225	26550
226	24446
227	22782
228	20889
229	19786
230	18820
231	17428
232	16113
233	15135
234	13663
235	12519
236	11772
237	10993
238	10359
239	10040
240	9687
241	9172
242	8843
243	8460
244	8881
245	7162
246	5996
247	5733
248	5613
249	5286
250	4175
251	4224
252	4207
253	2941
254	1623
255	1656
256	1530

