## htsjdk.samtools.metrics.StringHeader
# CollectInsertSizeMetrics  --Histogram_FILE pandisease.epifluidlab.cchmc.org/results/20200420-week-17/jhu-cfdna-frag/picard_metrics/EGAR00002027922.hg19.insert_size.pdf --INPUT pandisease.epifluidlab.cchmc.org/results/20200420-week-17/jhu-cfdna-frag/filtered_bam/EGAR00002027922.hg19.filtered.bam --OUTPUT pandisease.epifluidlab.cchmc.org/results/20200420-week-17/jhu-cfdna-frag/picard_metrics/EGAR00002027922.hg19.insert_size.txt  --DEVIATIONS 10.0 --MINIMUM_PCT 0.05 --METRIC_ACCUMULATION_LEVEL ALL_READS --INCLUDE_DUPLICATES false --ASSUME_SORTED true --STOP_AFTER 0 --VERBOSITY INFO --QUIET false --VALIDATION_STRINGENCY STRICT --COMPRESSION_LEVEL 5 --MAX_RECORDS_IN_RAM 500000 --CREATE_INDEX false --CREATE_MD5_FILE false --GA4GH_CLIENT_SECRETS client_secrets.json --help false --version false --showHidden false --USE_JDK_DEFLATER false --USE_JDK_INFLATER false
## htsjdk.samtools.metrics.StringHeader
# Started on: Sun May 03 15:23:29 UTC 2020

## METRICS CLASS	picard.analysis.InsertSizeMetrics
MEDIAN_INSERT_SIZE	MODE_INSERT_SIZE	MEDIAN_ABSOLUTE_DEVIATION	MIN_INSERT_SIZE	MAX_INSERT_SIZE	MEAN_INSERT_SIZE	STANDARD_DEVIATION	READ_PAIRS	PAIR_ORIENTATION	WIDTH_OF_10_PERCENT	WIDTH_OF_20_PERCENT	WIDTH_OF_30_PERCENT	WIDTH_OF_40_PERCENT	WIDTH_OF_50_PERCENT	WIDTH_OF_60_PERCENT	WIDTH_OF_70_PERCENT	WIDTH_OF_80_PERCENT	WIDTH_OF_90_PERCENT	WIDTH_OF_95_PERCENT	WIDTH_OF_99_PERCENT	SAMPLE	LIBRARY	READ_GROUP
166	166	12	76	258	165.945903	21.326718	34780130	FR	5	9	13	19	25	33	41	53	71	89	127			

## HISTOGRAM	java.lang.Integer
insert_size	All_Reads.fr_count
76	41
77	59
78	47
79	72
80	1783
81	1645
82	1749
83	2071
84	2836
85	2380
86	2489
87	2079
88	2456
89	2636
90	3253
91	2973
92	2806
93	2916
94	3180
95	3336
96	4001
97	3343
98	3710
99	12765
100	14481
101	16552
102	16863
103	17936
104	17491
105	17314
106	18108
107	20109
108	22247
109	26596
110	33210
111	39076
112	40652
113	36522
114	33229
115	33076
116	35234
117	38595
118	43787
119	52627
120	66841
121	89651
122	107801
123	106555
124	84940
125	66263
126	61233
127	65099
128	71426
129	83496
130	102510
131	132091
132	176620
133	222981
134	232478
135	201310
136	171587
137	173097
138	200227
139	250199
140	312595
141	363889
142	380362
143	374809
144	374387
145	376511
146	366643
147	361221
148	370213
149	392046
150	424142
151	466088
152	502094
153	501680
154	474738
155	464302
156	481260
157	519904
158	571152
159	626715
160	673941
161	701018
162	727996
163	775673
164	854293
165	923050
166	947155
167	940065
168	915792
169	880924
170	832853
171	782556
172	734926
173	707949
174	688015
175	670274
176	649830
177	618030
178	579127
179	538971
180	498734
181	456519
182	420167
183	388335
184	362769
185	341050
186	325830
187	310534
188	297076
189	280824
190	262755
191	242921
192	224106
193	206108
194	188788
195	176303
196	165562
197	157192
198	150296
199	145032
200	137200
201	129444
202	120146
203	110833
204	101900
205	94024
206	87832
207	82451
208	78127
209	74021
210	70236
211	66633
212	62309
213	57572
214	52918
215	48689
216	44811
217	41482
218	39045
219	36960
220	34691
221	32793
222	30654
223	28583
224	26361
225	23859
226	21974
227	20502
228	19060
229	18326
230	17183
231	16163
232	14929
233	14032
234	12964
235	12174
236	11260
237	10488
238	9894
239	9371
240	9102
241	8590
242	8366
243	7756
244	7426
245	7025
246	6594
247	6910
248	5742
249	4901
250	4667
251	4604
252	4320
253	4281
254	4319
255	3960
256	2372
257	2314
258	2161

