## htsjdk.samtools.metrics.StringHeader
# CollectInsertSizeMetrics  --Histogram_FILE pandisease.epifluidlab.cchmc.org/results/20200420-week-17/jhu-cfdna-frag/picard_metrics/EGAR00002027950.hg19.insert_size.pdf --INPUT pandisease.epifluidlab.cchmc.org/results/20200420-week-17/jhu-cfdna-frag/filtered_bam/EGAR00002027950.hg19.filtered.bam --OUTPUT pandisease.epifluidlab.cchmc.org/results/20200420-week-17/jhu-cfdna-frag/picard_metrics/EGAR00002027950.hg19.insert_size.txt  --DEVIATIONS 10.0 --MINIMUM_PCT 0.05 --METRIC_ACCUMULATION_LEVEL ALL_READS --INCLUDE_DUPLICATES false --ASSUME_SORTED true --STOP_AFTER 0 --VERBOSITY INFO --QUIET false --VALIDATION_STRINGENCY STRICT --COMPRESSION_LEVEL 5 --MAX_RECORDS_IN_RAM 500000 --CREATE_INDEX false --CREATE_MD5_FILE false --GA4GH_CLIENT_SECRETS client_secrets.json --help false --version false --showHidden false --USE_JDK_DEFLATER false --USE_JDK_INFLATER false
## htsjdk.samtools.metrics.StringHeader
# Started on: Sun May 03 15:48:15 UTC 2020

## METRICS CLASS	picard.analysis.InsertSizeMetrics
MEDIAN_INSERT_SIZE	MODE_INSERT_SIZE	MEDIAN_ABSOLUTE_DEVIATION	MIN_INSERT_SIZE	MAX_INSERT_SIZE	MEAN_INSERT_SIZE	STANDARD_DEVIATION	READ_PAIRS	PAIR_ORIENTATION	WIDTH_OF_10_PERCENT	WIDTH_OF_20_PERCENT	WIDTH_OF_30_PERCENT	WIDTH_OF_40_PERCENT	WIDTH_OF_50_PERCENT	WIDTH_OF_60_PERCENT	WIDTH_OF_70_PERCENT	WIDTH_OF_80_PERCENT	WIDTH_OF_90_PERCENT	WIDTH_OF_95_PERCENT	WIDTH_OF_99_PERCENT	SAMPLE	LIBRARY	READ_GROUP
167	167	12	81	252	166.552209	20.757055	25182012	FR	5	9	13	19	25	31	41	51	69	89	125			

## HISTOGRAM	java.lang.Integer
insert_size	All_Reads.fr_count
81	1252
82	1267
83	1508
84	2128
85	2271
86	2322
87	1910
88	2269
89	2409
90	2529
91	2755
92	2595
93	2814
94	2935
95	3108
96	3161
97	3106
98	3522
99	9126
100	10044
101	11072
102	11427
103	11902
104	12658
105	12788
106	13328
107	15124
108	16531
109	19414
110	23496
111	26677
112	28186
113	26523
114	25110
115	25825
116	27609
117	29900
118	33936
119	39478
120	47185
121	58956
122	67679
123	66522
124	56611
125	47681
126	46741
127	49303
128	54501
129	61657
130	72528
131	88922
132	112327
133	136277
134	141552
135	127380
136	115078
137	118272
138	135742
139	163989
140	198246
141	225425
142	235211
143	237598
144	242182
145	246762
146	245358
147	246974
148	260097
149	274823
150	293223
151	314437
152	334269
153	334898
154	323113
155	320347
156	332491
157	359833
158	397242
159	439750
160	471629
161	493397
162	514799
163	552841
164	611454
165	664171
166	687846
167	690684
168	680199
169	659903
170	631257
171	598154
172	571310
173	554763
174	547481
175	539227
176	525126
177	500329
178	465369
179	429976
180	393568
181	359556
182	330553
183	305950
184	287810
185	271249
186	258340
187	245813
188	232998
189	218225
190	203054
191	185501
192	168586
193	155398
194	142467
195	132257
196	124964
197	117900
198	111751
199	105720
200	98277
201	91121
202	84183
203	76631
204	70412
205	64703
206	60273
207	56287
208	53002
209	49807
210	46535
211	43683
212	40217
213	36882
214	33903
215	31445
216	29070
217	26787
218	24812
219	23289
220	21941
221	20475
222	19201
223	17609
224	16302
225	14936
226	13736
227	12936
228	11820
229	11200
230	10763
231	9844
232	9194
233	8587
234	8110
235	7602
236	6884
237	6621
238	6051
239	5798
240	5735
241	5292
242	5233
243	5023
244	4570
245	4310
246	4061
247	3909
248	4277
249	3539
250	2814
251	2983
252	2565

