## htsjdk.samtools.metrics.StringHeader
# CollectInsertSizeMetrics  --Histogram_FILE pandisease.epifluidlab.cchmc.org/results/20200420-week-17/jhu-cfdna-frag/picard_metrics/EGAR00002027917.hg19.insert_size.pdf --INPUT pandisease.epifluidlab.cchmc.org/results/20200420-week-17/jhu-cfdna-frag/filtered_bam/EGAR00002027917.hg19.filtered.bam --OUTPUT pandisease.epifluidlab.cchmc.org/results/20200420-week-17/jhu-cfdna-frag/picard_metrics/EGAR00002027917.hg19.insert_size.txt  --DEVIATIONS 10.0 --MINIMUM_PCT 0.05 --METRIC_ACCUMULATION_LEVEL ALL_READS --INCLUDE_DUPLICATES false --ASSUME_SORTED true --STOP_AFTER 0 --VERBOSITY INFO --QUIET false --VALIDATION_STRINGENCY STRICT --COMPRESSION_LEVEL 5 --MAX_RECORDS_IN_RAM 500000 --CREATE_INDEX false --CREATE_MD5_FILE false --GA4GH_CLIENT_SECRETS client_secrets.json --help false --version false --showHidden false --USE_JDK_DEFLATER false --USE_JDK_INFLATER false
## htsjdk.samtools.metrics.StringHeader
# Started on: Sun May 03 01:13:27 UTC 2020

## METRICS CLASS	picard.analysis.InsertSizeMetrics
MEDIAN_INSERT_SIZE	MODE_INSERT_SIZE	MEDIAN_ABSOLUTE_DEVIATION	MIN_INSERT_SIZE	MAX_INSERT_SIZE	MEAN_INSERT_SIZE	STANDARD_DEVIATION	READ_PAIRS	PAIR_ORIENTATION	WIDTH_OF_10_PERCENT	WIDTH_OF_20_PERCENT	WIDTH_OF_30_PERCENT	WIDTH_OF_40_PERCENT	WIDTH_OF_50_PERCENT	WIDTH_OF_60_PERCENT	WIDTH_OF_70_PERCENT	WIDTH_OF_80_PERCENT	WIDTH_OF_90_PERCENT	WIDTH_OF_95_PERCENT	WIDTH_OF_99_PERCENT	SAMPLE	LIBRARY	READ_GROUP
167	166	11	83	251	166.112089	19.984288	83119097	FR	5	9	13	17	23	31	39	49	67	85	121			

## HISTOGRAM	java.lang.Integer
insert_size	All_Reads.fr_count
83	10
84	4995
85	4367
86	4764
87	4301
88	4929
89	6384
90	6037
91	5705
92	5400
93	5567
94	7232
95	7486
96	7598
97	6528
98	7327
99	26108
100	31430
101	34565
102	35883
103	36583
104	36673
105	35753
106	37534
107	43535
108	48929
109	58684
110	71272
111	82636
112	85858
113	77246
114	72990
115	73808
116	78365
117	85806
118	97209
119	114414
120	144692
121	186149
122	221379
123	216350
124	175280
125	142328
126	135712
127	145114
128	159261
129	181908
130	219113
131	277264
132	366391
133	452272
134	469307
135	416986
136	370717
137	382231
138	446387
139	549711
140	674391
141	777104
142	815690
143	811766
144	825678
145	837800
146	835878
147	842546
148	878197
149	932096
150	996012
151	1074688
152	1144159
153	1145360
154	1106841
155	1095855
156	1141147
157	1234919
158	1364834
159	1504230
160	1616260
161	1690578
162	1771789
163	1916627
164	2136943
165	2337319
166	2413736
167	2406535
168	2356706
169	2271228
170	2155099
171	2024345
172	1912123
173	1845797
174	1802245
175	1769782
176	1717790
177	1625316
178	1511939
179	1385530
180	1262583
181	1147336
182	1049231
183	964796
184	900641
185	847972
186	802513
187	763788
188	718667
189	669062
190	614892
191	562702
192	511341
193	466189
194	427260
195	396414
196	370309
197	347421
198	330405
199	312130
200	290891
201	270892
202	248898
203	227005
204	209552
205	193032
206	178613
207	166298
208	157130
209	148486
210	139326
211	129610
212	120479
213	110303
214	101635
215	92893
216	85929
217	79348
218	74449
219	70690
220	66291
221	61841
222	56728
223	52125
224	48773
225	44241
226	40480
227	38259
228	35606
229	33432
230	31429
231	29545
232	27667
233	25861
234	24022
235	21856
236	20640
237	18866
238	18164
239	17981
240	16852
241	16071
242	15435
243	14797
244	15893
245	12962
246	10774
247	10373
248	9723
249	659
250	676
251	623

