## htsjdk.samtools.metrics.StringHeader
# CollectInsertSizeMetrics  --Histogram_FILE pandisease.epifluidlab.cchmc.org/results/20200420-week-17/jhu-cfdna-frag/picard_metrics/EGAR00002027946.hg19.insert_size.pdf --INPUT pandisease.epifluidlab.cchmc.org/results/20200420-week-17/jhu-cfdna-frag/filtered_bam/EGAR00002027946.hg19.filtered.bam --OUTPUT pandisease.epifluidlab.cchmc.org/results/20200420-week-17/jhu-cfdna-frag/picard_metrics/EGAR00002027946.hg19.insert_size.txt  --DEVIATIONS 10.0 --MINIMUM_PCT 0.05 --METRIC_ACCUMULATION_LEVEL ALL_READS --INCLUDE_DUPLICATES false --ASSUME_SORTED true --STOP_AFTER 0 --VERBOSITY INFO --QUIET false --VALIDATION_STRINGENCY STRICT --COMPRESSION_LEVEL 5 --MAX_RECORDS_IN_RAM 500000 --CREATE_INDEX false --CREATE_MD5_FILE false --GA4GH_CLIENT_SECRETS client_secrets.json --help false --version false --showHidden false --USE_JDK_DEFLATER false --USE_JDK_INFLATER false
## htsjdk.samtools.metrics.StringHeader
# Started on: Sun May 03 15:42:31 UTC 2020

## METRICS CLASS	picard.analysis.InsertSizeMetrics
MEDIAN_INSERT_SIZE	MODE_INSERT_SIZE	MEDIAN_ABSOLUTE_DEVIATION	MIN_INSERT_SIZE	MAX_INSERT_SIZE	MEAN_INSERT_SIZE	STANDARD_DEVIATION	READ_PAIRS	PAIR_ORIENTATION	WIDTH_OF_10_PERCENT	WIDTH_OF_20_PERCENT	WIDTH_OF_30_PERCENT	WIDTH_OF_40_PERCENT	WIDTH_OF_50_PERCENT	WIDTH_OF_60_PERCENT	WIDTH_OF_70_PERCENT	WIDTH_OF_80_PERCENT	WIDTH_OF_90_PERCENT	WIDTH_OF_95_PERCENT	WIDTH_OF_99_PERCENT	SAMPLE	LIBRARY	READ_GROUP
169	167	12	83	258	169.277259	20.905927	28358102	FR	5	9	13	19	25	31	41	51	71	89	127			

## HISTOGRAM	java.lang.Integer
insert_size	All_Reads.fr_count
83	639
84	789
85	718
86	687
87	1717
88	2060
89	2267
90	2527
91	2511
92	2202
93	2346
94	2595
95	3011
96	3295
97	2604
98	2885
99	7290
100	7951
101	8929
102	9431
103	9227
104	10077
105	9876
106	10639
107	11898
108	13301
109	15047
110	17865
111	19800
112	20486
113	19720
114	18900
115	20121
116	21751
117	22944
118	25903
119	30021
120	36002
121	45434
122	52745
123	53083
124	45820
125	39489
126	38341
127	41091
128	45982
129	52193
130	61704
131	77523
132	100332
133	124569
134	130972
135	116389
136	105029
137	108675
138	124907
139	153831
140	191090
141	221956
142	232496
143	232505
144	236782
145	241525
146	243810
147	246031
148	258857
149	279659
150	301954
151	332294
152	358481
153	361181
154	346715
155	341674
156	355022
157	388074
158	432880
159	482418
160	524661
161	549427
162	570404
163	604790
164	665474
165	720513
166	750908
167	761488
168	756876
169	740879
170	712024
171	676007
172	643140
173	628440
174	616750
175	611909
176	598726
177	576872
178	544235
179	510453
180	473745
181	437415
182	403582
183	376351
184	353401
185	335463
186	322948
187	310362
188	298160
189	283094
190	264544
191	245372
192	225973
193	208711
194	191234
195	179727
196	169196
197	161712
198	155473
199	148282
200	140126
201	131187
202	122264
203	112497
204	103191
205	95048
206	89287
207	83644
208	79661
209	76114
210	71823
211	67354
212	62308
213	58119
214	53085
215	48829
216	45047
217	41737
218	39198
219	37236
220	35028
221	33124
222	30470
223	28589
224	26411
225	24174
226	22191
227	20553
228	19189
229	18211
230	17355
231	16215
232	14884
233	14072
234	13050
235	12181
236	11271
237	10687
238	9922
239	9383
240	9022
241	8762
242	8433
243	7826
244	7330
245	7091
246	6616
247	6695
248	5963
249	5209
250	5262
251	4959
252	4419
253	4376
254	4535
255	3881
256	245
257	289
258	208

