## htsjdk.samtools.metrics.StringHeader
# CollectInsertSizeMetrics  --Histogram_FILE pandisease.epifluidlab.cchmc.org/results/20200420-week-17/jhu-cfdna-frag/picard_metrics/EGAR00002028000.hg19.insert_size.pdf --INPUT pandisease.epifluidlab.cchmc.org/results/20200420-week-17/jhu-cfdna-frag/filtered_bam/EGAR00002028000.hg19.filtered.bam --OUTPUT pandisease.epifluidlab.cchmc.org/results/20200420-week-17/jhu-cfdna-frag/picard_metrics/EGAR00002028000.hg19.insert_size.txt  --DEVIATIONS 10.0 --MINIMUM_PCT 0.05 --METRIC_ACCUMULATION_LEVEL ALL_READS --INCLUDE_DUPLICATES false --ASSUME_SORTED true --STOP_AFTER 0 --VERBOSITY INFO --QUIET false --VALIDATION_STRINGENCY STRICT --COMPRESSION_LEVEL 5 --MAX_RECORDS_IN_RAM 500000 --CREATE_INDEX false --CREATE_MD5_FILE false --GA4GH_CLIENT_SECRETS client_secrets.json --help false --version false --showHidden false --USE_JDK_DEFLATER false --USE_JDK_INFLATER false
## htsjdk.samtools.metrics.StringHeader
# Started on: Sun May 03 03:37:40 UTC 2020

## METRICS CLASS	picard.analysis.InsertSizeMetrics
MEDIAN_INSERT_SIZE	MODE_INSERT_SIZE	MEDIAN_ABSOLUTE_DEVIATION	MIN_INSERT_SIZE	MAX_INSERT_SIZE	MEAN_INSERT_SIZE	STANDARD_DEVIATION	READ_PAIRS	PAIR_ORIENTATION	WIDTH_OF_10_PERCENT	WIDTH_OF_20_PERCENT	WIDTH_OF_30_PERCENT	WIDTH_OF_40_PERCENT	WIDTH_OF_50_PERCENT	WIDTH_OF_60_PERCENT	WIDTH_OF_70_PERCENT	WIDTH_OF_80_PERCENT	WIDTH_OF_90_PERCENT	WIDTH_OF_95_PERCENT	WIDTH_OF_99_PERCENT	SAMPLE	LIBRARY	READ_GROUP
168	167	11	81	256	167.915934	19.769041	151318621	FR	5	9	13	17	23	29	39	49	67	85	119			

## HISTOGRAM	java.lang.Integer
insert_size	All_Reads.fr_count
81	5
82	5
83	4
84	5
85	22
86	5613
87	4956
88	5489
89	6537
90	7434
91	7409
92	6605
93	7137
94	7667
95	9366
96	9606
97	8568
98	9110
99	38074
100	44758
101	51199
102	54306
103	54835
104	54605
105	54249
106	58333
107	66253
108	76980
109	91067
110	112432
111	130411
112	134281
113	120677
114	111136
115	115565
116	123560
117	136794
118	154822
119	181369
120	226556
121	290486
122	340392
123	332051
124	265280
125	215692
126	204876
127	218857
128	241930
129	276730
130	336097
131	427572
132	562303
133	694162
134	717260
135	632312
136	561216
137	586333
138	693652
139	865586
140	1070779
141	1231357
142	1284867
143	1281635
144	1303003
145	1328910
146	1332647
147	1353373
148	1418840
149	1519755
150	1636644
151	1780019
152	1904364
153	1910278
154	1840776
155	1841603
156	1947623
157	2146401
158	2392505
159	2643520
160	2831928
161	2961196
162	3091087
163	3344520
164	3740903
165	4120915
166	4303013
167	4333795
168	4271391
169	4139270
170	3951092
171	3746971
172	3580903
173	3499328
174	3472738
175	3453217
176	3388644
177	3240746
178	3024159
179	2783750
180	2546363
181	2325883
182	2136249
183	1983473
184	1863279
185	1776100
186	1695301
187	1619001
188	1529782
189	1424154
190	1306415
191	1188333
192	1078680
193	981561
194	901877
195	839455
196	787886
197	744970
198	706273
199	661310
200	616220
201	567762
202	520852
203	474988
204	434945
205	399981
206	370240
207	347420
208	326982
209	304928
210	285254
211	264021
212	243461
213	222707
214	202270
215	186831
216	171301
217	158131
218	148320
219	138236
220	130212
221	121201
222	111596
223	103268
224	94119
225	85595
226	79338
227	73231
228	69057
229	64535
230	60606
231	56071
232	52411
233	48579
234	44921
235	41720
236	38647
237	35660
238	34174
239	33080
240	31655
241	30220
242	29081
243	27187
244	26179
245	25139
246	26694
247	21571
248	13395
249	13682
250	12472
251	926
252	953
253	808
254	128
255	146
256	117

