## htsjdk.samtools.metrics.StringHeader
# CollectInsertSizeMetrics  --Histogram_FILE pandisease.epifluidlab.cchmc.org/results/20200420-week-17/jhu-cfdna-frag/picard_metrics/EGAR00002028033.hg19.insert_size.pdf --INPUT pandisease.epifluidlab.cchmc.org/results/20200420-week-17/jhu-cfdna-frag/filtered_bam/EGAR00002028033.hg19.filtered.bam --OUTPUT pandisease.epifluidlab.cchmc.org/results/20200420-week-17/jhu-cfdna-frag/picard_metrics/EGAR00002028033.hg19.insert_size.txt  --DEVIATIONS 10.0 --MINIMUM_PCT 0.05 --METRIC_ACCUMULATION_LEVEL ALL_READS --INCLUDE_DUPLICATES false --ASSUME_SORTED true --STOP_AFTER 0 --VERBOSITY INFO --QUIET false --VALIDATION_STRINGENCY STRICT --COMPRESSION_LEVEL 5 --MAX_RECORDS_IN_RAM 500000 --CREATE_INDEX false --CREATE_MD5_FILE false --GA4GH_CLIENT_SECRETS client_secrets.json --help false --version false --showHidden false --USE_JDK_DEFLATER false --USE_JDK_INFLATER false
## htsjdk.samtools.metrics.StringHeader
# Started on: Sun May 03 06:33:32 UTC 2020

## METRICS CLASS	picard.analysis.InsertSizeMetrics
MEDIAN_INSERT_SIZE	MODE_INSERT_SIZE	MEDIAN_ABSOLUTE_DEVIATION	MIN_INSERT_SIZE	MAX_INSERT_SIZE	MEAN_INSERT_SIZE	STANDARD_DEVIATION	READ_PAIRS	PAIR_ORIENTATION	WIDTH_OF_10_PERCENT	WIDTH_OF_20_PERCENT	WIDTH_OF_30_PERCENT	WIDTH_OF_40_PERCENT	WIDTH_OF_50_PERCENT	WIDTH_OF_60_PERCENT	WIDTH_OF_70_PERCENT	WIDTH_OF_80_PERCENT	WIDTH_OF_90_PERCENT	WIDTH_OF_95_PERCENT	WIDTH_OF_99_PERCENT	SAMPLE	LIBRARY	READ_GROUP
168	166	10	91	242	167.554093	18.45083	40926652	FR	5	7	11	17	21	27	35	47	61	77	113			

## HISTOGRAM	java.lang.Integer
insert_size	All_Reads.fr_count
91	1
93	2741
94	2751
95	2910
96	3373
97	3271
98	3782
99	9448
100	10312
101	10786
102	12182
103	12344
104	12692
105	12613
106	13044
107	15564
108	16848
109	19412
110	23134
111	25161
112	26422
113	25398
114	24178
115	24431
116	26383
117	28800
118	32996
119	37935
120	47549
121	60203
122	70972
123	69823
124	57300
125	46901
126	45475
127	50613
128	55871
129	65631
130	78998
131	100895
132	133350
133	166519
134	172162
135	153962
136	140170
137	151410
138	182012
139	229552
140	284144
141	324538
142	338874
143	336843
144	338942
145	344495
146	346082
147	356626
148	382998
149	416283
150	452555
151	492657
152	524494
153	523856
154	507392
155	509163
156	546403
157	605998
158	683632
159	762363
160	823193
161	861487
162	904691
163	991014
164	1127405
165	1251047
166	1302108
167	1296203
168	1267548
169	1213762
170	1142413
171	1070171
172	1008295
173	978038
174	964025
175	951204
176	925111
177	876489
178	812937
179	740543
180	669419
181	603489
182	548418
183	503500
184	468838
185	443401
186	421775
187	399478
188	376658
189	351364
190	321802
191	289316
192	261430
193	236968
194	217086
195	200855
196	186426
197	175922
198	167268
199	157124
200	146505
201	134665
202	123087
203	112500
204	102948
205	92836
206	86364
207	80694
208	76132
209	71910
210	67238
211	62739
212	57270
213	52181
214	47755
215	43611
216	40051
217	36839
218	34368
219	31903
220	29951
221	27469
222	25871
223	23779
224	21826
225	19539
226	17960
227	16600
228	15519
229	14895
230	13822
231	12791
232	11927
233	11038
234	10477
235	9770
236	8862
237	8191
238	8019
239	8172
240	1747
241	1065
242	927

