## htsjdk.samtools.metrics.StringHeader
# CollectInsertSizeMetrics  --Histogram_FILE pandisease.epifluidlab.cchmc.org/results/20200420-week-17/jhu-cfdna-frag/picard_metrics/EGAR00002028014.hg19.insert_size.pdf --INPUT pandisease.epifluidlab.cchmc.org/results/20200420-week-17/jhu-cfdna-frag/filtered_bam/EGAR00002028014.hg19.filtered.bam --OUTPUT pandisease.epifluidlab.cchmc.org/results/20200420-week-17/jhu-cfdna-frag/picard_metrics/EGAR00002028014.hg19.insert_size.txt  --DEVIATIONS 10.0 --MINIMUM_PCT 0.05 --METRIC_ACCUMULATION_LEVEL ALL_READS --INCLUDE_DUPLICATES false --ASSUME_SORTED true --STOP_AFTER 0 --VERBOSITY INFO --QUIET false --VALIDATION_STRINGENCY STRICT --COMPRESSION_LEVEL 5 --MAX_RECORDS_IN_RAM 500000 --CREATE_INDEX false --CREATE_MD5_FILE false --GA4GH_CLIENT_SECRETS client_secrets.json --help false --version false --showHidden false --USE_JDK_DEFLATER false --USE_JDK_INFLATER false
## htsjdk.samtools.metrics.StringHeader
# Started on: Sun May 03 14:51:57 UTC 2020

## METRICS CLASS	picard.analysis.InsertSizeMetrics
MEDIAN_INSERT_SIZE	MODE_INSERT_SIZE	MEDIAN_ABSOLUTE_DEVIATION	MIN_INSERT_SIZE	MAX_INSERT_SIZE	MEAN_INSERT_SIZE	STANDARD_DEVIATION	READ_PAIRS	PAIR_ORIENTATION	WIDTH_OF_10_PERCENT	WIDTH_OF_20_PERCENT	WIDTH_OF_30_PERCENT	WIDTH_OF_40_PERCENT	WIDTH_OF_50_PERCENT	WIDTH_OF_60_PERCENT	WIDTH_OF_70_PERCENT	WIDTH_OF_80_PERCENT	WIDTH_OF_90_PERCENT	WIDTH_OF_95_PERCENT	WIDTH_OF_99_PERCENT	SAMPLE	LIBRARY	READ_GROUP
167	167	12	77	259	166.352729	21.096248	36309365	FR	5	9	13	19	25	33	41	53	71	89	127			

## HISTOGRAM	java.lang.Integer
insert_size	All_Reads.fr_count
77	75
78	107
79	231
80	258
81	1858
82	2037
83	2055
84	2308
85	2351
86	2501
87	2142
88	2699
89	2799
90	2836
91	3450
92	2915
93	3125
94	3291
95	3532
96	3814
97	3566
98	3734
99	11722
100	13429
101	15247
102	15938
103	16282
104	17105
105	16813
106	17330
107	19804
108	22601
109	27086
110	34198
111	39680
112	41743
113	38237
114	34837
115	35105
116	38213
117	42006
118	47628
119	56154
120	70739
121	91924
122	108796
123	106820
124	86142
125	69251
126	64942
127	69578
128	77206
129	88847
130	108856
131	137616
132	180027
133	220780
134	228779
135	201971
136	175097
137	177071
138	204459
139	251532
140	311074
141	357764
142	371993
143	367914
144	370451
145	372793
146	366706
147	365049
148	377552
149	398856
150	427584
151	464568
152	494389
153	494170
154	471133
155	460925
156	480132
157	518452
158	573687
159	635371
160	682945
161	713051
162	737382
163	789230
164	870951
165	947092
166	982089
167	985084
168	965971
169	935697
170	888530
171	840029
172	796822
173	773866
174	758837
175	748094
176	727340
177	693208
178	648826
179	599076
180	551608
181	504905
182	464244
183	430479
184	402524
185	380108
186	363756
187	346519
188	328440
189	308099
190	286529
191	262563
192	240762
193	219519
194	202401
195	188441
196	178190
197	167861
198	160098
199	151407
200	142235
201	133817
202	122619
203	113085
204	104305
205	96018
206	89850
207	84161
208	80257
209	74536
210	70720
211	66550
212	61112
213	56389
214	51796
215	47496
216	44279
217	40411
218	37866
219	36051
220	34034
221	31977
222	29776
223	27396
224	25223
225	23075
226	21019
227	19702
228	18740
229	17498
230	16670
231	15832
232	14742
233	13726
234	12524
235	11797
236	10869
237	10361
238	9659
239	9343
240	8962
241	8816
242	8491
243	8028
244	7433
245	7204
246	6907
247	6397
248	7233
249	6019
250	5317
251	5282
252	5110
253	4594
254	4635
255	4053
256	241
257	229
258	252
259	235

