## htsjdk.samtools.metrics.StringHeader
# CollectInsertSizeMetrics  --Histogram_FILE pandisease.epifluidlab.cchmc.org/results/20200420-week-17/jhu-cfdna-frag/picard_metrics/EGAR00002027932.hg19.insert_size.pdf --INPUT pandisease.epifluidlab.cchmc.org/results/20200420-week-17/jhu-cfdna-frag/filtered_bam/EGAR00002027932.hg19.filtered.bam --OUTPUT pandisease.epifluidlab.cchmc.org/results/20200420-week-17/jhu-cfdna-frag/picard_metrics/EGAR00002027932.hg19.insert_size.txt  --DEVIATIONS 10.0 --MINIMUM_PCT 0.05 --METRIC_ACCUMULATION_LEVEL ALL_READS --INCLUDE_DUPLICATES false --ASSUME_SORTED true --STOP_AFTER 0 --VERBOSITY INFO --QUIET false --VALIDATION_STRINGENCY STRICT --COMPRESSION_LEVEL 5 --MAX_RECORDS_IN_RAM 500000 --CREATE_INDEX false --CREATE_MD5_FILE false --GA4GH_CLIENT_SECRETS client_secrets.json --help false --version false --showHidden false --USE_JDK_DEFLATER false --USE_JDK_INFLATER false
## htsjdk.samtools.metrics.StringHeader
# Started on: Sun May 03 15:32:53 UTC 2020

## METRICS CLASS	picard.analysis.InsertSizeMetrics
MEDIAN_INSERT_SIZE	MODE_INSERT_SIZE	MEDIAN_ABSOLUTE_DEVIATION	MIN_INSERT_SIZE	MAX_INSERT_SIZE	MEAN_INSERT_SIZE	STANDARD_DEVIATION	READ_PAIRS	PAIR_ORIENTATION	WIDTH_OF_10_PERCENT	WIDTH_OF_20_PERCENT	WIDTH_OF_30_PERCENT	WIDTH_OF_40_PERCENT	WIDTH_OF_50_PERCENT	WIDTH_OF_60_PERCENT	WIDTH_OF_70_PERCENT	WIDTH_OF_80_PERCENT	WIDTH_OF_90_PERCENT	WIDTH_OF_95_PERCENT	WIDTH_OF_99_PERCENT	SAMPLE	LIBRARY	READ_GROUP
166	167	12	79	254	165.520755	20.809176	33627283	FR	5	9	13	19	25	31	41	51	69	89	125			

## HISTOGRAM	java.lang.Integer
insert_size	All_Reads.fr_count
79	98
80	1633
81	1641
82	1678
83	2169
84	2445
85	2189
86	2636
87	2161
88	2484
89	2826
90	2795
91	2958
92	2897
93	2981
94	3272
95	3372
96	3567
97	3221
98	3759
99	11047
100	12417
101	13677
102	14393
103	14915
104	15547
105	15253
106	16286
107	18307
108	20642
109	24525
110	30185
111	35309
112	37037
113	33627
114	31784
115	31700
116	33878
117	37350
118	42296
119	50022
120	64464
121	84029
122	99542
123	98083
124	79865
125	63788
126	60791
127	64680
128	72160
129	82715
130	101145
131	128636
132	170013
133	211262
134	221030
135	193898
136	168215
137	171417
138	199474
139	249259
140	309091
141	358248
142	370429
143	365990
144	367048
145	369604
146	364139
147	359808
148	371109
149	391390
150	419885
151	455470
152	488513
153	483270
154	458252
155	448522
156	464590
157	503264
158	553885
159	611150
160	656677
161	683462
162	707894
163	757870
164	837053
165	909316
166	939105
167	940426
168	917302
169	880204
170	829420
171	777976
172	730859
173	703351
174	683396
175	669459
176	646969
177	613971
178	571323
179	525533
180	480154
181	436266
182	399091
183	367250
184	340117
185	321688
186	306306
187	290542
188	276330
189	259288
190	239595
191	220246
192	200732
193	184831
194	170131
195	158119
196	148435
197	140488
198	135157
199	127831
200	120723
201	113121
202	104357
203	96990
204	89017
205	82599
206	77140
207	71992
208	68463
209	64647
210	61175
211	57398
212	53624
213	49569
214	45002
215	41949
216	38288
217	35841
218	33399
219	31837
220	30127
221	28363
222	26347
223	24175
224	22402
225	20513
226	18907
227	17702
228	16745
229	15561
230	14678
231	13893
232	13039
233	12087
234	11231
235	10476
236	9575
237	8928
238	8541
239	8264
240	8077
241	7636
242	7300
243	7027
244	6596
245	6337
246	5837
247	5981
248	5308
249	4744
250	4468
251	4331
252	3979
253	4102
254	3610

