## htsjdk.samtools.metrics.StringHeader
# CollectInsertSizeMetrics  --Histogram_FILE pandisease.epifluidlab.cchmc.org/results/20200420-week-17/jhu-cfdna-frag/picard_metrics/EGAR00002027959.hg19.insert_size.pdf --INPUT pandisease.epifluidlab.cchmc.org/results/20200420-week-17/jhu-cfdna-frag/filtered_bam/EGAR00002027959.hg19.filtered.bam --OUTPUT pandisease.epifluidlab.cchmc.org/results/20200420-week-17/jhu-cfdna-frag/picard_metrics/EGAR00002027959.hg19.insert_size.txt  --DEVIATIONS 10.0 --MINIMUM_PCT 0.05 --METRIC_ACCUMULATION_LEVEL ALL_READS --INCLUDE_DUPLICATES false --ASSUME_SORTED true --STOP_AFTER 0 --VERBOSITY INFO --QUIET false --VALIDATION_STRINGENCY STRICT --COMPRESSION_LEVEL 5 --MAX_RECORDS_IN_RAM 500000 --CREATE_INDEX false --CREATE_MD5_FILE false --GA4GH_CLIENT_SECRETS client_secrets.json --help false --version false --showHidden false --USE_JDK_DEFLATER false --USE_JDK_INFLATER false
## htsjdk.samtools.metrics.StringHeader
# Started on: Sun May 03 04:13:37 UTC 2020

## METRICS CLASS	picard.analysis.InsertSizeMetrics
MEDIAN_INSERT_SIZE	MODE_INSERT_SIZE	MEDIAN_ABSOLUTE_DEVIATION	MIN_INSERT_SIZE	MAX_INSERT_SIZE	MEAN_INSERT_SIZE	STANDARD_DEVIATION	READ_PAIRS	PAIR_ORIENTATION	WIDTH_OF_10_PERCENT	WIDTH_OF_20_PERCENT	WIDTH_OF_30_PERCENT	WIDTH_OF_40_PERCENT	WIDTH_OF_50_PERCENT	WIDTH_OF_60_PERCENT	WIDTH_OF_70_PERCENT	WIDTH_OF_80_PERCENT	WIDTH_OF_90_PERCENT	WIDTH_OF_95_PERCENT	WIDTH_OF_99_PERCENT	SAMPLE	LIBRARY	READ_GROUP
167	166	11	84	252	167.061012	19.346618	167987655	FR	5	7	13	17	23	29	37	49	65	83	119			

## HISTOGRAM	java.lang.Integer
insert_size	All_Reads.fr_count
84	46
85	23
86	23
87	120
88	7346
89	7557
90	7492
91	7328
92	8303
93	8477
94	9136
95	9628
96	9444
97	10080
98	10764
99	33808
100	38288
101	41894
102	44089
103	47793
104	48093
105	48576
106	51784
107	58136
108	65117
109	78349
110	94881
111	109117
112	112013
113	103665
114	97888
115	100321
116	110918
117	123346
118	138441
119	162097
120	205297
121	271975
122	326675
123	320917
124	263557
125	216636
126	209279
127	230207
128	258533
129	300060
130	369734
131	483999
132	653467
133	822066
134	863055
135	765199
136	681275
137	711870
138	845531
139	1052496
140	1301990
141	1502159
142	1571747
143	1568427
144	1585769
145	1612958
146	1617832
147	1638836
148	1719244
149	1840272
150	1980996
151	2155463
152	2309535
153	2312251
154	2222051
155	2212633
156	2328489
157	2554312
158	2842566
159	3137498
160	3366182
161	3525469
162	3694769
163	4018059
164	4512589
165	4953499
166	5120324
167	5094446
168	4962790
169	4760624
170	4495476
171	4210385
172	3961908
173	3814630
174	3724395
175	3649609
176	3529692
177	3332615
178	3088249
179	2818186
180	2560625
181	2315686
182	2107280
183	1931564
184	1792308
185	1688830
186	1598754
187	1518182
188	1434710
189	1339961
190	1235627
191	1128197
192	1026115
193	936804
194	860037
195	800320
196	752741
197	712779
198	679729
199	646115
200	608936
201	567060
202	525156
203	483511
204	445940
205	411817
206	383874
207	359975
208	342420
209	325792
210	308097
211	288241
212	268088
213	248496
214	226385
215	209400
216	193337
217	180731
218	169988
219	160716
220	151569
221	141319
222	132667
223	121971
224	112972
225	104023
226	95774
227	88899
228	83383
229	79057
230	74492
231	69949
232	65464
233	60676
234	56197
235	52286
236	49044
237	45861
238	43230
239	41723
240	40414
241	42557
242	35677
243	27252
244	26057
245	24573
246	15761
247	8854
248	9071
249	7027
250	136
251	159
252	104

