## htsjdk.samtools.metrics.StringHeader
# CollectInsertSizeMetrics  --Histogram_FILE pandisease.epifluidlab.cchmc.org/results/20200420-week-17/jhu-cfdna-frag/picard_metrics/EGAR00002028083.hg19.insert_size.pdf --INPUT pandisease.epifluidlab.cchmc.org/results/20200420-week-17/jhu-cfdna-frag/filtered_bam/EGAR00002028083.hg19.filtered.bam --OUTPUT pandisease.epifluidlab.cchmc.org/results/20200420-week-17/jhu-cfdna-frag/picard_metrics/EGAR00002028083.hg19.insert_size.txt  --DEVIATIONS 10.0 --MINIMUM_PCT 0.05 --METRIC_ACCUMULATION_LEVEL ALL_READS --INCLUDE_DUPLICATES false --ASSUME_SORTED true --STOP_AFTER 0 --VERBOSITY INFO --QUIET false --VALIDATION_STRINGENCY STRICT --COMPRESSION_LEVEL 5 --MAX_RECORDS_IN_RAM 500000 --CREATE_INDEX false --CREATE_MD5_FILE false --GA4GH_CLIENT_SECRETS client_secrets.json --help false --version false --showHidden false --USE_JDK_DEFLATER false --USE_JDK_INFLATER false
## htsjdk.samtools.metrics.StringHeader
# Started on: Sun May 03 15:14:32 UTC 2020

## METRICS CLASS	picard.analysis.InsertSizeMetrics
MEDIAN_INSERT_SIZE	MODE_INSERT_SIZE	MEDIAN_ABSOLUTE_DEVIATION	MIN_INSERT_SIZE	MAX_INSERT_SIZE	MEAN_INSERT_SIZE	STANDARD_DEVIATION	READ_PAIRS	PAIR_ORIENTATION	WIDTH_OF_10_PERCENT	WIDTH_OF_20_PERCENT	WIDTH_OF_30_PERCENT	WIDTH_OF_40_PERCENT	WIDTH_OF_50_PERCENT	WIDTH_OF_60_PERCENT	WIDTH_OF_70_PERCENT	WIDTH_OF_80_PERCENT	WIDTH_OF_90_PERCENT	WIDTH_OF_95_PERCENT	WIDTH_OF_99_PERCENT	SAMPLE	LIBRARY	READ_GROUP
169	167	11	90	251	169.226397	19.398962	35804881	FR	5	9	13	17	23	29	37	49	65	81	119			

## HISTOGRAM	java.lang.Integer
insert_size	All_Reads.fr_count
90	36
91	265
92	239
93	247
94	2372
95	2696
96	3173
97	2667
98	2822
99	7144
100	7954
101	8880
102	9165
103	9507
104	9735
105	9990
106	10880
107	12803
108	13789
109	15778
110	18852
111	20814
112	21673
113	20820
114	19849
115	20429
116	22039
117	24267
118	27799
119	32055
120	38462
121	48673
122	57163
123	56501
124	46884
125	39145
126	38299
127	41902
128	47253
129	54475
130	65998
131	83694
132	110181
133	137101
134	142500
135	127182
136	115835
137	122624
138	145891
139	184261
140	229665
141	265564
142	276652
143	275698
144	282456
145	288220
146	294030
147	300953
148	322491
149	348205
150	378824
151	414549
152	443855
153	446445
154	427029
155	421607
156	445421
157	492770
158	554898
159	619611
160	670023
161	700753
162	731513
163	785414
164	876890
165	966987
166	1017157
167	1031316
168	1020754
169	996054
170	950941
171	900951
172	862034
173	842888
174	835338
175	834520
176	821604
177	789055
178	738955
179	684877
180	628692
181	572562
182	526991
183	487362
184	459307
185	437459
186	417643
187	399994
188	380618
189	358024
190	330966
191	301475
192	274919
193	249944
194	230111
195	214120
196	200934
197	190980
198	181528
199	172644
200	161800
201	150087
202	137835
203	126124
204	115188
205	105706
206	98891
207	91667
208	86835
209	81194
210	76685
211	71260
212	66047
213	60363
214	55170
215	50999
216	46869
217	42755
218	40362
219	38019
220	35502
221	33103
222	30396
223	28239
224	25938
225	23697
226	21702
227	20189
228	18771
229	17396
230	16624
231	15390
232	14685
233	13330
234	12041
235	11187
236	10363
237	9789
238	9081
239	8824
240	8898
241	7802
242	6510
243	6174
244	5956
245	5417
246	5147
247	5276
248	4644
249	1000
250	998
251	953

