## htsjdk.samtools.metrics.StringHeader
# CollectInsertSizeMetrics  --Histogram_FILE pandisease.epifluidlab.cchmc.org/results/20200420-week-17/jhu-cfdna-frag/picard_metrics/EGAR00002028063.hg19.insert_size.pdf --INPUT pandisease.epifluidlab.cchmc.org/results/20200420-week-17/jhu-cfdna-frag/filtered_bam/EGAR00002028063.hg19.filtered.bam --OUTPUT pandisease.epifluidlab.cchmc.org/results/20200420-week-17/jhu-cfdna-frag/picard_metrics/EGAR00002028063.hg19.insert_size.txt  --DEVIATIONS 10.0 --MINIMUM_PCT 0.05 --METRIC_ACCUMULATION_LEVEL ALL_READS --INCLUDE_DUPLICATES false --ASSUME_SORTED true --STOP_AFTER 0 --VERBOSITY INFO --QUIET false --VALIDATION_STRINGENCY STRICT --COMPRESSION_LEVEL 5 --MAX_RECORDS_IN_RAM 500000 --CREATE_INDEX false --CREATE_MD5_FILE false --GA4GH_CLIENT_SECRETS client_secrets.json --help false --version false --showHidden false --USE_JDK_DEFLATER false --USE_JDK_INFLATER false
## htsjdk.samtools.metrics.StringHeader
# Started on: Sun May 03 13:59:53 UTC 2020

## METRICS CLASS	picard.analysis.InsertSizeMetrics
MEDIAN_INSERT_SIZE	MODE_INSERT_SIZE	MEDIAN_ABSOLUTE_DEVIATION	MIN_INSERT_SIZE	MAX_INSERT_SIZE	MEAN_INSERT_SIZE	STANDARD_DEVIATION	READ_PAIRS	PAIR_ORIENTATION	WIDTH_OF_10_PERCENT	WIDTH_OF_20_PERCENT	WIDTH_OF_30_PERCENT	WIDTH_OF_40_PERCENT	WIDTH_OF_50_PERCENT	WIDTH_OF_60_PERCENT	WIDTH_OF_70_PERCENT	WIDTH_OF_80_PERCENT	WIDTH_OF_90_PERCENT	WIDTH_OF_95_PERCENT	WIDTH_OF_99_PERCENT	SAMPLE	LIBRARY	READ_GROUP
168	167	10	89	245	167.18254	19.019876	39385964	FR	5	7	13	17	21	29	37	47	63	81	117			

## HISTOGRAM	java.lang.Integer
insert_size	All_Reads.fr_count
89	2353
90	2399
91	2381
92	1970
93	2654
94	2726
95	3305
96	3372
97	2754
98	3583
99	12054
100	13442
101	14173
102	14398
103	14888
104	15541
105	15848
106	16261
107	18239
108	20168
109	22957
110	28052
111	31244
112	31949
113	29194
114	27196
115	27738
116	29310
117	33309
118	36954
119	42851
120	52167
121	67321
122	79429
123	78041
124	62329
125	51763
126	48631
127	51860
128	56933
129	65967
130	80049
131	103949
132	138215
133	173511
134	181081
135	160445
136	141345
137	148991
138	178029
139	226271
140	282197
141	326876
142	342522
143	340536
144	346070
145	351133
146	353028
147	358705
148	381021
149	411305
150	446928
151	490248
152	525433
153	526685
154	507615
155	504097
156	532839
157	587589
158	657525
159	730209
160	786371
161	817998
162	855395
163	920738
164	1029479
165	1130103
166	1181042
167	1189910
168	1171986
169	1132679
170	1078772
171	1013089
172	957783
173	929724
174	913896
175	900597
176	877257
177	833005
178	773006
179	710432
180	645844
181	585905
182	534193
183	490706
184	455423
185	427183
186	404129
187	381923
188	358715
189	332815
190	303585
191	274378
192	249798
193	225168
194	206118
195	190182
196	177703
197	167378
198	157306
199	149143
200	138293
201	128769
202	117324
203	106813
204	98666
205	90186
206	83398
207	77826
208	73525
209	68932
210	64981
211	60160
212	55496
213	51422
214	46567
215	42719
216	39151
217	36062
218	34225
219	31968
220	29809
221	27805
222	25640
223	23473
224	21839
225	19797
226	18423
227	16983
228	15949
229	15086
230	14308
231	13228
232	12505
233	11474
234	10546
235	9863
236	9213
237	8874
238	8153
239	8168
240	7750
241	7856
242	7946
243	1286
244	269
245	230

