## htsjdk.samtools.metrics.StringHeader
# CollectInsertSizeMetrics  --Histogram_FILE pandisease.epifluidlab.cchmc.org/results/20200420-week-17/jhu-cfdna-frag/picard_metrics/EGAR00002028053.hg19.insert_size.pdf --INPUT pandisease.epifluidlab.cchmc.org/results/20200420-week-17/jhu-cfdna-frag/filtered_bam/EGAR00002028053.hg19.filtered.bam --OUTPUT pandisease.epifluidlab.cchmc.org/results/20200420-week-17/jhu-cfdna-frag/picard_metrics/EGAR00002028053.hg19.insert_size.txt  --DEVIATIONS 10.0 --MINIMUM_PCT 0.05 --METRIC_ACCUMULATION_LEVEL ALL_READS --INCLUDE_DUPLICATES false --ASSUME_SORTED true --STOP_AFTER 0 --VERBOSITY INFO --QUIET false --VALIDATION_STRINGENCY STRICT --COMPRESSION_LEVEL 5 --MAX_RECORDS_IN_RAM 500000 --CREATE_INDEX false --CREATE_MD5_FILE false --GA4GH_CLIENT_SECRETS client_secrets.json --help false --version false --showHidden false --USE_JDK_DEFLATER false --USE_JDK_INFLATER false
## htsjdk.samtools.metrics.StringHeader
# Started on: Sun May 03 03:39:25 UTC 2020

## METRICS CLASS	picard.analysis.InsertSizeMetrics
MEDIAN_INSERT_SIZE	MODE_INSERT_SIZE	MEDIAN_ABSOLUTE_DEVIATION	MIN_INSERT_SIZE	MAX_INSERT_SIZE	MEAN_INSERT_SIZE	STANDARD_DEVIATION	READ_PAIRS	PAIR_ORIENTATION	WIDTH_OF_10_PERCENT	WIDTH_OF_20_PERCENT	WIDTH_OF_30_PERCENT	WIDTH_OF_40_PERCENT	WIDTH_OF_50_PERCENT	WIDTH_OF_60_PERCENT	WIDTH_OF_70_PERCENT	WIDTH_OF_80_PERCENT	WIDTH_OF_90_PERCENT	WIDTH_OF_95_PERCENT	WIDTH_OF_99_PERCENT	SAMPLE	LIBRARY	READ_GROUP
167	166	11	84	245	165.943065	18.863098	49625332	FR	5	7	13	17	23	29	37	47	63	79	115			

## HISTOGRAM	java.lang.Integer
insert_size	All_Reads.fr_count
84	775
85	631
86	844
87	1607
88	2691
89	2845
90	2875
91	3073
92	3175
93	3363
94	3777
95	3824
96	4199
97	3949
98	4399
99	12666
100	13970
101	15091
102	16129
103	17286
104	17549
105	17682
106	18682
107	20577
108	22756
109	27219
110	33152
111	38030
112	39272
113	36158
114	33964
115	34866
116	38272
117	42000
118	47110
119	55791
120	69150
121	90596
122	107503
123	107316
124	87876
125	71957
126	68756
127	73176
128	81677
129	93539
130	114791
131	147230
132	196852
133	246529
134	261750
135	237298
136	213729
137	222748
138	262778
139	325065
140	399750
141	458158
142	478535
143	481126
144	490348
145	508314
146	513641
147	521883
148	544115
149	574277
150	612189
151	657376
152	691086
153	692115
154	670164
155	675698
156	718641
157	787648
158	873931
159	948466
160	1004520
161	1040224
162	1088564
163	1186581
164	1336430
165	1471865
166	1526068
167	1517127
168	1470921
169	1404297
170	1323910
171	1238984
172	1167701
173	1133117
174	1112436
175	1095430
176	1059488
177	1000416
178	919461
179	834060
180	748915
181	673164
182	611834
183	559824
184	522029
185	493791
186	470552
187	443383
188	416422
189	383835
190	347639
191	315029
192	282491
193	257128
194	233324
195	216767
196	201618
197	189008
198	179298
199	167944
200	155683
201	142914
202	131486
203	118571
204	108607
205	98789
206	91816
207	85254
208	80195
209	75107
210	70240
211	64738
212	59559
213	54369
214	49120
215	45612
216	41966
217	38197
218	35943
219	33817
220	31548
221	29246
222	27273
223	25043
224	23527
225	20965
226	19230
227	18152
228	16961
229	16327
230	15544
231	14659
232	13651
233	12585
234	11641
235	11040
236	10425
237	9924
238	9514
239	9392
240	9552
241	9003
242	4959
243	4713
244	4518
245	336

