## htsjdk.samtools.metrics.StringHeader
# CollectInsertSizeMetrics  --Histogram_FILE pandisease.epifluidlab.cchmc.org/results/20200420-week-17/jhu-cfdna-frag/picard_metrics/EGAR00002028036.hg19.insert_size.pdf --INPUT pandisease.epifluidlab.cchmc.org/results/20200420-week-17/jhu-cfdna-frag/filtered_bam/EGAR00002028036.hg19.filtered.bam --OUTPUT pandisease.epifluidlab.cchmc.org/results/20200420-week-17/jhu-cfdna-frag/picard_metrics/EGAR00002028036.hg19.insert_size.txt  --DEVIATIONS 10.0 --MINIMUM_PCT 0.05 --METRIC_ACCUMULATION_LEVEL ALL_READS --INCLUDE_DUPLICATES false --ASSUME_SORTED true --STOP_AFTER 0 --VERBOSITY INFO --QUIET false --VALIDATION_STRINGENCY STRICT --COMPRESSION_LEVEL 5 --MAX_RECORDS_IN_RAM 500000 --CREATE_INDEX false --CREATE_MD5_FILE false --GA4GH_CLIENT_SECRETS client_secrets.json --help false --version false --showHidden false --USE_JDK_DEFLATER false --USE_JDK_INFLATER false
## htsjdk.samtools.metrics.StringHeader
# Started on: Sun May 03 03:17:53 UTC 2020

## METRICS CLASS	picard.analysis.InsertSizeMetrics
MEDIAN_INSERT_SIZE	MODE_INSERT_SIZE	MEDIAN_ABSOLUTE_DEVIATION	MIN_INSERT_SIZE	MAX_INSERT_SIZE	MEAN_INSERT_SIZE	STANDARD_DEVIATION	READ_PAIRS	PAIR_ORIENTATION	WIDTH_OF_10_PERCENT	WIDTH_OF_20_PERCENT	WIDTH_OF_30_PERCENT	WIDTH_OF_40_PERCENT	WIDTH_OF_50_PERCENT	WIDTH_OF_60_PERCENT	WIDTH_OF_70_PERCENT	WIDTH_OF_80_PERCENT	WIDTH_OF_90_PERCENT	WIDTH_OF_95_PERCENT	WIDTH_OF_99_PERCENT	SAMPLE	LIBRARY	READ_GROUP
169	167	11	86	254	168.36314	20.373107	47985783	FR	5	9	13	17	23	31	39	51	69	87	123			

## HISTOGRAM	java.lang.Integer
insert_size	All_Reads.fr_count
86	2594
87	2322
88	2723
89	2657
90	3516
91	3360
92	3121
93	3165
94	3481
95	3989
96	4137
97	3669
98	3962
99	12449
100	14259
101	16032
102	16953
103	17404
104	17875
105	17424
106	18703
107	20973
108	24598
109	29393
110	35598
111	40710
112	43079
113	39143
114	36563
115	38217
116	40722
117	44659
118	50784
119	59440
120	72579
121	91511
122	106861
123	104581
124	87906
125	74235
126	71381
127	77035
128	84571
129	96976
130	115056
131	142423
132	182255
133	222517
134	232911
135	207850
136	186654
137	191998
138	222568
139	270063
140	332140
141	379969
142	399277
143	400772
144	407995
145	416652
146	421565
147	430841
148	453493
149	483002
150	516848
151	557589
152	592325
153	595196
154	575275
155	570251
156	595443
157	648546
158	720703
159	799289
160	863819
161	907982
162	944786
163	1016856
164	1127596
165	1236115
166	1296064
167	1313835
168	1309060
169	1285221
170	1241910
171	1182937
172	1133789
173	1112765
174	1106939
175	1097344
176	1081193
177	1033198
178	968086
179	892845
180	818440
181	749849
182	692263
183	644179
184	604543
185	573947
186	548259
187	522328
188	495577
189	462916
190	425975
191	389497
192	354740
193	324697
194	299469
195	279342
196	262516
197	249410
198	235680
199	222918
200	208455
201	192731
202	177594
203	162817
204	148948
205	137846
206	127996
207	119861
208	113015
209	106551
210	100650
211	93337
212	86045
213	79732
214	72608
215	67266
216	61712
217	57100
218	53524
219	50374
220	47485
221	44563
222	41483
223	38217
224	35376
225	32062
226	29614
227	27760
228	25937
229	24364
230	23463
231	21503
232	20053
233	18700
234	17379
235	16256
236	14956
237	13918
238	13099
239	12692
240	12470
241	11903
242	11358
243	10811
244	10089
245	9669
246	10173
247	8373
248	7102
249	6858
250	6707
251	6371
252	3832
253	3838
254	3526

