## htsjdk.samtools.metrics.StringHeader
# CollectInsertSizeMetrics  --Histogram_FILE pandisease.epifluidlab.cchmc.org/results/20200420-week-17/jhu-cfdna-frag/picard_metrics/EGAR00002027998.hg19.insert_size.pdf --INPUT pandisease.epifluidlab.cchmc.org/results/20200420-week-17/jhu-cfdna-frag/filtered_bam/EGAR00002027998.hg19.filtered.bam --OUTPUT pandisease.epifluidlab.cchmc.org/results/20200420-week-17/jhu-cfdna-frag/picard_metrics/EGAR00002027998.hg19.insert_size.txt  --DEVIATIONS 10.0 --MINIMUM_PCT 0.05 --METRIC_ACCUMULATION_LEVEL ALL_READS --INCLUDE_DUPLICATES false --ASSUME_SORTED true --STOP_AFTER 0 --VERBOSITY INFO --QUIET false --VALIDATION_STRINGENCY STRICT --COMPRESSION_LEVEL 5 --MAX_RECORDS_IN_RAM 500000 --CREATE_INDEX false --CREATE_MD5_FILE false --GA4GH_CLIENT_SECRETS client_secrets.json --help false --version false --showHidden false --USE_JDK_DEFLATER false --USE_JDK_INFLATER false
## htsjdk.samtools.metrics.StringHeader
# Started on: Sun May 03 15:28:58 UTC 2020

## METRICS CLASS	picard.analysis.InsertSizeMetrics
MEDIAN_INSERT_SIZE	MODE_INSERT_SIZE	MEDIAN_ABSOLUTE_DEVIATION	MIN_INSERT_SIZE	MAX_INSERT_SIZE	MEAN_INSERT_SIZE	STANDARD_DEVIATION	READ_PAIRS	PAIR_ORIENTATION	WIDTH_OF_10_PERCENT	WIDTH_OF_20_PERCENT	WIDTH_OF_30_PERCENT	WIDTH_OF_40_PERCENT	WIDTH_OF_50_PERCENT	WIDTH_OF_60_PERCENT	WIDTH_OF_70_PERCENT	WIDTH_OF_80_PERCENT	WIDTH_OF_90_PERCENT	WIDTH_OF_95_PERCENT	WIDTH_OF_99_PERCENT	SAMPLE	LIBRARY	READ_GROUP
167	166	11	84	249	166.734509	19.81533	30027618	FR	5	9	13	17	23	29	39	49	67	85	121			

## HISTOGRAM	java.lang.Integer
insert_size	All_Reads.fr_count
84	606
85	615
86	647
87	539
88	1419
89	1641
90	1914
91	2129
92	1929
93	1942
94	2168
95	2548
96	2845
97	2375
98	2535
99	7115
100	7698
101	8824
102	9721
103	9968
104	10170
105	10459
106	11243
107	13244
108	14633
109	16868
110	20082
111	22708
112	23277
113	21886
114	21281
115	22519
116	24499
117	27100
118	30398
119	35094
120	42493
121	53034
122	62059
123	62229
124	53077
125	45494
126	45616
127	50102
128	55391
129	63700
130	76963
131	95096
132	124218
133	152257
134	157874
135	142220
136	130504
137	139098
138	163095
139	199579
140	242237
141	274796
142	287311
143	287073
144	288715
145	291569
146	291802
147	297442
148	313478
149	333204
150	357994
151	385176
152	409821
153	411693
154	395016
155	391193
156	410487
157	449712
158	502083
159	558248
160	602902
161	631685
162	659355
163	713134
164	794270
165	866413
166	894200
167	888807
168	866917
169	833889
170	785620
171	735621
172	690719
173	664811
174	645784
175	630377
176	608215
177	575913
178	533967
179	490123
180	448393
181	406140
182	372118
183	342078
184	318607
185	298865
186	282897
187	269821
188	256123
189	241467
190	223954
191	205282
192	188116
193	172596
194	158588
195	147672
196	138076
197	131066
198	125415
199	118756
200	112353
201	105219
202	97291
203	90123
204	82292
205	76177
206	71355
207	67064
208	63372
209	59964
210	56515
211	53016
212	49730
213	45658
214	41631
215	37981
216	35740
217	33236
218	30863
219	29046
220	27257
221	25728
222	24117
223	22140
224	20419
225	18652
226	17033
227	16019
228	14912
229	14044
230	13497
231	12762
232	11875
233	10961
234	9959
235	9119
236	8512
237	8277
238	7719
239	7612
240	7310
241	7344
242	6685
243	5872
244	5916
245	5025
246	1060
247	1028
248	991
249	607

