## htsjdk.samtools.metrics.StringHeader
# CollectInsertSizeMetrics  --Histogram_FILE pandisease.epifluidlab.cchmc.org/results/20200420-week-17/jhu-cfdna-frag/picard_metrics/EGAR00002028028.hg19.insert_size.pdf --INPUT pandisease.epifluidlab.cchmc.org/results/20200420-week-17/jhu-cfdna-frag/filtered_bam/EGAR00002028028.hg19.filtered.bam --OUTPUT pandisease.epifluidlab.cchmc.org/results/20200420-week-17/jhu-cfdna-frag/picard_metrics/EGAR00002028028.hg19.insert_size.txt  --DEVIATIONS 10.0 --MINIMUM_PCT 0.05 --METRIC_ACCUMULATION_LEVEL ALL_READS --INCLUDE_DUPLICATES false --ASSUME_SORTED true --STOP_AFTER 0 --VERBOSITY INFO --QUIET false --VALIDATION_STRINGENCY STRICT --COMPRESSION_LEVEL 5 --MAX_RECORDS_IN_RAM 500000 --CREATE_INDEX false --CREATE_MD5_FILE false --GA4GH_CLIENT_SECRETS client_secrets.json --help false --version false --showHidden false --USE_JDK_DEFLATER false --USE_JDK_INFLATER false
## htsjdk.samtools.metrics.StringHeader
# Started on: Sun May 03 13:32:34 UTC 2020

## METRICS CLASS	picard.analysis.InsertSizeMetrics
MEDIAN_INSERT_SIZE	MODE_INSERT_SIZE	MEDIAN_ABSOLUTE_DEVIATION	MIN_INSERT_SIZE	MAX_INSERT_SIZE	MEAN_INSERT_SIZE	STANDARD_DEVIATION	READ_PAIRS	PAIR_ORIENTATION	WIDTH_OF_10_PERCENT	WIDTH_OF_20_PERCENT	WIDTH_OF_30_PERCENT	WIDTH_OF_40_PERCENT	WIDTH_OF_50_PERCENT	WIDTH_OF_60_PERCENT	WIDTH_OF_70_PERCENT	WIDTH_OF_80_PERCENT	WIDTH_OF_90_PERCENT	WIDTH_OF_95_PERCENT	WIDTH_OF_99_PERCENT	SAMPLE	LIBRARY	READ_GROUP
169	167	11	90	251	169.36743	19.612287	37403529	FR	5	9	13	17	23	29	37	49	65	83	119			

## HISTOGRAM	java.lang.Integer
insert_size	All_Reads.fr_count
90	5
91	2098
92	1860
93	1927
94	2331
95	2923
96	3069
97	2563
98	2713
99	8457
100	9859
101	10303
102	10893
103	11233
104	11336
105	11442
106	12879
107	14405
108	16096
109	18394
110	22097
111	25304
112	26178
113	24084
114	22936
115	23429
116	24921
117	27645
118	31279
119	36896
120	44893
121	56793
122	66149
123	64818
124	52965
125	43927
126	42103
127	45890
128	51053
129	58187
130	69923
131	87821
132	114973
133	142516
134	147373
135	131278
136	117641
137	125465
138	149692
139	188124
140	231417
141	265225
142	276529
143	276469
144	280035
145	286283
146	287925
147	294541
148	317058
149	345597
150	376643
151	417088
152	448829
153	453622
154	439770
155	439316
156	464197
157	514437
158	577171
159	643886
160	700343
161	737381
162	771939
163	838757
164	936309
165	1030292
166	1072651
167	1077537
168	1062255
169	1034511
170	991316
171	943509
172	898677
173	876958
174	864835
175	857989
176	842048
177	809257
178	761010
179	706790
180	653468
181	599765
182	552794
183	515250
184	485239
185	461467
186	441859
187	423405
188	402872
189	379264
190	351820
191	322648
192	295093
193	270388
194	248372
195	230616
196	216422
197	205354
198	196200
199	184049
200	172723
201	160165
202	147817
203	134216
204	123134
205	112343
206	104843
207	97114
208	92629
209	86985
210	81982
211	76606
212	70682
213	64500
214	59344
215	54441
216	50102
217	45998
218	42959
219	40318
220	38285
221	36046
222	33113
223	30409
224	28210
225	25871
226	23531
227	21980
228	20500
229	19108
230	18295
231	16986
232	15604
233	14639
234	13565
235	12283
236	11465
237	10746
238	10226
239	9530
240	9210
241	8830
242	8408
243	7853
244	8366
245	6915
246	5680
247	5685
248	5035
249	127
250	119
251	122

