## htsjdk.samtools.metrics.StringHeader
# CollectInsertSizeMetrics  --Histogram_FILE pandisease.epifluidlab.cchmc.org/results/20200420-week-17/jhu-cfdna-frag/picard_metrics/EGAR00002027920.hg19.insert_size.pdf --INPUT pandisease.epifluidlab.cchmc.org/results/20200420-week-17/jhu-cfdna-frag/filtered_bam/EGAR00002027920.hg19.filtered.bam --OUTPUT pandisease.epifluidlab.cchmc.org/results/20200420-week-17/jhu-cfdna-frag/picard_metrics/EGAR00002027920.hg19.insert_size.txt  --DEVIATIONS 10.0 --MINIMUM_PCT 0.05 --METRIC_ACCUMULATION_LEVEL ALL_READS --INCLUDE_DUPLICATES false --ASSUME_SORTED true --STOP_AFTER 0 --VERBOSITY INFO --QUIET false --VALIDATION_STRINGENCY STRICT --COMPRESSION_LEVEL 5 --MAX_RECORDS_IN_RAM 500000 --CREATE_INDEX false --CREATE_MD5_FILE false --GA4GH_CLIENT_SECRETS client_secrets.json --help false --version false --showHidden false --USE_JDK_DEFLATER false --USE_JDK_INFLATER false
## htsjdk.samtools.metrics.StringHeader
# Started on: Sun May 03 12:06:18 UTC 2020

## METRICS CLASS	picard.analysis.InsertSizeMetrics
MEDIAN_INSERT_SIZE	MODE_INSERT_SIZE	MEDIAN_ABSOLUTE_DEVIATION	MIN_INSERT_SIZE	MAX_INSERT_SIZE	MEAN_INSERT_SIZE	STANDARD_DEVIATION	READ_PAIRS	PAIR_ORIENTATION	WIDTH_OF_10_PERCENT	WIDTH_OF_20_PERCENT	WIDTH_OF_30_PERCENT	WIDTH_OF_40_PERCENT	WIDTH_OF_50_PERCENT	WIDTH_OF_60_PERCENT	WIDTH_OF_70_PERCENT	WIDTH_OF_80_PERCENT	WIDTH_OF_90_PERCENT	WIDTH_OF_95_PERCENT	WIDTH_OF_99_PERCENT	SAMPLE	LIBRARY	READ_GROUP
167	166	10	95	242	167.227986	18.357016	43051813	FR	5	7	11	15	21	27	35	45	61	77	113			

## HISTOGRAM	java.lang.Integer
insert_size	All_Reads.fr_count
95	166
96	2933
97	2471
98	3419
99	9564
100	10182
101	10991
102	11087
103	11778
104	12304
105	12195
106	12816
107	14517
108	15932
109	17858
110	20841
111	22650
112	23538
113	22268
114	22259
115	22760
116	24382
117	26791
118	30369
119	35100
120	43842
121	57136
122	67627
123	67234
124	55746
125	46497
126	45537
127	49664
128	56998
129	65293
130	80486
131	105214
132	141780
133	179681
134	187946
135	167257
136	151250
137	162134
138	197182
139	247901
140	306305
141	353385
142	373283
143	376164
144	381968
145	387353
146	387478
147	394686
148	422284
149	456923
150	495912
151	542708
152	581213
153	587412
154	568946
155	568730
156	602729
157	665167
158	747020
159	827772
160	895972
161	944281
162	995110
163	1086926
164	1225477
165	1352328
166	1396562
167	1387274
168	1347402
169	1290827
170	1218331
171	1137405
172	1066721
173	1025750
174	995705
175	966754
176	929031
177	871262
178	804030
179	731738
180	660316
181	596281
182	540335
183	493536
184	455122
185	426025
186	401265
187	377966
188	356403
189	332118
190	305255
191	277936
192	252940
193	230407
194	210357
195	194105
196	182437
197	173036
198	165533
199	157639
200	148545
201	138778
202	127403
203	117302
204	107032
205	99418
206	92106
207	86978
208	82186
209	78308
210	73766
211	68688
212	63649
213	58689
214	53846
215	49606
216	45496
217	42458
218	39692
219	37329
220	35012
221	32957
222	30410
223	27958
224	25576
225	23499
226	21291
227	20043
228	18827
229	17503
230	16357
231	15826
232	14903
233	13719
234	12591
235	12789
236	10729
237	9020
238	8141
239	3352
240	3210
241	3097
242	2816

