## htsjdk.samtools.metrics.StringHeader
# CollectInsertSizeMetrics  --Histogram_FILE pandisease.epifluidlab.cchmc.org/results/20200420-week-17/jhu-cfdna-frag/picard_metrics/EGAR00002028007.hg19.insert_size.pdf --INPUT pandisease.epifluidlab.cchmc.org/results/20200420-week-17/jhu-cfdna-frag/filtered_bam/EGAR00002028007.hg19.filtered.bam --OUTPUT pandisease.epifluidlab.cchmc.org/results/20200420-week-17/jhu-cfdna-frag/picard_metrics/EGAR00002028007.hg19.insert_size.txt  --DEVIATIONS 10.0 --MINIMUM_PCT 0.05 --METRIC_ACCUMULATION_LEVEL ALL_READS --INCLUDE_DUPLICATES false --ASSUME_SORTED true --STOP_AFTER 0 --VERBOSITY INFO --QUIET false --VALIDATION_STRINGENCY STRICT --COMPRESSION_LEVEL 5 --MAX_RECORDS_IN_RAM 500000 --CREATE_INDEX false --CREATE_MD5_FILE false --GA4GH_CLIENT_SECRETS client_secrets.json --help false --version false --showHidden false --USE_JDK_DEFLATER false --USE_JDK_INFLATER false
## htsjdk.samtools.metrics.StringHeader
# Started on: Sun May 03 15:17:57 UTC 2020

## METRICS CLASS	picard.analysis.InsertSizeMetrics
MEDIAN_INSERT_SIZE	MODE_INSERT_SIZE	MEDIAN_ABSOLUTE_DEVIATION	MIN_INSERT_SIZE	MAX_INSERT_SIZE	MEAN_INSERT_SIZE	STANDARD_DEVIATION	READ_PAIRS	PAIR_ORIENTATION	WIDTH_OF_10_PERCENT	WIDTH_OF_20_PERCENT	WIDTH_OF_30_PERCENT	WIDTH_OF_40_PERCENT	WIDTH_OF_50_PERCENT	WIDTH_OF_60_PERCENT	WIDTH_OF_70_PERCENT	WIDTH_OF_80_PERCENT	WIDTH_OF_90_PERCENT	WIDTH_OF_95_PERCENT	WIDTH_OF_99_PERCENT	SAMPLE	LIBRARY	READ_GROUP
168	167	11	85	249	167.076268	20.009504	31340037	FR	5	9	13	17	23	31	39	51	67	85	121			

## HISTOGRAM	java.lang.Integer
insert_size	All_Reads.fr_count
85	1653
86	1716
87	1544
88	2072
89	2225
90	2519
91	2476
92	2222
93	2397
94	2638
95	3024
96	3176
97	2714
98	3023
99	8571
100	9774
101	11247
102	11891
103	12044
104	12090
105	11763
106	12395
107	14559
108	16613
109	19552
110	24388
111	28073
112	29889
113	26899
114	24650
115	25853
116	27556
117	30394
118	34821
119	40394
120	51082
121	66079
122	78553
123	78624
124	63634
125	51237
126	48841
127	52048
128	57586
129	66413
130	79484
131	101149
132	131335
133	162169
134	170940
135	150789
136	132076
137	136153
138	158721
139	195178
140	239469
141	273525
142	283270
143	279367
144	282533
145	286866
146	286422
147	290315
148	304981
149	327612
150	350676
151	381384
152	405716
153	405353
154	387962
155	385613
156	407202
157	448400
158	501482
159	555105
160	597659
161	622649
162	649907
163	704400
164	793772
165	877814
166	911891
167	912626
168	890294
169	857185
170	811111
171	761017
172	721286
173	703296
174	696107
175	693014
176	677366
177	645060
178	602772
179	550949
180	502933
181	454787
182	416977
183	384189
184	360785
185	344241
186	328010
187	314797
188	297718
189	277432
190	254384
191	231305
192	211062
193	191032
194	174578
195	162236
196	152758
197	144911
198	136381
199	129849
200	122131
201	112755
202	103454
203	94080
204	86514
205	79321
206	73664
207	68948
208	64651
209	61012
210	57510
211	53431
212	48582
213	44869
214	41065
215	37971
216	34451
217	32089
218	29871
219	27998
220	26273
221	24578
222	22806
223	20673
224	19173
225	17289
226	15970
227	14876
228	13864
229	13208
230	12246
231	11503
232	10761
233	9867
234	9296
235	8558
236	7793
237	7405
238	7072
239	6726
240	6601
241	6393
242	6128
243	5793
244	5419
245	5885
246	4808
247	4109
248	4227
249	3671

