## htsjdk.samtools.metrics.StringHeader
# CollectInsertSizeMetrics  --Histogram_FILE pandisease.epifluidlab.cchmc.org/results/20200420-week-17/jhu-cfdna-frag/picard_metrics/EGAR00002028084.hg19.insert_size.pdf --INPUT pandisease.epifluidlab.cchmc.org/results/20200420-week-17/jhu-cfdna-frag/filtered_bam/EGAR00002028084.hg19.filtered.bam --OUTPUT pandisease.epifluidlab.cchmc.org/results/20200420-week-17/jhu-cfdna-frag/picard_metrics/EGAR00002028084.hg19.insert_size.txt  --DEVIATIONS 10.0 --MINIMUM_PCT 0.05 --METRIC_ACCUMULATION_LEVEL ALL_READS --INCLUDE_DUPLICATES false --ASSUME_SORTED true --STOP_AFTER 0 --VERBOSITY INFO --QUIET false --VALIDATION_STRINGENCY STRICT --COMPRESSION_LEVEL 5 --MAX_RECORDS_IN_RAM 500000 --CREATE_INDEX false --CREATE_MD5_FILE false --GA4GH_CLIENT_SECRETS client_secrets.json --help false --version false --showHidden false --USE_JDK_DEFLATER false --USE_JDK_INFLATER false
## htsjdk.samtools.metrics.StringHeader
# Started on: Sun May 03 15:39:27 UTC 2020

## METRICS CLASS	picard.analysis.InsertSizeMetrics
MEDIAN_INSERT_SIZE	MODE_INSERT_SIZE	MEDIAN_ABSOLUTE_DEVIATION	MIN_INSERT_SIZE	MAX_INSERT_SIZE	MEAN_INSERT_SIZE	STANDARD_DEVIATION	READ_PAIRS	PAIR_ORIENTATION	WIDTH_OF_10_PERCENT	WIDTH_OF_20_PERCENT	WIDTH_OF_30_PERCENT	WIDTH_OF_40_PERCENT	WIDTH_OF_50_PERCENT	WIDTH_OF_60_PERCENT	WIDTH_OF_70_PERCENT	WIDTH_OF_80_PERCENT	WIDTH_OF_90_PERCENT	WIDTH_OF_95_PERCENT	WIDTH_OF_99_PERCENT	SAMPLE	LIBRARY	READ_GROUP
170	168	11	87	255	169.556794	20.40755	31327990	FR	5	9	13	19	23	31	39	51	69	85	123			

## HISTOGRAM	java.lang.Integer
insert_size	All_Reads.fr_count
87	1421
88	1615
89	1804
90	2071
91	2206
92	1965
93	2047
94	2170
95	2185
96	2880
97	2354
98	2552
99	6773
100	7675
101	8649
102	9045
103	9582
104	9703
105	9642
106	10064
107	11767
108	12983
109	16028
110	19699
111	22294
112	23274
113	21278
114	20099
115	20186
116	22567
117	24848
118	28297
119	34035
120	42047
121	54497
122	64809
123	65144
124	53248
125	43082
126	40773
127	43424
128	48184
129	54634
130	66458
131	84631
132	110218
133	137174
134	143550
135	126260
136	110173
137	111987
138	130201
139	162264
140	203106
141	237454
142	249375
143	248354
144	252120
145	255613
146	256148
147	259088
148	272417
149	293427
150	317579
151	349539
152	375034
153	377832
154	361164
155	354368
156	370270
157	405648
158	453825
159	508710
160	552293
161	581252
162	603129
163	644345
164	712649
165	778176
166	818712
167	835808
168	836644
169	822164
170	794715
171	758452
172	729311
173	719083
174	716784
175	717417
176	710133
177	685771
178	646391
179	602356
180	558118
181	512336
182	476565
183	445537
184	418740
185	401464
186	387447
187	372310
188	356064
189	335994
190	310003
191	284033
192	259718
193	237894
194	218852
195	204595
196	192631
197	183063
198	175028
199	166130
200	154909
201	144633
202	132522
203	121323
204	111195
205	102142
206	95548
207	88848
208	83783
209	79115
210	74570
211	69419
212	63825
213	58720
214	53636
215	48806
216	45061
217	42006
218	39196
219	37016
220	34563
221	32150
222	30030
223	27731
224	25443
225	23005
226	21037
227	19553
228	18291
229	16974
230	16070
231	15018
232	13980
233	12943
234	12174
235	10963
236	10026
237	9486
238	8871
239	8454
240	8212
241	7708
242	7301
243	6960
244	6395
245	6283
246	5715
247	6079
248	5108
249	4211
250	4137
251	3898
252	3801
253	3210
254	3289
255	2954

