## htsjdk.samtools.metrics.StringHeader
# CollectInsertSizeMetrics  --Histogram_FILE pandisease.epifluidlab.cchmc.org/results/20200420-week-17/jhu-cfdna-frag/picard_metrics/EGAR00002028092.hg19.insert_size.pdf --INPUT pandisease.epifluidlab.cchmc.org/results/20200420-week-17/jhu-cfdna-frag/filtered_bam/EGAR00002028092.hg19.filtered.bam --OUTPUT pandisease.epifluidlab.cchmc.org/results/20200420-week-17/jhu-cfdna-frag/picard_metrics/EGAR00002028092.hg19.insert_size.txt  --DEVIATIONS 10.0 --MINIMUM_PCT 0.05 --METRIC_ACCUMULATION_LEVEL ALL_READS --INCLUDE_DUPLICATES false --ASSUME_SORTED true --STOP_AFTER 0 --VERBOSITY INFO --QUIET false --VALIDATION_STRINGENCY STRICT --COMPRESSION_LEVEL 5 --MAX_RECORDS_IN_RAM 500000 --CREATE_INDEX false --CREATE_MD5_FILE false --GA4GH_CLIENT_SECRETS client_secrets.json --help false --version false --showHidden false --USE_JDK_DEFLATER false --USE_JDK_INFLATER false
## htsjdk.samtools.metrics.StringHeader
# Started on: Sun May 03 01:58:11 UTC 2020

## METRICS CLASS	picard.analysis.InsertSizeMetrics
MEDIAN_INSERT_SIZE	MODE_INSERT_SIZE	MEDIAN_ABSOLUTE_DEVIATION	MIN_INSERT_SIZE	MAX_INSERT_SIZE	MEAN_INSERT_SIZE	STANDARD_DEVIATION	READ_PAIRS	PAIR_ORIENTATION	WIDTH_OF_10_PERCENT	WIDTH_OF_20_PERCENT	WIDTH_OF_30_PERCENT	WIDTH_OF_40_PERCENT	WIDTH_OF_50_PERCENT	WIDTH_OF_60_PERCENT	WIDTH_OF_70_PERCENT	WIDTH_OF_80_PERCENT	WIDTH_OF_90_PERCENT	WIDTH_OF_95_PERCENT	WIDTH_OF_99_PERCENT	SAMPLE	LIBRARY	READ_GROUP
167	166	11	83	251	166.385614	19.777267	111574845	FR	5	9	13	17	23	29	39	49	67	85	121			

## HISTOGRAM	java.lang.Integer
insert_size	All_Reads.fr_count
83	4
84	7
85	2
86	2
87	305
88	7471
89	8016
90	7978
91	9622
92	8810
93	9224
94	9938
95	9966
96	10727
97	10870
98	11699
99	34030
100	37960
101	41339
102	45464
103	47725
104	47977
105	49083
106	52693
107	58849
108	65842
109	76612
110	89566
111	99552
112	101213
113	94207
114	89935
115	93492
116	103213
117	113650
118	125316
119	139654
120	167443
121	209584
122	246500
123	240984
124	201270
125	170062
126	168092
127	181716
128	204537
129	234934
130	281053
131	353944
132	458109
133	562503
134	581458
135	525012
136	483916
137	516179
138	610673
139	750474
140	906215
141	1023407
142	1053989
143	1045738
144	1055897
145	1076006
146	1081097
147	1108887
148	1167902
149	1246903
150	1332253
151	1437474
152	1529377
153	1529698
154	1476918
155	1481857
156	1571820
157	1729580
158	1920848
159	2114489
160	2252658
161	2340440
162	2436764
163	2638366
164	2948147
165	3226333
166	3324122
167	3299871
168	3209666
169	3076597
170	2897841
171	2707192
172	2553804
173	2459640
174	2404933
175	2356338
176	2281400
177	2162055
178	2004920
179	1839807
180	1674746
181	1519755
182	1386004
183	1277270
184	1186553
185	1120093
186	1065048
187	1014767
188	959598
189	894894
190	825276
191	753616
192	684719
193	624108
194	573316
195	533312
196	499375
197	472999
198	450586
199	427503
200	400738
201	372889
202	342770
203	314334
204	289510
205	266245
206	247132
207	232691
208	220091
209	207739
210	196005
211	182188
212	168908
213	156057
214	141610
215	129710
216	120238
217	111516
218	104879
219	98569
220	93355
221	86802
222	80495
223	74116
224	68840
225	63054
226	57631
227	54169
228	50270
229	47076
230	44765
231	41842
232	39693
233	36200
234	33501
235	31267
236	29285
237	27504
238	26354
239	25278
240	24384
241	26121
242	21312
243	18095
244	17803
245	16288
246	6769
247	6890
248	6075
249	324
250	122
251	103

