## htsjdk.samtools.metrics.StringHeader
# CollectInsertSizeMetrics  --Histogram_FILE pandisease.epifluidlab.cchmc.org/results/20200420-week-17/jhu-cfdna-frag/picard_metrics/EGAR00002028080.hg19.insert_size.pdf --INPUT pandisease.epifluidlab.cchmc.org/results/20200420-week-17/jhu-cfdna-frag/filtered_bam/EGAR00002028080.hg19.filtered.bam --OUTPUT pandisease.epifluidlab.cchmc.org/results/20200420-week-17/jhu-cfdna-frag/picard_metrics/EGAR00002028080.hg19.insert_size.txt  --DEVIATIONS 10.0 --MINIMUM_PCT 0.05 --METRIC_ACCUMULATION_LEVEL ALL_READS --INCLUDE_DUPLICATES false --ASSUME_SORTED true --STOP_AFTER 0 --VERBOSITY INFO --QUIET false --VALIDATION_STRINGENCY STRICT --COMPRESSION_LEVEL 5 --MAX_RECORDS_IN_RAM 500000 --CREATE_INDEX false --CREATE_MD5_FILE false --GA4GH_CLIENT_SECRETS client_secrets.json --help false --version false --showHidden false --USE_JDK_DEFLATER false --USE_JDK_INFLATER false
## htsjdk.samtools.metrics.StringHeader
# Started on: Sun May 03 03:37:28 UTC 2020

## METRICS CLASS	picard.analysis.InsertSizeMetrics
MEDIAN_INSERT_SIZE	MODE_INSERT_SIZE	MEDIAN_ABSOLUTE_DEVIATION	MIN_INSERT_SIZE	MAX_INSERT_SIZE	MEAN_INSERT_SIZE	STANDARD_DEVIATION	READ_PAIRS	PAIR_ORIENTATION	WIDTH_OF_10_PERCENT	WIDTH_OF_20_PERCENT	WIDTH_OF_30_PERCENT	WIDTH_OF_40_PERCENT	WIDTH_OF_50_PERCENT	WIDTH_OF_60_PERCENT	WIDTH_OF_70_PERCENT	WIDTH_OF_80_PERCENT	WIDTH_OF_90_PERCENT	WIDTH_OF_95_PERCENT	WIDTH_OF_99_PERCENT	SAMPLE	LIBRARY	READ_GROUP
169	167	11	84	259	169.370236	19.977805	144089576	FR	5	9	13	17	23	29	37	49	67	85	123			

## HISTOGRAM	java.lang.Integer
insert_size	All_Reads.fr_count
84	62
85	45
86	49
87	4250
88	5156
89	5453
90	6658
91	7635
92	7272
93	7644
94	8183
95	8366
96	8888
97	8777
98	9850
99	26814
100	30768
101	33884
102	35506
103	37894
104	38828
105	38406
106	41485
107	46953
108	53080
109	63883
110	78628
111	90121
112	93864
113	85736
114	80178
115	82119
116	89594
117	100542
118	114040
119	134240
120	169445
121	221789
122	261218
123	256160
124	208125
125	171761
126	165567
127	178518
128	200149
129	230429
130	279957
131	359060
132	474116
133	587351
134	609290
135	537687
136	481109
137	503321
138	598818
139	745056
140	921113
141	1061062
142	1116484
143	1123014
144	1143873
145	1163184
146	1162351
147	1183473
148	1254203
149	1353029
150	1465384
151	1597056
152	1714792
153	1732614
154	1682437
155	1688197
156	1784806
157	1963240
158	2199900
159	2442589
160	2646105
161	2790150
162	2937359
163	3206993
164	3608591
165	3974896
166	4142107
167	4168384
168	4112473
169	4006938
170	3833930
171	3635492
172	3472993
173	3395733
174	3367469
175	3343513
176	3275475
177	3130155
178	2926439
179	2700098
180	2472436
181	2260702
182	2079635
183	1931808
184	1814007
185	1729826
186	1652104
187	1576490
188	1493476
189	1400303
190	1290591
191	1181112
192	1076607
193	989414
194	911167
195	851122
196	800354
197	762732
198	722727
199	682697
200	644164
201	597881
202	552250
203	507489
204	467756
205	431787
206	404639
207	380597
208	358771
209	339387
210	319541
211	299358
212	278495
213	255802
214	235907
215	217631
216	201048
217	186779
218	176404
219	166035
220	156156
221	146433
222	136794
223	126521
224	116680
225	107173
226	99801
227	93205
228	87107
229	82429
230	77855
231	73242
232	68802
233	63983
234	59139
235	54776
236	51616
237	48012
238	45800
239	44239
240	42805
241	40795
242	39224
243	38019
244	35345
245	32656
246	31214
247	32229
248	28025
249	24232
250	23836
251	23365
252	22735
253	20063
254	19654
255	20126
256	18394
257	1345
258	1534
259	1315

