## htsjdk.samtools.metrics.StringHeader
# CollectInsertSizeMetrics  --Histogram_FILE pandisease.epifluidlab.cchmc.org/results/20200420-week-17/jhu-cfdna-frag/picard_metrics/EGAR00002027953.hg19.insert_size.pdf --INPUT pandisease.epifluidlab.cchmc.org/results/20200420-week-17/jhu-cfdna-frag/filtered_bam/EGAR00002027953.hg19.filtered.bam --OUTPUT pandisease.epifluidlab.cchmc.org/results/20200420-week-17/jhu-cfdna-frag/picard_metrics/EGAR00002027953.hg19.insert_size.txt  --DEVIATIONS 10.0 --MINIMUM_PCT 0.05 --METRIC_ACCUMULATION_LEVEL ALL_READS --INCLUDE_DUPLICATES false --ASSUME_SORTED true --STOP_AFTER 0 --VERBOSITY INFO --QUIET false --VALIDATION_STRINGENCY STRICT --COMPRESSION_LEVEL 5 --MAX_RECORDS_IN_RAM 500000 --CREATE_INDEX false --CREATE_MD5_FILE false --GA4GH_CLIENT_SECRETS client_secrets.json --help false --version false --showHidden false --USE_JDK_DEFLATER false --USE_JDK_INFLATER false
## htsjdk.samtools.metrics.StringHeader
# Started on: Sun May 03 15:26:37 UTC 2020

## METRICS CLASS	picard.analysis.InsertSizeMetrics
MEDIAN_INSERT_SIZE	MODE_INSERT_SIZE	MEDIAN_ABSOLUTE_DEVIATION	MIN_INSERT_SIZE	MAX_INSERT_SIZE	MEAN_INSERT_SIZE	STANDARD_DEVIATION	READ_PAIRS	PAIR_ORIENTATION	WIDTH_OF_10_PERCENT	WIDTH_OF_20_PERCENT	WIDTH_OF_30_PERCENT	WIDTH_OF_40_PERCENT	WIDTH_OF_50_PERCENT	WIDTH_OF_60_PERCENT	WIDTH_OF_70_PERCENT	WIDTH_OF_80_PERCENT	WIDTH_OF_90_PERCENT	WIDTH_OF_95_PERCENT	WIDTH_OF_99_PERCENT	SAMPLE	LIBRARY	READ_GROUP
168	167	11	85	249	167.299508	19.890425	32033059	FR	5	9	13	17	23	31	39	49	67	85	121			

## HISTOGRAM	java.lang.Integer
insert_size	All_Reads.fr_count
85	1936
86	2082
87	1846
88	2394
89	2419
90	3005
91	3131
92	2641
93	2787
94	2957
95	3497
96	3751
97	3285
98	3451
99	8286
100	9151
101	10358
102	10795
103	10941
104	11149
105	11086
106	11519
107	12691
108	14601
109	17130
110	20827
111	23273
112	24337
113	22984
114	21650
115	22648
116	24246
117	26875
118	30548
119	35461
120	44657
121	57930
122	69152
123	69745
124	57915
125	47439
126	45513
127	48687
128	53880
129	62486
130	75538
131	97105
132	128317
133	160315
134	169327
135	149553
136	131554
137	134574
138	156610
139	195863
140	242368
141	280777
142	295115
143	294013
144	296439
145	302183
146	299706
147	302035
148	317516
149	339577
150	367762
151	402534
152	432230
153	431949
154	413315
155	407108
156	424605
157	463103
158	517307
159	574606
160	623020
161	651279
162	678028
163	727734
164	806931
165	881372
166	916475
167	920868
168	909631
169	881700
170	835975
171	789051
172	745768
173	724233
174	710548
175	698935
176	681231
177	648051
178	604123
179	558366
180	512190
181	465305
182	425884
183	391176
184	366095
185	344916
186	327850
187	312548
188	296678
189	277665
190	256213
191	234427
192	213275
193	195255
194	178950
195	166340
196	156302
197	148079
198	141416
199	133878
200	126459
201	117425
202	108374
203	99717
204	91370
205	83714
206	78149
207	72458
208	68491
209	65096
210	61571
211	57335
212	53413
213	49021
214	44251
215	40673
216	37074
217	34852
218	32404
219	30579
220	28342
221	26960
222	25057
223	22807
224	21244
225	19240
226	17631
227	16490
228	15246
229	14264
230	13623
231	12724
232	11641
233	11046
234	10325
235	9363
236	8544
237	8038
238	7705
239	7397
240	7080
241	6740
242	6392
243	6178
244	5806
245	6283
246	4938
247	4046
248	4020
249	3556

